,timestamp,open,high,low,close,volume,open_interest,strike,expiry_type,expiry,instrument,contract_type
0,1557998100000,246.45,254.5,240.25,242.55,2325,,11300,weekly,2019-5-30T21:00:00.000,options,call
1,1557998160000,243.65,244.85,241.15,241.5,9975,,11300,weekly,2019-5-30T21:00:00.000,options,call
2,1557998220000,241.5,244.05,241.5,243.95,8850,,11300,weekly,2019-5-30T21:00:00.000,options,call
3,1557998280000,243.95,246.0,242.35,242.35,3675,,11300,weekly,2019-5-30T21:00:00.000,options,call
4,1557998340000,242.35,242.35,239.1,241.0,7950,,11300,weekly,2019-5-30T21:00:00.000,options,call
5,1557998400000,240.5,242.5,237.1,241.0,7650,,11300,weekly,2019-5-30T21:00:00.000,options,call
6,1557998460000,241.0,241.9,240.2,240.65,6825,,11300,weekly,2019-5-30T21:00:00.000,options,call
7,1557998520000,241.45,242.0,238.5,238.5,9075,,11300,weekly,2019-5-30T21:00:00.000,options,call
8,1557998580000,238.5,238.5,236.7,237.5,4500,,11300,weekly,2019-5-30T21:00:00.000,options,call
9,1557998640000,237.5,240.75,237.5,240.0,1275,,11300,weekly,2019-5-30T21:00:00.000,options,call
10,1557998700000,240.0,240.0,239.4,240.0,1350,,11300,weekly,2019-5-30T21:00:00.000,options,call
11,1557998760000,240.0,240.0,238.0,239.45,6675,,11300,weekly,2019-5-30T21:00:00.000,options,call
12,1557998820000,239.45,241.25,239.45,241.25,1050,,11300,weekly,2019-5-30T21:00:00.000,options,call
13,1557998880000,241.25,242.2,240.5,242.2,4725,,11300,weekly,2019-5-30T21:00:00.000,options,call
14,1557998940000,242.2,243.75,241.7,243.05,2250,,11300,weekly,2019-5-30T21:00:00.000,options,call
15,1557999000000,243.05,244.0,242.6,244.0,3375,,11300,weekly,2019-5-30T21:00:00.000,options,call
16,1557999060000,244.0,244.45,243.5,243.7,2475,,11300,weekly,2019-5-30T21:00:00.000,options,call
17,1557999120000,243.7,244.5,243.05,243.25,3900,,11300,weekly,2019-5-30T21:00:00.000,options,call
18,1557999180000,243.25,245.05,243.05,245.05,4650,,11300,weekly,2019-5-30T21:00:00.000,options,call
19,1557999240000,245.05,246.95,244.2,246.05,3375,,11300,weekly,2019-5-30T21:00:00.000,options,call
20,1557999300000,246.8,248.95,246.05,248.95,1125,,11300,weekly,2019-5-30T21:00:00.000,options,call
21,1557999360000,248.2,248.95,247.7,248.5,2775,,11300,weekly,2019-5-30T21:00:00.000,options,call
22,1557999420000,248.5,248.5,247.5,248.0,975,,11300,weekly,2019-5-30T21:00:00.000,options,call
23,1557999480000,248.0,250.05,248.0,248.4,5025,,11300,weekly,2019-5-30T21:00:00.000,options,call
24,1557999540000,248.4,248.4,247.5,247.8,2550,,11300,weekly,2019-5-30T21:00:00.000,options,call
25,1557999600000,246.5,246.5,246.5,246.5,2850,,11300,weekly,2019-5-30T21:00:00.000,options,call
26,1557999660000,247.3,247.4,247.0,247.4,825,,11300,weekly,2019-5-30T21:00:00.000,options,call
27,1557999720000,249.1,250.7,249.1,250.0,1500,,11300,weekly,2019-5-30T21:00:00.000,options,call
28,1557999780000,249.0,249.9,249.0,249.9,450,,11300,weekly,2019-5-30T21:00:00.000,options,call
29,1557999840000,249.85,249.85,248.25,248.25,825,,11300,weekly,2019-5-30T21:00:00.000,options,call
30,1557999900000,247.15,247.15,247.15,247.15,150,,11300,weekly,2019-5-30T21:00:00.000,options,call
31,1558000020000,246.1,246.5,244.7,245.35,3225,,11300,weekly,2019-5-30T21:00:00.000,options,call
32,1558000080000,246.5,246.5,246.5,246.5,75,,11300,weekly,2019-5-30T21:00:00.000,options,call
33,1558000200000,245.55,245.8,244.85,245.8,4125,,11300,weekly,2019-5-30T21:00:00.000,options,call
34,1558000260000,245.8,246.35,245.75,246.0,750,,11300,weekly,2019-5-30T21:00:00.000,options,call
35,1558000320000,246.0,246.5,244.8,246.25,1425,,11300,weekly,2019-5-30T21:00:00.000,options,call
36,1558000380000,245.9,246.35,244.45,245.65,1950,,11300,weekly,2019-5-30T21:00:00.000,options,call
37,1558000440000,244.65,245.8,243.1,243.1,6150,,11300,weekly,2019-5-30T21:00:00.000,options,call
38,1558000500000,243.5,243.5,240.95,241.65,3225,,11300,weekly,2019-5-30T21:00:00.000,options,call
39,1558000560000,242.35,242.7,242.0,242.0,2550,,11300,weekly,2019-5-30T21:00:00.000,options,call
40,1558000620000,243.0,243.85,243.0,243.8,5025,,11300,weekly,2019-5-30T21:00:00.000,options,call
41,1558000680000,243.8,243.8,243.0,243.2,675,,11300,weekly,2019-5-30T21:00:00.000,options,call
42,1558000740000,242.6,243.5,242.6,243.5,3825,,11300,weekly,2019-5-30T21:00:00.000,options,call
43,1558000800000,242.0,242.6,241.85,241.85,450,,11300,weekly,2019-5-30T21:00:00.000,options,call
44,1558000860000,241.55,241.55,240.4,240.6,3075,,11300,weekly,2019-5-30T21:00:00.000,options,call
45,1558000920000,242.0,242.95,242.0,242.95,375,,11300,weekly,2019-5-30T21:00:00.000,options,call
46,1558001040000,241.15,241.65,241.0,241.0,6300,,11300,weekly,2019-5-30T21:00:00.000,options,call
47,1558001100000,240.05,240.05,239.65,240.0,1875,,11300,weekly,2019-5-30T21:00:00.000,options,call
48,1558001220000,242.55,242.55,242.35,242.4,750,,11300,weekly,2019-5-30T21:00:00.000,options,call
49,1558001280000,243.0,243.3,242.1,243.05,3525,,11300,weekly,2019-5-30T21:00:00.000,options,call
50,1558001340000,243.65,244.0,243.2,243.75,450,,11300,weekly,2019-5-30T21:00:00.000,options,call
51,1558001400000,243.4,244.15,243.4,244.15,225,,11300,weekly,2019-5-30T21:00:00.000,options,call
52,1558001460000,244.1,244.1,243.25,243.85,3675,,11300,weekly,2019-5-30T21:00:00.000,options,call
53,1558001520000,243.6,244.05,243.0,244.05,2400,,11300,weekly,2019-5-30T21:00:00.000,options,call
54,1558001580000,243.75,244.9,243.7,244.05,4275,,11300,weekly,2019-5-30T21:00:00.000,options,call
55,1558001640000,244.05,244.45,242.85,242.85,3975,,11300,weekly,2019-5-30T21:00:00.000,options,call
56,1558001700000,242.75,242.75,242.0,242.0,5775,,11300,weekly,2019-5-30T21:00:00.000,options,call
57,1558001760000,243.45,243.55,243.4,243.55,300,,11300,weekly,2019-5-30T21:00:00.000,options,call
58,1558001820000,243.7,243.7,243.55,243.55,150,,11300,weekly,2019-5-30T21:00:00.000,options,call
59,1558001880000,243.0,243.0,242.2,242.25,1425,,11300,weekly,2019-5-30T21:00:00.000,options,call
60,1558001940000,241.55,241.55,241.55,241.55,75,,11300,weekly,2019-5-30T21:00:00.000,options,call
61,1558002000000,242.0,242.4,241.05,241.05,525,,11300,weekly,2019-5-30T21:00:00.000,options,call
62,1558002060000,242.15,242.15,239.95,240.95,3075,,11300,weekly,2019-5-30T21:00:00.000,options,call
63,1558002120000,238.0,240.35,238.0,240.35,7200,,11300,weekly,2019-5-30T21:00:00.000,options,call
64,1558002180000,239.45,239.45,239.45,239.45,600,,11300,weekly,2019-5-30T21:00:00.000,options,call
65,1558002240000,240.5,240.5,238.7,238.7,1875,,11300,weekly,2019-5-30T21:00:00.000,options,call
66,1558002300000,237.6,238.55,236.7,237.4,3525,,11300,weekly,2019-5-30T21:00:00.000,options,call
67,1558002360000,237.65,237.65,235.2,235.2,975,,11300,weekly,2019-5-30T21:00:00.000,options,call
68,1558002420000,235.7,238.0,235.7,238.0,825,,11300,weekly,2019-5-30T21:00:00.000,options,call
69,1558002480000,239.35,239.8,238.05,238.05,1425,,11300,weekly,2019-5-30T21:00:00.000,options,call
70,1558002540000,238.1,238.1,237.65,237.65,3450,,11300,weekly,2019-5-30T21:00:00.000,options,call
71,1558002600000,238.4,238.4,237.75,237.75,525,,11300,weekly,2019-5-30T21:00:00.000,options,call
72,1558002660000,238.15,238.65,237.9,238.65,1875,,11300,weekly,2019-5-30T21:00:00.000,options,call
73,1558002720000,238.6,238.6,236.65,236.65,3750,,11300,weekly,2019-5-30T21:00:00.000,options,call
74,1558002780000,237.05,237.9,237.05,237.9,900,,11300,weekly,2019-5-30T21:00:00.000,options,call
75,1558002840000,237.5,237.5,235.6,236.95,2025,,11300,weekly,2019-5-30T21:00:00.000,options,call
76,1558002900000,237.5,237.5,237.5,237.5,75,,11300,weekly,2019-5-30T21:00:00.000,options,call
77,1558002960000,236.45,238.7,236.4,238.7,7875,,11300,weekly,2019-5-30T21:00:00.000,options,call
78,1558003020000,239.0,239.8,237.5,238.6,3000,,11300,weekly,2019-5-30T21:00:00.000,options,call
79,1558003080000,238.8,238.85,237.3,237.3,2775,,11300,weekly,2019-5-30T21:00:00.000,options,call
80,1558003140000,237.6,238.1,237.25,237.55,4050,,11300,weekly,2019-5-30T21:00:00.000,options,call
81,1558003200000,238.0,239.5,238.0,239.5,525,,11300,weekly,2019-5-30T21:00:00.000,options,call
82,1558003260000,239.85,240.5,239.85,240.05,1350,,11300,weekly,2019-5-30T21:00:00.000,options,call
83,1558003320000,239.15,240.65,239.15,240.65,3075,,11300,weekly,2019-5-30T21:00:00.000,options,call
84,1558003380000,239.05,239.05,237.3,237.3,1425,,11300,weekly,2019-5-30T21:00:00.000,options,call
85,1558003440000,237.8,238.0,236.4,236.4,1500,,11300,weekly,2019-5-30T21:00:00.000,options,call
86,1558003500000,235.95,235.95,234.65,235.0,1800,,11300,weekly,2019-5-30T21:00:00.000,options,call
87,1558003560000,235.7,235.7,234.55,235.25,6300,,11300,weekly,2019-5-30T21:00:00.000,options,call
88,1558003620000,236.0,237.15,236.0,236.2,675,,11300,weekly,2019-5-30T21:00:00.000,options,call
89,1558003680000,236.1,236.1,235.65,235.65,375,,11300,weekly,2019-5-30T21:00:00.000,options,call
90,1558003740000,235.3,235.65,234.75,235.25,600,,11300,weekly,2019-5-30T21:00:00.000,options,call
91,1558003800000,234.7,237.35,234.7,237.35,3600,,11300,weekly,2019-5-30T21:00:00.000,options,call
92,1558003860000,237.35,237.35,236.05,236.9,1575,,11300,weekly,2019-5-30T21:00:00.000,options,call
93,1558003920000,237.5,238.0,236.35,236.45,900,,11300,weekly,2019-5-30T21:00:00.000,options,call
94,1558003980000,236.5,237.9,236.15,237.9,4425,,11300,weekly,2019-5-30T21:00:00.000,options,call
95,1558004040000,238.2,239.25,237.3,237.9,1500,,11300,weekly,2019-5-30T21:00:00.000,options,call
96,1558004160000,239.7,239.7,239.0,239.0,600,,11300,weekly,2019-5-30T21:00:00.000,options,call
97,1558004220000,239.95,239.95,238.6,239.0,3900,,11300,weekly,2019-5-30T21:00:00.000,options,call
98,1558004280000,237.8,238.55,237.3,237.3,5550,,11300,weekly,2019-5-30T21:00:00.000,options,call
99,1558004340000,237.0,237.0,237.0,237.0,75,,11300,weekly,2019-5-30T21:00:00.000,options,call
100,1558004400000,237.35,237.35,236.7,237.1,3675,,11300,weekly,2019-5-30T21:00:00.000,options,call
101,1558004460000,236.0,236.45,235.25,235.35,4725,,11300,weekly,2019-5-30T21:00:00.000,options,call
102,1558004520000,236.0,236.65,236.0,236.65,1725,,11300,weekly,2019-5-30T21:00:00.000,options,call
103,1558004580000,237.0,237.0,235.05,235.95,1800,,11300,weekly,2019-5-30T21:00:00.000,options,call
104,1558004640000,236.0,237.2,235.2,237.2,5175,,11300,weekly,2019-5-30T21:00:00.000,options,call
105,1558004700000,237.25,237.25,236.0,236.0,900,,11300,weekly,2019-5-30T21:00:00.000,options,call
106,1558004760000,236.5,236.5,235.05,236.0,1350,,11300,weekly,2019-5-30T21:00:00.000,options,call
107,1558004820000,234.9,235.9,234.8,235.85,4650,,11300,weekly,2019-5-30T21:00:00.000,options,call
108,1558004880000,235.5,235.8,233.9,234.4,4725,,11300,weekly,2019-5-30T21:00:00.000,options,call
109,1558004940000,233.8,234.7,233.8,234.65,3525,,11300,weekly,2019-5-30T21:00:00.000,options,call
110,1558005000000,234.55,234.55,233.55,233.55,3600,,11300,weekly,2019-5-30T21:00:00.000,options,call
111,1558005060000,233.5,235.0,233.5,235.0,4050,,11300,weekly,2019-5-30T21:00:00.000,options,call
112,1558005120000,234.05,234.05,229.4,231.05,7050,,11300,weekly,2019-5-30T21:00:00.000,options,call
113,1558005180000,232.3,232.95,232.1,232.1,825,,11300,weekly,2019-5-30T21:00:00.000,options,call
114,1558005240000,232.5,234.0,232.5,233.3,6225,,11300,weekly,2019-5-30T21:00:00.000,options,call
115,1558005300000,233.3,234.0,233.0,233.75,4500,,11300,weekly,2019-5-30T21:00:00.000,options,call
116,1558005360000,234.0,234.45,234.0,234.45,225,,11300,weekly,2019-5-30T21:00:00.000,options,call
117,1558005420000,234.6,236.8,234.6,235.65,2325,,11300,weekly,2019-5-30T21:00:00.000,options,call
118,1558005480000,235.65,237.0,235.6,237.0,3450,,11300,weekly,2019-5-30T21:00:00.000,options,call
119,1558005540000,237.0,237.95,237.0,237.45,1500,,11300,weekly,2019-5-30T21:00:00.000,options,call
120,1558005600000,237.5,238.6,237.5,238.55,1800,,11300,weekly,2019-5-30T21:00:00.000,options,call
121,1558005660000,238.55,239.0,237.8,238.35,5625,,11300,weekly,2019-5-30T21:00:00.000,options,call
122,1558005720000,239.0,239.0,238.35,238.5,1500,,11300,weekly,2019-5-30T21:00:00.000,options,call
123,1558005780000,238.9,240.55,238.9,239.3,3525,,11300,weekly,2019-5-30T21:00:00.000,options,call
124,1558005840000,240.25,240.25,240.25,240.25,150,,11300,weekly,2019-5-30T21:00:00.000,options,call
125,1558005900000,238.85,239.0,238.25,238.25,3300,,11300,weekly,2019-5-30T21:00:00.000,options,call
126,1558005960000,238.15,239.15,238.15,239.15,2775,,11300,weekly,2019-5-30T21:00:00.000,options,call
127,1558006020000,239.7,239.7,239.7,239.7,75,,11300,weekly,2019-5-30T21:00:00.000,options,call
128,1558006080000,239.2,242.85,239.1,242.85,4350,,11300,weekly,2019-5-30T21:00:00.000,options,call
129,1558006140000,242.15,242.2,241.85,241.85,1950,,11300,weekly,2019-5-30T21:00:00.000,options,call
130,1558006200000,241.65,243.0,241.65,242.45,3825,,11300,weekly,2019-5-30T21:00:00.000,options,call
131,1558006260000,241.7,243.1,241.7,242.05,3300,,11300,weekly,2019-5-30T21:00:00.000,options,call
132,1558006320000,240.9,241.2,240.85,241.2,3375,,11300,weekly,2019-5-30T21:00:00.000,options,call
133,1558006380000,241.3,241.45,239.7,241.45,3225,,11300,weekly,2019-5-30T21:00:00.000,options,call
134,1558006440000,241.35,241.35,240.1,240.1,450,,11300,weekly,2019-5-30T21:00:00.000,options,call
135,1558006500000,241.35,242.2,241.35,242.05,4500,,11300,weekly,2019-5-30T21:00:00.000,options,call
136,1558006560000,242.25,242.65,241.8,242.0,825,,11300,weekly,2019-5-30T21:00:00.000,options,call
137,1558006620000,241.9,241.9,239.3,239.3,1050,,11300,weekly,2019-5-30T21:00:00.000,options,call
138,1558006680000,239.6,240.2,238.8,238.8,900,,11300,weekly,2019-5-30T21:00:00.000,options,call
139,1558006740000,240.0,241.55,238.65,241.15,4650,,11300,weekly,2019-5-30T21:00:00.000,options,call
140,1558006800000,241.8,243.05,241.8,243.05,2025,,11300,weekly,2019-5-30T21:00:00.000,options,call
141,1558006860000,242.0,243.4,242.0,243.0,7500,,11300,weekly,2019-5-30T21:00:00.000,options,call
142,1558006920000,243.8,244.5,243.3,243.5,8250,,11300,weekly,2019-5-30T21:00:00.000,options,call
143,1558006980000,243.5,245.25,243.5,244.65,3450,,11300,weekly,2019-5-30T21:00:00.000,options,call
144,1558007040000,244.65,244.65,243.1,243.1,2250,,11300,weekly,2019-5-30T21:00:00.000,options,call
145,1558007100000,244.0,245.95,244.0,245.8,450,,11300,weekly,2019-5-30T21:00:00.000,options,call
146,1558007160000,244.35,244.85,243.7,243.7,3300,,11300,weekly,2019-5-30T21:00:00.000,options,call
147,1558007220000,243.05,243.05,242.3,242.3,975,,11300,weekly,2019-5-30T21:00:00.000,options,call
148,1558007280000,243.2,244.0,242.1,242.1,750,,11300,weekly,2019-5-30T21:00:00.000,options,call
149,1558007340000,242.1,242.1,241.0,241.0,7350,,11300,weekly,2019-5-30T21:00:00.000,options,call
150,1558007400000,241.0,241.5,241.0,241.45,450,,11300,weekly,2019-5-30T21:00:00.000,options,call
151,1558007460000,241.0,243.0,241.0,242.85,1425,,11300,weekly,2019-5-30T21:00:00.000,options,call
152,1558007520000,242.55,242.55,242.25,242.25,825,,11300,weekly,2019-5-30T21:00:00.000,options,call
153,1558007580000,241.1,242.1,241.1,241.75,3600,,11300,weekly,2019-5-30T21:00:00.000,options,call
154,1558007640000,242.1,242.1,242.1,242.1,75,,11300,weekly,2019-5-30T21:00:00.000,options,call
155,1558007700000,242.0,242.3,241.6,241.6,900,,11300,weekly,2019-5-30T21:00:00.000,options,call
156,1558007760000,241.9,243.85,241.9,243.85,3450,,11300,weekly,2019-5-30T21:00:00.000,options,call
157,1558007820000,243.2,244.4,243.0,243.85,1125,,11300,weekly,2019-5-30T21:00:00.000,options,call
158,1558007880000,243.7,243.7,243.05,243.05,1425,,11300,weekly,2019-5-30T21:00:00.000,options,call
159,1558007940000,243.5,244.1,241.4,244.1,2625,,11300,weekly,2019-5-30T21:00:00.000,options,call
160,1558008000000,244.1,244.1,243.0,243.95,6000,,11300,weekly,2019-5-30T21:00:00.000,options,call
161,1558008060000,243.2,243.25,242.55,242.95,2175,,11300,weekly,2019-5-30T21:00:00.000,options,call
162,1558008120000,242.0,243.7,242.0,243.2,750,,11300,weekly,2019-5-30T21:00:00.000,options,call
163,1558008180000,243.2,243.2,242.0,242.9,3300,,11300,weekly,2019-5-30T21:00:00.000,options,call
164,1558008240000,242.15,242.15,241.05,241.5,1125,,11300,weekly,2019-5-30T21:00:00.000,options,call
165,1558008300000,241.0,241.0,241.0,241.0,750,,11300,weekly,2019-5-30T21:00:00.000,options,call
166,1558008360000,242.0,242.0,242.0,242.0,450,,11300,weekly,2019-5-30T21:00:00.000,options,call
167,1558008420000,241.1,241.75,241.1,241.25,3300,,11300,weekly,2019-5-30T21:00:00.000,options,call
168,1558008480000,242.2,242.2,242.0,242.0,450,,11300,weekly,2019-5-30T21:00:00.000,options,call
169,1558008540000,242.25,243.9,242.05,243.35,4425,,11300,weekly,2019-5-30T21:00:00.000,options,call
170,1558008600000,241.75,242.25,241.0,242.25,6075,,11300,weekly,2019-5-30T21:00:00.000,options,call
171,1558008660000,242.25,244.7,242.0,243.65,3075,,11300,weekly,2019-5-30T21:00:00.000,options,call
172,1558008720000,243.65,243.75,241.8,242.25,5175,,11300,weekly,2019-5-30T21:00:00.000,options,call
173,1558008780000,242.05,243.6,242.05,243.5,1050,,11300,weekly,2019-5-30T21:00:00.000,options,call
174,1558008840000,243.1,245.0,242.9,243.35,8400,,11300,weekly,2019-5-30T21:00:00.000,options,call
175,1558008900000,243.35,244.1,243.35,243.7,525,,11300,weekly,2019-5-30T21:00:00.000,options,call
176,1558008960000,245.0,247.5,245.0,246.95,4575,,11300,weekly,2019-5-30T21:00:00.000,options,call
177,1558009020000,246.95,248.75,246.55,248.45,10350,,11300,weekly,2019-5-30T21:00:00.000,options,call
178,1558009080000,248.45,248.75,246.5,247.5,2400,,11300,weekly,2019-5-30T21:00:00.000,options,call
179,1558009140000,246.95,247.0,245.5,245.5,2250,,11300,weekly,2019-5-30T21:00:00.000,options,call
180,1558009200000,245.5,247.0,245.5,246.65,600,,11300,weekly,2019-5-30T21:00:00.000,options,call
181,1558009260000,246.65,247.35,246.05,246.2,4200,,11300,weekly,2019-5-30T21:00:00.000,options,call
182,1558009320000,246.2,246.2,242.9,242.9,2775,,11300,weekly,2019-5-30T21:00:00.000,options,call
183,1558009380000,242.9,242.9,241.25,241.45,1800,,11300,weekly,2019-5-30T21:00:00.000,options,call
184,1558009440000,242.25,244.1,241.2,242.65,5475,,11300,weekly,2019-5-30T21:00:00.000,options,call
185,1558009500000,242.25,243.1,242.25,242.8,1275,,11300,weekly,2019-5-30T21:00:00.000,options,call
186,1558009560000,242.9,243.55,242.45,242.45,225,,11300,weekly,2019-5-30T21:00:00.000,options,call
187,1558009620000,243.55,243.55,242.0,242.8,1050,,11300,weekly,2019-5-30T21:00:00.000,options,call
188,1558009680000,241.85,241.85,240.05,241.0,3150,,11300,weekly,2019-5-30T21:00:00.000,options,call
189,1558009740000,241.25,241.25,241.0,241.0,375,,11300,weekly,2019-5-30T21:00:00.000,options,call
190,1558009800000,239.2,240.4,238.75,239.85,2325,,11300,weekly,2019-5-30T21:00:00.000,options,call
191,1558009860000,239.2,240.05,238.55,239.75,5775,,11300,weekly,2019-5-30T21:00:00.000,options,call
192,1558009920000,239.7,242.45,239.7,242.45,2100,,11300,weekly,2019-5-30T21:00:00.000,options,call
193,1558009980000,242.95,243.0,242.65,242.65,825,,11300,weekly,2019-5-30T21:00:00.000,options,call
194,1558010040000,243.3,243.3,241.9,241.9,675,,11300,weekly,2019-5-30T21:00:00.000,options,call
195,1558010100000,242.0,242.85,241.6,242.7,5175,,11300,weekly,2019-5-30T21:00:00.000,options,call
196,1558010160000,242.8,243.45,242.75,243.45,375,,11300,weekly,2019-5-30T21:00:00.000,options,call
197,1558010220000,245.0,245.25,244.6,244.7,2475,,11300,weekly,2019-5-30T21:00:00.000,options,call
198,1558010280000,243.55,243.55,241.75,241.75,2400,,11300,weekly,2019-5-30T21:00:00.000,options,call
199,1558010340000,242.35,242.9,242.35,242.9,2025,,11300,weekly,2019-5-30T21:00:00.000,options,call
200,1558010400000,242.75,242.75,240.35,240.35,1200,,11300,weekly,2019-5-30T21:00:00.000,options,call
201,1558010460000,240.15,240.45,238.75,240.45,1125,,11300,weekly,2019-5-30T21:00:00.000,options,call
202,1558010520000,239.6,241.6,239.6,241.15,3675,,11300,weekly,2019-5-30T21:00:00.000,options,call
203,1558010580000,241.6,242.9,241.25,241.45,3525,,11300,weekly,2019-5-30T21:00:00.000,options,call
204,1558010640000,241.45,241.45,240.5,240.5,1350,,11300,weekly,2019-5-30T21:00:00.000,options,call
205,1558010700000,240.0,240.95,239.55,240.95,2400,,11300,weekly,2019-5-30T21:00:00.000,options,call
206,1558010760000,240.85,241.0,238.55,238.55,2625,,11300,weekly,2019-5-30T21:00:00.000,options,call
207,1558010820000,239.5,239.5,237.05,237.8,2025,,11300,weekly,2019-5-30T21:00:00.000,options,call
208,1558010880000,237.75,238.3,236.0,238.3,3300,,11300,weekly,2019-5-30T21:00:00.000,options,call
209,1558010940000,237.85,238.35,236.5,236.5,2325,,11300,weekly,2019-5-30T21:00:00.000,options,call
210,1558011000000,236.9,237.0,234.85,236.6,2100,,11300,weekly,2019-5-30T21:00:00.000,options,call
211,1558011060000,236.5,236.75,236.15,236.4,1050,,11300,weekly,2019-5-30T21:00:00.000,options,call
212,1558011120000,237.45,238.3,237.45,238.3,375,,11300,weekly,2019-5-30T21:00:00.000,options,call
213,1558011180000,239.5,239.5,237.95,237.95,975,,11300,weekly,2019-5-30T21:00:00.000,options,call
214,1558011240000,237.0,237.95,237.0,237.85,975,,11300,weekly,2019-5-30T21:00:00.000,options,call
215,1558011300000,236.4,236.95,234.5,235.55,4575,,11300,weekly,2019-5-30T21:00:00.000,options,call
216,1558011360000,234.3,234.5,231.65,232.0,6900,,11300,weekly,2019-5-30T21:00:00.000,options,call
217,1558011420000,231.6,233.0,231.6,232.2,8025,,11300,weekly,2019-5-30T21:00:00.000,options,call
218,1558011480000,232.6,232.85,230.85,230.85,4350,,11300,weekly,2019-5-30T21:00:00.000,options,call
219,1558011540000,229.85,229.9,228.45,229.8,8850,,11300,weekly,2019-5-30T21:00:00.000,options,call
220,1558011600000,228.4,229.55,227.75,228.8,5625,,11300,weekly,2019-5-30T21:00:00.000,options,call
221,1558011660000,228.8,229.95,228.25,229.95,7275,,11300,weekly,2019-5-30T21:00:00.000,options,call
222,1558011720000,230.0,232.15,230.0,232.15,2025,,11300,weekly,2019-5-30T21:00:00.000,options,call
223,1558011780000,231.55,231.55,230.85,230.85,1725,,11300,weekly,2019-5-30T21:00:00.000,options,call
224,1558011840000,230.8,230.8,230.0,230.0,525,,11300,weekly,2019-5-30T21:00:00.000,options,call
225,1558011900000,229.0,229.35,227.85,228.9,5250,,11300,weekly,2019-5-30T21:00:00.000,options,call
226,1558011960000,230.45,232.5,230.0,232.5,1575,,11300,weekly,2019-5-30T21:00:00.000,options,call
227,1558012020000,232.5,234.0,232.5,234.0,5700,,11300,weekly,2019-5-30T21:00:00.000,options,call
228,1558012080000,233.7,234.6,233.15,234.6,1575,,11300,weekly,2019-5-30T21:00:00.000,options,call
229,1558012140000,235.0,237.6,234.9,235.2,12225,,11300,weekly,2019-5-30T21:00:00.000,options,call
230,1558012200000,234.9,234.9,233.0,233.05,3675,,11300,weekly,2019-5-30T21:00:00.000,options,call
231,1558012260000,234.35,234.35,232.05,233.35,3675,,11300,weekly,2019-5-30T21:00:00.000,options,call
232,1558012320000,232.7,232.75,230.8,231.0,1350,,11300,weekly,2019-5-30T21:00:00.000,options,call
233,1558012380000,231.65,232.0,230.15,231.5,1950,,11300,weekly,2019-5-30T21:00:00.000,options,call
234,1558012440000,231.0,231.0,230.25,230.25,600,,11300,weekly,2019-5-30T21:00:00.000,options,call
235,1558012500000,230.1,231.7,230.1,231.7,1125,,11300,weekly,2019-5-30T21:00:00.000,options,call
236,1558012560000,232.4,232.85,232.0,232.5,1200,,11300,weekly,2019-5-30T21:00:00.000,options,call
237,1558012620000,231.7,231.7,230.0,230.2,1500,,11300,weekly,2019-5-30T21:00:00.000,options,call
238,1558012740000,231.05,231.05,231.05,231.05,75,,11300,weekly,2019-5-30T21:00:00.000,options,call
239,1558012800000,231.5,231.95,231.5,231.9,1575,,11300,weekly,2019-5-30T21:00:00.000,options,call
240,1558012860000,235.35,235.35,233.2,233.85,3375,,11300,weekly,2019-5-30T21:00:00.000,options,call
241,1558012920000,234.0,235.0,233.95,235.0,2625,,11300,weekly,2019-5-30T21:00:00.000,options,call
242,1558012980000,232.7,235.0,232.7,234.65,1275,,11300,weekly,2019-5-30T21:00:00.000,options,call
243,1558013040000,234.65,236.65,234.3,234.9,3525,,11300,weekly,2019-5-30T21:00:00.000,options,call
244,1558013100000,234.1,235.75,233.75,235.0,2625,,11300,weekly,2019-5-30T21:00:00.000,options,call
245,1558013160000,235.5,235.55,231.7,231.95,3150,,11300,weekly,2019-5-30T21:00:00.000,options,call
246,1558013220000,231.3,233.8,231.3,233.8,900,,11300,weekly,2019-5-30T21:00:00.000,options,call
247,1558013280000,233.0,233.7,232.6,233.5,2475,,11300,weekly,2019-5-30T21:00:00.000,options,call
248,1558013340000,233.45,234.35,233.45,234.35,525,,11300,weekly,2019-5-30T21:00:00.000,options,call
249,1558013400000,232.5,232.5,230.65,231.0,4125,,11300,weekly,2019-5-30T21:00:00.000,options,call
250,1558013460000,231.0,233.1,231.0,233.1,900,,11300,weekly,2019-5-30T21:00:00.000,options,call
251,1558013520000,233.25,233.25,231.9,232.75,600,,11300,weekly,2019-5-30T21:00:00.000,options,call
252,1558013580000,231.75,233.0,231.55,232.95,2025,,11300,weekly,2019-5-30T21:00:00.000,options,call
253,1558013640000,232.5,233.0,228.45,230.0,6750,,11300,weekly,2019-5-30T21:00:00.000,options,call
254,1558013700000,230.3,234.7,229.7,234.25,3225,,11300,weekly,2019-5-30T21:00:00.000,options,call
255,1558013760000,234.8,236.2,234.75,235.05,1950,,11300,weekly,2019-5-30T21:00:00.000,options,call
256,1558013820000,234.4,235.55,232.6,232.6,825,,11300,weekly,2019-5-30T21:00:00.000,options,call
257,1558013880000,233.25,234.7,232.8,233.9,1650,,11300,weekly,2019-5-30T21:00:00.000,options,call
258,1558013940000,233.9,235.1,233.9,234.55,825,,11300,weekly,2019-5-30T21:00:00.000,options,call
259,1558014000000,234.7,236.0,233.4,233.4,2250,,11300,weekly,2019-5-30T21:00:00.000,options,call
260,1558014060000,233.05,233.35,231.2,233.25,3525,,11300,weekly,2019-5-30T21:00:00.000,options,call
261,1558014120000,231.85,232.95,231.3,232.0,1575,,11300,weekly,2019-5-30T21:00:00.000,options,call
262,1558014180000,231.3,232.05,230.8,231.4,1200,,11300,weekly,2019-5-30T21:00:00.000,options,call
263,1558014240000,233.6,234.1,233.15,233.15,2175,,11300,weekly,2019-5-30T21:00:00.000,options,call
264,1558014300000,232.85,232.95,232.25,232.95,825,,11300,weekly,2019-5-30T21:00:00.000,options,call
265,1558014360000,233.95,234.0,233.2,233.35,1275,,11300,weekly,2019-5-30T21:00:00.000,options,call
266,1558014420000,234.0,235.65,234.0,234.6,4725,,11300,weekly,2019-5-30T21:00:00.000,options,call
267,1558014480000,235.35,235.35,234.65,235.15,1350,,11300,weekly,2019-5-30T21:00:00.000,options,call
268,1558014540000,235.85,236.75,235.15,236.75,1050,,11300,weekly,2019-5-30T21:00:00.000,options,call
269,1558014600000,234.85,234.85,234.75,234.75,900,,11300,weekly,2019-5-30T21:00:00.000,options,call
270,1558014660000,236.85,241.55,236.85,240.0,5100,,11300,weekly,2019-5-30T21:00:00.000,options,call
271,1558014720000,240.1,252.8,240.1,250.35,25200,,11300,weekly,2019-5-30T21:00:00.000,options,call
272,1558014780000,250.25,256.55,249.15,253.85,14250,,11300,weekly,2019-5-30T21:00:00.000,options,call
273,1558014840000,252.7,252.95,249.6,250.35,10050,,11300,weekly,2019-5-30T21:00:00.000,options,call
274,1558014900000,250.8,254.05,250.3,251.4,7950,,11300,weekly,2019-5-30T21:00:00.000,options,call
275,1558014960000,250.6,250.85,245.2,245.95,6750,,11300,weekly,2019-5-30T21:00:00.000,options,call
276,1558015020000,247.0,251.8,247.0,251.1,2400,,11300,weekly,2019-5-30T21:00:00.000,options,call
277,1558015080000,250.1,253.0,249.05,252.7,4800,,11300,weekly,2019-5-30T21:00:00.000,options,call
278,1558015140000,253.0,253.2,251.0,251.25,6075,,11300,weekly,2019-5-30T21:00:00.000,options,call
279,1558015200000,251.5,252.0,250.4,251.4,7875,,11300,weekly,2019-5-30T21:00:00.000,options,call
280,1558015260000,250.95,251.55,249.6,251.55,4875,,11300,weekly,2019-5-30T21:00:00.000,options,call
281,1558015320000,251.55,254.2,251.55,252.85,3150,,11300,weekly,2019-5-30T21:00:00.000,options,call
282,1558015380000,252.85,254.0,252.55,254.0,2100,,11300,weekly,2019-5-30T21:00:00.000,options,call
283,1558015440000,254.0,258.0,252.3,258.0,3450,,11300,weekly,2019-5-30T21:00:00.000,options,call
284,1558015500000,258.0,260.7,257.3,260.0,5550,,11300,weekly,2019-5-30T21:00:00.000,options,call
285,1558015560000,259.6,260.4,258.15,259.95,2325,,11300,weekly,2019-5-30T21:00:00.000,options,call
286,1558015620000,263.05,263.25,261.0,262.75,4800,,11300,weekly,2019-5-30T21:00:00.000,options,call
287,1558015680000,262.7,264.0,260.95,264.0,2550,,11300,weekly,2019-5-30T21:00:00.000,options,call
288,1558015740000,264.6,265.15,262.4,264.15,3525,,11300,weekly,2019-5-30T21:00:00.000,options,call
289,1558015800000,264.15,267.0,263.7,264.65,4875,,11300,weekly,2019-5-30T21:00:00.000,options,call
290,1558015860000,264.65,266.0,263.8,263.8,2550,,11300,weekly,2019-5-30T21:00:00.000,options,call
291,1558015920000,263.05,269.3,263.05,269.3,3150,,11300,weekly,2019-5-30T21:00:00.000,options,call
292,1558015980000,269.1,269.1,265.65,265.85,3450,,11300,weekly,2019-5-30T21:00:00.000,options,call
293,1558016040000,267.2,268.0,266.0,266.05,5550,,11300,weekly,2019-5-30T21:00:00.000,options,call
294,1558016100000,266.05,267.0,263.75,265.0,2400,,11300,weekly,2019-5-30T21:00:00.000,options,call
295,1558016160000,264.0,264.0,260.05,260.05,1425,,11300,weekly,2019-5-30T21:00:00.000,options,call
296,1558016220000,260.0,262.35,259.5,262.35,2025,,11300,weekly,2019-5-30T21:00:00.000,options,call
297,1558016280000,264.0,266.3,264.0,265.8,1725,,11300,weekly,2019-5-30T21:00:00.000,options,call
298,1558016340000,265.0,267.0,265.0,266.7,3150,,11300,weekly,2019-5-30T21:00:00.000,options,call
299,1558016400000,266.7,266.85,264.4,265.05,2775,,11300,weekly,2019-5-30T21:00:00.000,options,call
300,1558016460000,263.55,263.75,260.9,261.5,2100,,11300,weekly,2019-5-30T21:00:00.000,options,call
301,1558016520000,259.3,263.75,257.9,263.75,1575,,11300,weekly,2019-5-30T21:00:00.000,options,call
302,1558016580000,263.05,263.05,261.55,261.7,825,,11300,weekly,2019-5-30T21:00:00.000,options,call
303,1558016640000,262.9,264.8,261.7,264.0,12600,,11300,weekly,2019-5-30T21:00:00.000,options,call
304,1558016700000,264.5,266.85,264.2,265.8,4275,,11300,weekly,2019-5-30T21:00:00.000,options,call
305,1558016760000,265.9,266.5,264.35,266.45,5925,,11300,weekly,2019-5-30T21:00:00.000,options,call
306,1558016820000,266.0,268.1,266.0,267.75,2400,,11300,weekly,2019-5-30T21:00:00.000,options,call
307,1558016880000,267.45,269.0,266.65,269.0,2100,,11300,weekly,2019-5-30T21:00:00.000,options,call
308,1558016940000,268.95,273.85,268.95,271.0,8100,,11300,weekly,2019-5-30T21:00:00.000,options,call
309,1558017000000,271.0,280.4,270.65,279.45,23400,,11300,weekly,2019-5-30T21:00:00.000,options,call
310,1558017060000,279.45,281.0,275.95,277.8,15900,,11300,weekly,2019-5-30T21:00:00.000,options,call
311,1558017120000,278.75,279.15,276.05,276.6,8025,,11300,weekly,2019-5-30T21:00:00.000,options,call
312,1558017180000,277.65,281.25,276.0,279.9,7875,,11300,weekly,2019-5-30T21:00:00.000,options,call
313,1558017240000,279.15,280.6,276.5,276.5,4800,,11300,weekly,2019-5-30T21:00:00.000,options,call
314,1558017300000,277.5,277.5,271.5,271.5,3600,,11300,weekly,2019-5-30T21:00:00.000,options,call
315,1558017360000,272.95,275.6,272.7,272.7,6300,,11300,weekly,2019-5-30T21:00:00.000,options,call
316,1558017420000,272.6,277.0,272.45,275.35,4500,,11300,weekly,2019-5-30T21:00:00.000,options,call
317,1558017480000,276.5,276.95,273.15,276.3,9450,,11300,weekly,2019-5-30T21:00:00.000,options,call
318,1558017540000,276.3,278.45,275.65,278.45,2100,,11300,weekly,2019-5-30T21:00:00.000,options,call
319,1558017600000,278.45,279.0,275.3,277.0,2925,,11300,weekly,2019-5-30T21:00:00.000,options,call
320,1558017660000,277.0,277.0,275.5,277.0,1575,,11300,weekly,2019-5-30T21:00:00.000,options,call
321,1558017720000,277.0,277.4,271.5,271.65,1125,,11300,weekly,2019-5-30T21:00:00.000,options,call
322,1558017780000,271.0,271.0,264.65,266.55,3675,,11300,weekly,2019-5-30T21:00:00.000,options,call
323,1558017840000,266.0,269.75,266.0,266.4,6450,,11300,weekly,2019-5-30T21:00:00.000,options,call
324,1558017900000,266.35,268.0,262.6,267.25,6450,,11300,weekly,2019-5-30T21:00:00.000,options,call
325,1558017960000,267.4,267.4,265.5,265.5,2775,,11300,weekly,2019-5-30T21:00:00.000,options,call
326,1558018020000,264.4,265.85,262.6,265.0,1125,,11300,weekly,2019-5-30T21:00:00.000,options,call
327,1558018080000,266.45,266.95,263.9,266.35,1800,,11300,weekly,2019-5-30T21:00:00.000,options,call
328,1558018140000,265.6,265.7,257.0,257.8,7950,,11300,weekly,2019-5-30T21:00:00.000,options,call
329,1558018200000,258.65,262.45,258.1,262.45,4125,,11300,weekly,2019-5-30T21:00:00.000,options,call
330,1558018260000,260.75,260.9,257.55,259.45,13575,,11300,weekly,2019-5-30T21:00:00.000,options,call
331,1558018320000,257.05,258.55,255.9,258.55,10950,,11300,weekly,2019-5-30T21:00:00.000,options,call
332,1558018380000,259.7,259.9,256.15,256.35,15150,,11300,weekly,2019-5-30T21:00:00.000,options,call
333,1558018440000,256.6,257.5,255.5,255.8,3825,,11300,weekly,2019-5-30T21:00:00.000,options,call
334,1558018500000,257.0,264.0,257.0,264.0,5400,,11300,weekly,2019-5-30T21:00:00.000,options,call
335,1558018560000,264.25,264.25,261.05,261.05,7350,,11300,weekly,2019-5-30T21:00:00.000,options,call
336,1558018620000,261.7,262.05,260.45,260.45,900,,11300,weekly,2019-5-30T21:00:00.000,options,call
337,1558018680000,258.55,260.05,258.55,260.05,300,,11300,weekly,2019-5-30T21:00:00.000,options,call
338,1558018740000,259.6,261.5,259.0,260.15,8250,,11300,weekly,2019-5-30T21:00:00.000,options,call
339,1558018800000,259.5,260.0,254.3,257.05,1950,,11300,weekly,2019-5-30T21:00:00.000,options,call
340,1558018860000,259.5,268.45,259.5,266.25,16875,,11300,weekly,2019-5-30T21:00:00.000,options,call
341,1558018920000,266.55,269.0,263.55,268.55,4950,,11300,weekly,2019-5-30T21:00:00.000,options,call
342,1558018980000,266.5,271.7,266.0,270.0,1950,,11300,weekly,2019-5-30T21:00:00.000,options,call
343,1558019040000,270.0,270.0,266.0,267.7,6900,,11300,weekly,2019-5-30T21:00:00.000,options,call
344,1558019100000,266.0,267.5,265.3,266.1,2250,,11300,weekly,2019-5-30T21:00:00.000,options,call
345,1558019160000,266.15,266.15,264.65,265.4,1350,,11300,weekly,2019-5-30T21:00:00.000,options,call
346,1558019220000,265.75,267.0,265.75,266.5,1350,,11300,weekly,2019-5-30T21:00:00.000,options,call
347,1558019280000,267.0,268.4,265.7,267.9,2850,,11300,weekly,2019-5-30T21:00:00.000,options,call
348,1558019340000,267.6,267.6,265.5,265.5,675,,11300,weekly,2019-5-30T21:00:00.000,options,call
349,1558019400000,265.1,269.2,265.1,269.2,1800,,11300,weekly,2019-5-30T21:00:00.000,options,call
350,1558019460000,269.45,273.95,269.0,273.85,7200,,11300,weekly,2019-5-30T21:00:00.000,options,call
351,1558019520000,273.85,279.75,273.85,279.0,4650,,11300,weekly,2019-5-30T21:00:00.000,options,call
352,1558019580000,277.75,277.9,274.95,276.45,4650,,11300,weekly,2019-5-30T21:00:00.000,options,call
353,1558019640000,277.15,279.75,277.15,277.55,7350,,11300,weekly,2019-5-30T21:00:00.000,options,call
354,1558019700000,278.0,283.9,277.55,283.6,14250,,11300,weekly,2019-5-30T21:00:00.000,options,call
355,1558019760000,283.6,288.45,282.5,288.45,12750,,11300,weekly,2019-5-30T21:00:00.000,options,call
356,1558019820000,288.25,291.95,288.2,290.7,9900,,11300,weekly,2019-5-30T21:00:00.000,options,call
357,1558019880000,289.95,291.5,289.1,290.75,11025,,11300,weekly,2019-5-30T21:00:00.000,options,call
358,1558019940000,290.75,291.8,290.0,290.0,9750,,11300,weekly,2019-5-30T21:00:00.000,options,call
359,1558020000000,290.0,291.5,289.0,289.6,12975,,11300,weekly,2019-5-30T21:00:00.000,options,call
360,1558020060000,289.05,290.0,287.1,287.5,5100,,11300,weekly,2019-5-30T21:00:00.000,options,call
361,1558020120000,288.0,289.05,287.45,289.05,12675,,11300,weekly,2019-5-30T21:00:00.000,options,call
362,1558020180000,289.95,290.25,288.75,290.1,3300,,11300,weekly,2019-5-30T21:00:00.000,options,call
363,1558020240000,290.65,293.2,290.65,292.3,15825,,11300,weekly,2019-5-30T21:00:00.000,options,call
364,1558020300000,292.55,293.8,291.3,293.8,4425,,11300,weekly,2019-5-30T21:00:00.000,options,call
365,1558020360000,293.0,294.5,292.55,293.55,6600,,11300,weekly,2019-5-30T21:00:00.000,options,call
366,1558020420000,294.1,294.9,292.6,293.5,9375,,11300,weekly,2019-5-30T21:00:00.000,options,call
367,1558020480000,293.05,293.8,292.05,293.0,10425,,11300,weekly,2019-5-30T21:00:00.000,options,call
368,1558020540000,292.5,294.0,292.0,292.0,4950,,11300,weekly,2019-5-30T21:00:00.000,options,call
