,timestamp,open,high,low,close,volume,open_interest,strike,expiry_type,expiry,instrument,contract_type
0,1663060500000,474.45,489.75,471.8,479.85,7100,50300,18500,weekly,2022-9-15T21:00:00.000,options,put
1,1663060560000,479.0,483.9,474.1,474.6,2500,50300,18500,weekly,2022-9-15T21:00:00.000,options,put
2,1663060620000,470.0,479.2,470.0,479.2,250,52600,18500,weekly,2022-9-15T21:00:00.000,options,put
3,1663060680000,475.0,475.0,474.0,475.0,600,52600,18500,weekly,2022-9-15T21:00:00.000,options,put
4,1663060740000,472.0,479.9,472.0,472.0,3150,52600,18500,weekly,2022-9-15T21:00:00.000,options,put
5,1663060800000,472.0,472.35,463.0,464.1,1900,55100,18500,weekly,2022-9-15T21:00:00.000,options,put
6,1663060860000,464.1,465.15,461.0,464.1,1450,55100,18500,weekly,2022-9-15T21:00:00.000,options,put
7,1663060920000,464.45,465.95,462.75,462.75,1000,55100,18500,weekly,2022-9-15T21:00:00.000,options,put
8,1663060980000,462.75,462.75,462.75,462.75,200,56100,18500,weekly,2022-9-15T21:00:00.000,options,put
9,1663061040000,462.35,462.35,455.0,461.6,2700,56100,18500,weekly,2022-9-15T21:00:00.000,options,put
10,1663061100000,455.8,461.4,452.5,460.05,5700,56100,18500,weekly,2022-9-15T21:00:00.000,options,put
11,1663061160000,460.05,460.05,457.0,458.2,600,58950,18500,weekly,2022-9-15T21:00:00.000,options,put
12,1663061220000,455.45,455.45,452.5,454.0,6500,58950,18500,weekly,2022-9-15T21:00:00.000,options,put
13,1663061280000,454.9,459.0,454.9,459.0,1550,58950,18500,weekly,2022-9-15T21:00:00.000,options,put
14,1663061340000,458.7,460.0,456.75,459.7,2650,59900,18500,weekly,2022-9-15T21:00:00.000,options,put
15,1663061400000,458.0,458.0,451.0,451.0,3700,59900,18500,weekly,2022-9-15T21:00:00.000,options,put
16,1663061460000,452.15,453.5,446.55,450.15,3200,59900,18500,weekly,2022-9-15T21:00:00.000,options,put
17,1663061520000,450.15,452.7,448.0,451.15,1900,61050,18500,weekly,2022-9-15T21:00:00.000,options,put
18,1663061580000,449.0,454.45,448.0,454.25,3000,61050,18500,weekly,2022-9-15T21:00:00.000,options,put
19,1663061640000,455.0,457.4,453.85,453.85,850,61050,18500,weekly,2022-9-15T21:00:00.000,options,put
20,1663061700000,453.2,453.2,446.65,451.15,2400,59750,18500,weekly,2022-9-15T21:00:00.000,options,put
21,1663061760000,449.9,452.6,449.9,452.6,450,59750,18500,weekly,2022-9-15T21:00:00.000,options,put
22,1663061820000,451.95,453.55,451.0,452.15,2400,59750,18500,weekly,2022-9-15T21:00:00.000,options,put
23,1663061880000,452.15,452.15,449.55,451.95,300,60800,18500,weekly,2022-9-15T21:00:00.000,options,put
24,1663061940000,452.35,452.35,451.0,451.0,800,60800,18500,weekly,2022-9-15T21:00:00.000,options,put
25,1663062000000,450.8,450.8,442.25,442.25,1550,60800,18500,weekly,2022-9-15T21:00:00.000,options,put
26,1663062060000,442.0,442.0,437.7,439.35,5150,64000,18500,weekly,2022-9-15T21:00:00.000,options,put
27,1663062120000,439.0,442.15,438.0,442.15,2250,64000,18500,weekly,2022-9-15T21:00:00.000,options,put
28,1663062180000,440.0,440.4,439.0,440.4,200,64000,18500,weekly,2022-9-15T21:00:00.000,options,put
29,1663062240000,439.5,440.6,439.5,439.55,1300,66100,18500,weekly,2022-9-15T21:00:00.000,options,put
30,1663062300000,438.8,439.75,437.95,439.4,2950,66100,18500,weekly,2022-9-15T21:00:00.000,options,put
31,1663062360000,441.0,441.0,440.25,440.25,350,66100,18500,weekly,2022-9-15T21:00:00.000,options,put
32,1663062420000,440.25,443.0,440.25,442.3,850,64800,18500,weekly,2022-9-15T21:00:00.000,options,put
33,1663062480000,442.3,442.3,439.9,441.7,650,64800,18500,weekly,2022-9-15T21:00:00.000,options,put
34,1663062540000,442.0,445.0,442.0,444.55,2550,64800,18500,weekly,2022-9-15T21:00:00.000,options,put
35,1663062600000,444.7,447.85,444.0,447.85,600,63600,18500,weekly,2022-9-15T21:00:00.000,options,put
36,1663062660000,447.85,450.0,442.25,442.25,5250,63600,18500,weekly,2022-9-15T21:00:00.000,options,put
37,1663062720000,444.35,447.3,443.15,443.15,1150,63600,18500,weekly,2022-9-15T21:00:00.000,options,put
38,1663062780000,443.15,447.25,443.15,447.25,300,62350,18500,weekly,2022-9-15T21:00:00.000,options,put
39,1663062840000,447.4,447.4,438.45,438.45,1650,62350,18500,weekly,2022-9-15T21:00:00.000,options,put
40,1663062900000,437.1,437.55,432.45,436.65,4650,62350,18500,weekly,2022-9-15T21:00:00.000,options,put
41,1663062960000,435.4,443.0,435.4,443.0,950,63350,18500,weekly,2022-9-15T21:00:00.000,options,put
42,1663063020000,443.0,443.0,437.0,437.0,300,63350,18500,weekly,2022-9-15T21:00:00.000,options,put
43,1663063080000,437.0,440.45,437.0,440.45,350,63350,18500,weekly,2022-9-15T21:00:00.000,options,put
44,1663063140000,440.45,444.0,440.45,444.0,900,63150,18500,weekly,2022-9-15T21:00:00.000,options,put
45,1663063200000,440.25,440.25,437.3,440.0,1950,63150,18500,weekly,2022-9-15T21:00:00.000,options,put
46,1663063260000,443.25,443.25,439.8,439.8,1200,63150,18500,weekly,2022-9-15T21:00:00.000,options,put
47,1663063320000,439.0,439.0,439.0,439.0,50,63150,18500,weekly,2022-9-15T21:00:00.000,options,put
48,1663063380000,442.05,442.05,441.25,441.25,150,64250,18500,weekly,2022-9-15T21:00:00.000,options,put
49,1663063440000,441.25,444.0,441.25,444.0,350,64250,18500,weekly,2022-9-15T21:00:00.000,options,put
50,1663063500000,441.4,447.15,441.4,443.5,500,63950,18500,weekly,2022-9-15T21:00:00.000,options,put
51,1663063560000,444.0,444.7,444.0,444.7,200,63950,18500,weekly,2022-9-15T21:00:00.000,options,put
52,1663063620000,441.8,441.8,440.0,440.0,300,63950,18500,weekly,2022-9-15T21:00:00.000,options,put
53,1663063680000,442.7,442.7,441.35,442.5,1200,65050,18500,weekly,2022-9-15T21:00:00.000,options,put
54,1663063740000,443.6,443.6,442.35,442.35,150,65050,18500,weekly,2022-9-15T21:00:00.000,options,put
55,1663063800000,444.75,444.75,441.2,441.2,250,65050,18500,weekly,2022-9-15T21:00:00.000,options,put
56,1663063860000,442.0,442.0,440.05,440.05,450,65100,18500,weekly,2022-9-15T21:00:00.000,options,put
57,1663063920000,440.05,440.9,440.05,440.9,350,65100,18500,weekly,2022-9-15T21:00:00.000,options,put
58,1663063980000,440.3,441.15,439.95,439.95,350,65100,18500,weekly,2022-9-15T21:00:00.000,options,put
59,1663064040000,439.0,439.0,436.4,436.4,700,65450,18500,weekly,2022-9-15T21:00:00.000,options,put
60,1663064100000,436.35,436.35,432.05,432.05,2000,65450,18500,weekly,2022-9-15T21:00:00.000,options,put
61,1663064160000,432.05,434.1,432.0,434.0,450,65450,18500,weekly,2022-9-15T21:00:00.000,options,put
62,1663064220000,431.95,433.75,431.25,433.75,550,65450,18500,weekly,2022-9-15T21:00:00.000,options,put
63,1663064280000,433.0,433.25,432.05,432.05,250,65800,18500,weekly,2022-9-15T21:00:00.000,options,put
64,1663064340000,433.25,435.55,432.35,434.75,500,65800,18500,weekly,2022-9-15T21:00:00.000,options,put
65,1663064400000,434.75,437.25,434.75,436.0,850,66200,18500,weekly,2022-9-15T21:00:00.000,options,put
66,1663064460000,437.0,439.0,437.0,439.0,300,66200,18500,weekly,2022-9-15T21:00:00.000,options,put
67,1663064520000,439.0,441.15,438.35,438.35,1000,66200,18500,weekly,2022-9-15T21:00:00.000,options,put
68,1663064580000,438.0,440.75,438.0,440.7,700,66150,18500,weekly,2022-9-15T21:00:00.000,options,put
69,1663064640000,440.15,441.2,440.05,441.2,400,66150,18500,weekly,2022-9-15T21:00:00.000,options,put
70,1663064700000,441.1,442.85,441.1,442.85,300,66150,18500,weekly,2022-9-15T21:00:00.000,options,put
71,1663064760000,443.0,448.1,443.0,448.1,900,65650,18500,weekly,2022-9-15T21:00:00.000,options,put
72,1663064820000,446.9,454.75,446.9,451.15,2600,65650,18500,weekly,2022-9-15T21:00:00.000,options,put
73,1663064880000,452.2,457.25,452.2,457.25,2550,65650,18500,weekly,2022-9-15T21:00:00.000,options,put
74,1663064940000,457.0,459.2,457.0,457.05,2850,65650,18500,weekly,2022-9-15T21:00:00.000,options,put
75,1663065000000,459.0,469.0,459.0,469.0,13300,61700,18500,weekly,2022-9-15T21:00:00.000,options,put
76,1663065060000,469.0,478.0,468.05,470.4,3600,61700,18500,weekly,2022-9-15T21:00:00.000,options,put
77,1663065120000,470.3,470.45,458.35,460.75,2650,57950,18500,weekly,2022-9-15T21:00:00.000,options,put
78,1663065180000,460.75,460.75,452.2,454.4,550,57950,18500,weekly,2022-9-15T21:00:00.000,options,put
79,1663065240000,452.7,459.35,452.7,457.75,1900,57950,18500,weekly,2022-9-15T21:00:00.000,options,put
80,1663065300000,456.1,456.1,455.05,455.05,200,57350,18500,weekly,2022-9-15T21:00:00.000,options,put
81,1663065360000,456.95,458.45,455.3,458.45,350,57350,18500,weekly,2022-9-15T21:00:00.000,options,put
82,1663065420000,454.6,455.25,454.6,455.25,250,57350,18500,weekly,2022-9-15T21:00:00.000,options,put
83,1663065480000,456.9,460.0,456.9,459.0,1000,56450,18500,weekly,2022-9-15T21:00:00.000,options,put
84,1663065540000,459.6,459.6,459.6,459.6,100,56450,18500,weekly,2022-9-15T21:00:00.000,options,put
85,1663065600000,456.25,456.25,454.0,454.0,2350,56450,18500,weekly,2022-9-15T21:00:00.000,options,put
86,1663065660000,453.0,453.0,448.0,450.0,550,56450,18500,weekly,2022-9-15T21:00:00.000,options,put
87,1663065720000,448.85,451.0,448.45,451.0,500,55600,18500,weekly,2022-9-15T21:00:00.000,options,put
88,1663065780000,448.0,449.05,447.2,447.2,350,55600,18500,weekly,2022-9-15T21:00:00.000,options,put
89,1663065900000,445.95,446.35,445.0,445.0,600,55950,18500,weekly,2022-9-15T21:00:00.000,options,put
90,1663065960000,441.85,445.65,441.85,445.0,4000,55950,18500,weekly,2022-9-15T21:00:00.000,options,put
91,1663066020000,444.9,444.9,444.9,444.9,50,55950,18500,weekly,2022-9-15T21:00:00.000,options,put
92,1663066080000,443.8,443.8,441.0,441.35,1650,57050,18500,weekly,2022-9-15T21:00:00.000,options,put
93,1663066140000,440.35,444.85,439.5,444.85,1250,57050,18500,weekly,2022-9-15T21:00:00.000,options,put
94,1663066200000,445.0,447.25,445.0,446.0,1100,57650,18500,weekly,2022-9-15T21:00:00.000,options,put
95,1663066260000,444.8,444.8,442.0,442.0,500,57650,18500,weekly,2022-9-15T21:00:00.000,options,put
96,1663066320000,440.8,443.0,440.5,442.5,8600,57650,18500,weekly,2022-9-15T21:00:00.000,options,put
97,1663066380000,442.95,444.0,442.95,444.0,200,56450,18500,weekly,2022-9-15T21:00:00.000,options,put
98,1663066440000,445.0,448.0,445.0,446.1,650,56450,18500,weekly,2022-9-15T21:00:00.000,options,put
99,1663066500000,448.4,452.45,446.7,452.45,1350,56450,18500,weekly,2022-9-15T21:00:00.000,options,put
100,1663066560000,450.6,455.2,450.6,454.9,550,56050,18500,weekly,2022-9-15T21:00:00.000,options,put
101,1663066620000,453.05,453.4,450.9,452.0,400,56050,18500,weekly,2022-9-15T21:00:00.000,options,put
102,1663066680000,449.8,450.1,447.95,448.7,1900,56050,18500,weekly,2022-9-15T21:00:00.000,options,put
103,1663066740000,448.15,448.15,444.8,445.05,1300,56200,18500,weekly,2022-9-15T21:00:00.000,options,put
104,1663066800000,444.75,444.75,442.05,442.05,450,56200,18500,weekly,2022-9-15T21:00:00.000,options,put
105,1663066860000,444.5,445.35,443.75,445.35,550,56200,18500,weekly,2022-9-15T21:00:00.000,options,put
106,1663066920000,444.3,447.15,444.3,446.7,150,56150,18500,weekly,2022-9-15T21:00:00.000,options,put
107,1663066980000,448.0,451.25,448.0,450.75,750,56150,18500,weekly,2022-9-15T21:00:00.000,options,put
108,1663067040000,450.95,451.2,447.65,448.7,3150,56150,18500,weekly,2022-9-15T21:00:00.000,options,put
109,1663067100000,449.25,450.0,447.45,447.45,150,56000,18500,weekly,2022-9-15T21:00:00.000,options,put
110,1663067160000,447.45,447.45,445.95,445.95,300,56000,18500,weekly,2022-9-15T21:00:00.000,options,put
111,1663067220000,445.0,445.0,444.6,444.6,850,56000,18500,weekly,2022-9-15T21:00:00.000,options,put
112,1663067280000,444.6,444.6,444.45,444.45,100,55200,18500,weekly,2022-9-15T21:00:00.000,options,put
113,1663067340000,445.25,445.25,445.25,445.25,150,55200,18500,weekly,2022-9-15T21:00:00.000,options,put
114,1663067400000,443.75,445.0,443.75,445.0,200,55200,18500,weekly,2022-9-15T21:00:00.000,options,put
115,1663067520000,442.0,443.4,441.75,443.4,250,55050,18500,weekly,2022-9-15T21:00:00.000,options,put
116,1663067580000,443.8,447.6,443.8,447.6,5500,55050,18500,weekly,2022-9-15T21:00:00.000,options,put
117,1663067640000,447.35,447.35,446.15,446.15,450,55050,18500,weekly,2022-9-15T21:00:00.000,options,put
118,1663067700000,444.8,451.2,444.8,451.2,400,55500,18500,weekly,2022-9-15T21:00:00.000,options,put
119,1663067760000,451.85,451.85,445.0,445.95,900,55500,18500,weekly,2022-9-15T21:00:00.000,options,put
120,1663067880000,448.65,451.55,448.65,451.55,1300,54950,18500,weekly,2022-9-15T21:00:00.000,options,put
121,1663067940000,449.2,449.7,448.8,449.55,300,54950,18500,weekly,2022-9-15T21:00:00.000,options,put
122,1663068000000,447.8,447.8,444.05,444.25,250,54950,18500,weekly,2022-9-15T21:00:00.000,options,put
123,1663068060000,442.05,442.05,441.65,441.65,450,54450,18500,weekly,2022-9-15T21:00:00.000,options,put
124,1663068120000,440.85,440.85,437.6,440.6,1200,54450,18500,weekly,2022-9-15T21:00:00.000,options,put
125,1663068180000,439.95,439.95,438.45,438.55,150,54450,18500,weekly,2022-9-15T21:00:00.000,options,put
126,1663068240000,440.4,441.0,440.4,441.0,200,54750,18500,weekly,2022-9-15T21:00:00.000,options,put
127,1663068300000,440.0,440.65,439.65,439.65,950,54750,18500,weekly,2022-9-15T21:00:00.000,options,put
128,1663068360000,446.1,446.1,444.6,446.0,750,54350,18500,weekly,2022-9-15T21:00:00.000,options,put
129,1663068420000,446.15,446.5,445.6,446.5,550,54350,18500,weekly,2022-9-15T21:00:00.000,options,put
130,1663068480000,447.5,447.5,447.5,447.5,50,54350,18500,weekly,2022-9-15T21:00:00.000,options,put
131,1663068540000,444.3,445.45,444.3,445.45,100,54350,18500,weekly,2022-9-15T21:00:00.000,options,put
132,1663068600000,447.85,448.05,444.0,444.0,450,54700,18500,weekly,2022-9-15T21:00:00.000,options,put
133,1663068660000,442.0,442.35,442.0,442.35,150,54700,18500,weekly,2022-9-15T21:00:00.000,options,put
134,1663068780000,442.45,446.7,442.45,444.85,900,54800,18500,weekly,2022-9-15T21:00:00.000,options,put
135,1663068840000,445.0,446.0,445.0,445.45,650,54800,18500,weekly,2022-9-15T21:00:00.000,options,put
136,1663069020000,445.45,446.7,445.45,446.7,450,55200,18500,weekly,2022-9-15T21:00:00.000,options,put
137,1663069080000,448.95,451.0,448.95,451.0,3300,55200,18500,weekly,2022-9-15T21:00:00.000,options,put
138,1663069140000,452.0,453.75,446.6,447.25,2150,56750,18500,weekly,2022-9-15T21:00:00.000,options,put
139,1663069200000,447.15,447.15,445.45,445.45,900,56750,18500,weekly,2022-9-15T21:00:00.000,options,put
140,1663069260000,444.4,444.4,444.4,444.4,100,56750,18500,weekly,2022-9-15T21:00:00.000,options,put
141,1663069320000,443.8,443.8,441.95,441.95,150,54750,18500,weekly,2022-9-15T21:00:00.000,options,put
142,1663069380000,441.2,445.0,441.2,445.0,300,54750,18500,weekly,2022-9-15T21:00:00.000,options,put
143,1663069440000,441.5,442.0,441.5,442.0,250,54750,18500,weekly,2022-9-15T21:00:00.000,options,put
144,1663069500000,440.0,440.0,440.0,440.0,450,54950,18500,weekly,2022-9-15T21:00:00.000,options,put
145,1663069560000,441.0,441.3,440.45,440.45,250,54950,18500,weekly,2022-9-15T21:00:00.000,options,put
146,1663069620000,440.45,442.35,440.45,441.85,200,54950,18500,weekly,2022-9-15T21:00:00.000,options,put
147,1663069680000,442.65,442.65,442.0,442.0,100,54850,18500,weekly,2022-9-15T21:00:00.000,options,put
148,1663069740000,441.0,441.0,439.45,439.9,550,54850,18500,weekly,2022-9-15T21:00:00.000,options,put
149,1663069800000,441.6,441.6,441.6,441.6,200,54850,18500,weekly,2022-9-15T21:00:00.000,options,put
150,1663069860000,439.5,440.45,439.5,440.45,150,54850,18500,weekly,2022-9-15T21:00:00.000,options,put
151,1663069920000,441.65,444.7,441.65,444.7,750,54850,18500,weekly,2022-9-15T21:00:00.000,options,put
152,1663069980000,444.85,444.85,439.8,439.8,2700,54850,18500,weekly,2022-9-15T21:00:00.000,options,put
153,1663070040000,437.1,437.85,421.0,433.1,6750,54800,18500,weekly,2022-9-15T21:00:00.000,options,put
154,1663070100000,431.15,433.25,429.35,433.25,1250,54800,18500,weekly,2022-9-15T21:00:00.000,options,put
155,1663070160000,434.1,434.1,424.2,425.3,2000,54800,18500,weekly,2022-9-15T21:00:00.000,options,put
156,1663070220000,425.0,425.0,422.0,422.0,2900,55850,18500,weekly,2022-9-15T21:00:00.000,options,put
157,1663070280000,421.75,424.2,421.15,424.2,700,55850,18500,weekly,2022-9-15T21:00:00.000,options,put
158,1663070340000,424.2,427.8,424.2,426.35,900,55850,18500,weekly,2022-9-15T21:00:00.000,options,put
159,1663070400000,424.85,427.0,424.85,427.0,1450,54600,18500,weekly,2022-9-15T21:00:00.000,options,put
160,1663070460000,425.0,428.85,424.05,427.35,950,54600,18500,weekly,2022-9-15T21:00:00.000,options,put
161,1663070520000,426.0,426.0,425.05,425.05,350,54600,18500,weekly,2022-9-15T21:00:00.000,options,put
162,1663070580000,425.05,426.15,422.6,422.6,1250,53950,18500,weekly,2022-9-15T21:00:00.000,options,put
163,1663070640000,421.9,421.9,419.45,421.65,2050,53950,18500,weekly,2022-9-15T21:00:00.000,options,put
164,1663070700000,422.15,423.0,417.35,418.0,1150,55050,18500,weekly,2022-9-15T21:00:00.000,options,put
165,1663070760000,418.0,419.0,417.75,419.0,350,55050,18500,weekly,2022-9-15T21:00:00.000,options,put
166,1663070820000,419.0,419.0,418.0,418.4,1850,55050,18500,weekly,2022-9-15T21:00:00.000,options,put
167,1663070880000,418.4,418.4,417.05,417.3,600,55050,18500,weekly,2022-9-15T21:00:00.000,options,put
168,1663070940000,415.05,415.05,412.0,413.2,5350,55650,18500,weekly,2022-9-15T21:00:00.000,options,put
169,1663071000000,413.05,415.65,413.05,415.65,550,55650,18500,weekly,2022-9-15T21:00:00.000,options,put
170,1663071060000,415.65,415.65,412.35,413.65,1850,55650,18500,weekly,2022-9-15T21:00:00.000,options,put
171,1663071120000,419.0,420.0,416.25,420.0,800,55450,18500,weekly,2022-9-15T21:00:00.000,options,put
172,1663071180000,420.0,420.0,416.6,416.6,900,55450,18500,weekly,2022-9-15T21:00:00.000,options,put
173,1663071240000,416.95,418.9,416.95,418.6,300,55450,18500,weekly,2022-9-15T21:00:00.000,options,put
174,1663071300000,420.05,422.65,420.05,422.65,2750,55750,18500,weekly,2022-9-15T21:00:00.000,options,put
175,1663071360000,422.65,424.75,420.0,424.65,3750,55750,18500,weekly,2022-9-15T21:00:00.000,options,put
176,1663071420000,423.3,423.95,421.15,421.15,550,55750,18500,weekly,2022-9-15T21:00:00.000,options,put
177,1663071480000,421.7,421.7,420.0,421.0,300,56550,18500,weekly,2022-9-15T21:00:00.000,options,put
178,1663071540000,418.15,418.15,418.0,418.0,150,56550,18500,weekly,2022-9-15T21:00:00.000,options,put
179,1663071600000,420.25,422.75,420.25,422.15,650,56550,18500,weekly,2022-9-15T21:00:00.000,options,put
180,1663071660000,423.15,423.85,422.75,423.05,350,56500,18500,weekly,2022-9-15T21:00:00.000,options,put
181,1663071720000,422.95,423.05,421.55,423.05,150,56500,18500,weekly,2022-9-15T21:00:00.000,options,put
182,1663071780000,423.05,423.05,420.0,420.0,1200,56500,18500,weekly,2022-9-15T21:00:00.000,options,put
183,1663071840000,420.0,422.4,420.0,420.55,350,57000,18500,weekly,2022-9-15T21:00:00.000,options,put
184,1663071900000,422.0,422.0,420.0,420.0,600,57000,18500,weekly,2022-9-15T21:00:00.000,options,put
185,1663071960000,419.2,419.2,417.5,417.5,250,57000,18500,weekly,2022-9-15T21:00:00.000,options,put
186,1663072020000,417.5,420.0,417.5,418.65,1450,57450,18500,weekly,2022-9-15T21:00:00.000,options,put
187,1663072080000,418.2,419.45,417.7,419.45,1000,57450,18500,weekly,2022-9-15T21:00:00.000,options,put
188,1663072140000,419.45,421.1,416.65,416.65,500,57450,18500,weekly,2022-9-15T21:00:00.000,options,put
189,1663072200000,416.4,416.4,412.1,414.6,2600,57950,18500,weekly,2022-9-15T21:00:00.000,options,put
190,1663072260000,414.6,415.0,413.35,415.0,950,57950,18500,weekly,2022-9-15T21:00:00.000,options,put
191,1663072320000,415.0,415.7,413.8,415.7,1350,57950,18500,weekly,2022-9-15T21:00:00.000,options,put
192,1663072380000,415.65,417.1,415.65,417.0,400,59400,18500,weekly,2022-9-15T21:00:00.000,options,put
193,1663072440000,417.7,417.7,417.7,417.7,200,59400,18500,weekly,2022-9-15T21:00:00.000,options,put
194,1663072500000,416.2,416.65,416.2,416.65,200,59400,18500,weekly,2022-9-15T21:00:00.000,options,put
195,1663072560000,417.7,417.7,413.15,414.15,1700,59250,18500,weekly,2022-9-15T21:00:00.000,options,put
196,1663072620000,414.15,417.75,414.15,417.75,1100,59250,18500,weekly,2022-9-15T21:00:00.000,options,put
197,1663072680000,417.75,422.45,417.75,422.45,1850,59250,18500,weekly,2022-9-15T21:00:00.000,options,put
198,1663072740000,422.45,429.0,422.45,429.0,3700,57000,18500,weekly,2022-9-15T21:00:00.000,options,put
199,1663072800000,428.9,430.0,426.3,427.0,4850,57000,18500,weekly,2022-9-15T21:00:00.000,options,put
200,1663072860000,428.6,433.0,428.6,433.0,1550,57000,18500,weekly,2022-9-15T21:00:00.000,options,put
201,1663072920000,431.05,431.9,426.1,426.1,550,51750,18500,weekly,2022-9-15T21:00:00.000,options,put
202,1663072980000,428.05,430.0,426.35,428.4,2350,51750,18500,weekly,2022-9-15T21:00:00.000,options,put
203,1663073040000,428.4,428.4,426.75,426.75,200,51750,18500,weekly,2022-9-15T21:00:00.000,options,put
204,1663073100000,426.75,427.9,422.3,425.0,1150,51150,18500,weekly,2022-9-15T21:00:00.000,options,put
205,1663073160000,425.0,425.0,424.25,424.25,600,51150,18500,weekly,2022-9-15T21:00:00.000,options,put
206,1663073220000,422.75,423.15,422.65,423.0,550,51150,18500,weekly,2022-9-15T21:00:00.000,options,put
207,1663073280000,423.0,423.0,420.4,422.5,1050,51000,18500,weekly,2022-9-15T21:00:00.000,options,put
208,1663073340000,420.75,422.0,420.75,422.0,600,51000,18500,weekly,2022-9-15T21:00:00.000,options,put
209,1663073400000,421.55,423.0,421.1,421.1,1650,51000,18500,weekly,2022-9-15T21:00:00.000,options,put
210,1663073460000,421.2,422.0,421.2,421.85,200,50950,18500,weekly,2022-9-15T21:00:00.000,options,put
211,1663073520000,423.55,423.55,422.9,422.9,200,50950,18500,weekly,2022-9-15T21:00:00.000,options,put
212,1663073580000,423.5,424.9,421.95,423.55,1800,50950,18500,weekly,2022-9-15T21:00:00.000,options,put
213,1663073640000,426.0,426.95,424.0,424.0,600,49950,18500,weekly,2022-9-15T21:00:00.000,options,put
214,1663073700000,425.35,425.35,422.65,422.65,300,49950,18500,weekly,2022-9-15T21:00:00.000,options,put
215,1663073760000,422.65,423.2,421.2,421.35,600,49950,18500,weekly,2022-9-15T21:00:00.000,options,put
216,1663073820000,420.05,420.05,417.0,419.45,1000,50500,18500,weekly,2022-9-15T21:00:00.000,options,put
217,1663073880000,419.5,420.8,419.5,420.8,400,50500,18500,weekly,2022-9-15T21:00:00.000,options,put
218,1663073940000,419.85,420.2,419.85,420.2,150,50500,18500,weekly,2022-9-15T21:00:00.000,options,put
219,1663074000000,417.75,418.0,417.75,418.0,250,50400,18500,weekly,2022-9-15T21:00:00.000,options,put
220,1663074060000,419.5,420.75,419.5,419.95,500,50400,18500,weekly,2022-9-15T21:00:00.000,options,put
221,1663074120000,420.25,420.25,419.85,420.0,300,50400,18500,weekly,2022-9-15T21:00:00.000,options,put
222,1663074180000,420.0,420.0,417.45,417.45,200,50450,18500,weekly,2022-9-15T21:00:00.000,options,put
223,1663074240000,416.0,416.65,415.0,416.0,1500,50450,18500,weekly,2022-9-15T21:00:00.000,options,put
224,1663074300000,415.65,419.05,415.65,417.35,1250,50450,18500,weekly,2022-9-15T21:00:00.000,options,put
225,1663074360000,417.85,418.4,416.0,416.0,700,51550,18500,weekly,2022-9-15T21:00:00.000,options,put
226,1663074420000,415.75,423.0,415.2,423.0,300,51550,18500,weekly,2022-9-15T21:00:00.000,options,put
227,1663074480000,422.6,423.05,421.95,421.95,350,51550,18500,weekly,2022-9-15T21:00:00.000,options,put
228,1663074540000,421.95,421.95,417.05,417.05,850,52050,18500,weekly,2022-9-15T21:00:00.000,options,put
229,1663074600000,414.35,418.7,414.35,418.7,1300,52050,18500,weekly,2022-9-15T21:00:00.000,options,put
230,1663074660000,418.15,423.0,418.15,420.75,1000,52050,18500,weekly,2022-9-15T21:00:00.000,options,put
231,1663074720000,420.75,422.45,420.75,421.0,650,51350,18500,weekly,2022-9-15T21:00:00.000,options,put
232,1663074780000,423.0,423.0,423.0,423.0,650,51350,18500,weekly,2022-9-15T21:00:00.000,options,put
233,1663074840000,421.1,423.8,421.1,423.65,800,51350,18500,weekly,2022-9-15T21:00:00.000,options,put
234,1663074900000,422.3,423.75,422.3,423.75,700,50300,18500,weekly,2022-9-15T21:00:00.000,options,put
235,1663074960000,421.0,421.6,418.85,418.85,650,50300,18500,weekly,2022-9-15T21:00:00.000,options,put
236,1663075020000,418.35,423.3,417.25,423.3,1350,50300,18500,weekly,2022-9-15T21:00:00.000,options,put
237,1663075080000,423.3,430.4,423.3,424.25,1250,48950,18500,weekly,2022-9-15T21:00:00.000,options,put
238,1663075140000,424.95,424.95,418.85,418.85,1400,48950,18500,weekly,2022-9-15T21:00:00.000,options,put
239,1663075200000,419.75,423.0,419.75,420.0,1650,48950,18500,weekly,2022-9-15T21:00:00.000,options,put
240,1663075260000,421.85,422.1,421.85,422.0,300,51000,18500,weekly,2022-9-15T21:00:00.000,options,put
241,1663075320000,422.0,423.55,422.0,423.55,100,51000,18500,weekly,2022-9-15T21:00:00.000,options,put
242,1663075380000,424.15,427.0,424.15,426.15,150,51000,18500,weekly,2022-9-15T21:00:00.000,options,put
243,1663075440000,426.0,427.0,426.0,426.0,300,51200,18500,weekly,2022-9-15T21:00:00.000,options,put
244,1663075500000,425.0,428.3,425.0,425.0,900,51200,18500,weekly,2022-9-15T21:00:00.000,options,put
245,1663075560000,427.15,427.15,425.0,425.0,650,51200,18500,weekly,2022-9-15T21:00:00.000,options,put
246,1663075620000,423.85,424.7,423.85,423.85,400,51350,18500,weekly,2022-9-15T21:00:00.000,options,put
247,1663075680000,422.95,424.3,422.95,424.3,350,51350,18500,weekly,2022-9-15T21:00:00.000,options,put
248,1663075740000,426.0,426.75,426.0,426.75,100,51350,18500,weekly,2022-9-15T21:00:00.000,options,put
249,1663075800000,422.55,422.85,422.55,422.85,150,51450,18500,weekly,2022-9-15T21:00:00.000,options,put
250,1663075860000,420.85,420.85,420.85,420.85,600,51450,18500,weekly,2022-9-15T21:00:00.000,options,put
251,1663075920000,422.65,422.65,422.65,422.65,50,51450,18500,weekly,2022-9-15T21:00:00.000,options,put
252,1663075980000,423.85,425.8,423.5,423.5,500,51400,18500,weekly,2022-9-15T21:00:00.000,options,put
253,1663076100000,421.45,422.55,420.65,421.05,350,51400,18500,weekly,2022-9-15T21:00:00.000,options,put
254,1663076160000,420.5,422.3,420.1,422.3,300,51300,18500,weekly,2022-9-15T21:00:00.000,options,put
255,1663076220000,421.25,423.95,421.25,423.95,250,51300,18500,weekly,2022-9-15T21:00:00.000,options,put
256,1663076280000,426.3,429.5,426.3,429.05,1100,51300,18500,weekly,2022-9-15T21:00:00.000,options,put
257,1663076340000,430.0,430.0,412.75,418.0,8250,51050,18500,weekly,2022-9-15T21:00:00.000,options,put
258,1663076400000,418.0,422.0,418.0,422.0,400,51050,18500,weekly,2022-9-15T21:00:00.000,options,put
259,1663076460000,423.4,424.3,422.45,424.1,300,51050,18500,weekly,2022-9-15T21:00:00.000,options,put
260,1663076520000,425.0,425.0,425.0,425.0,100,51050,18500,weekly,2022-9-15T21:00:00.000,options,put
261,1663076580000,423.0,425.5,422.6,425.5,550,52400,18500,weekly,2022-9-15T21:00:00.000,options,put
262,1663076640000,425.5,426.05,425.4,426.0,250,52400,18500,weekly,2022-9-15T21:00:00.000,options,put
263,1663076700000,426.0,426.15,421.8,422.4,700,51700,18500,weekly,2022-9-15T21:00:00.000,options,put
264,1663076760000,422.4,424.0,422.4,423.7,1350,51700,18500,weekly,2022-9-15T21:00:00.000,options,put
265,1663076820000,423.7,423.7,421.75,422.65,250,51700,18500,weekly,2022-9-15T21:00:00.000,options,put
266,1663076880000,422.65,422.65,417.2,418.2,650,50550,18500,weekly,2022-9-15T21:00:00.000,options,put
267,1663076940000,418.95,420.0,417.7,417.7,900,50550,18500,weekly,2022-9-15T21:00:00.000,options,put
268,1663077000000,417.7,419.45,416.8,419.25,3950,50550,18500,weekly,2022-9-15T21:00:00.000,options,put
269,1663077060000,418.7,419.0,416.85,416.85,2550,51600,18500,weekly,2022-9-15T21:00:00.000,options,put
270,1663077120000,416.85,420.0,416.85,420.0,1200,51600,18500,weekly,2022-9-15T21:00:00.000,options,put
271,1663077180000,420.0,420.0,418.0,418.0,400,51600,18500,weekly,2022-9-15T21:00:00.000,options,put
272,1663077240000,417.0,417.0,411.05,411.95,3750,52750,18500,weekly,2022-9-15T21:00:00.000,options,put
273,1663077300000,411.95,411.95,409.35,410.0,1250,52750,18500,weekly,2022-9-15T21:00:00.000,options,put
274,1663077360000,412.1,414.0,412.0,414.0,1400,52750,18500,weekly,2022-9-15T21:00:00.000,options,put
275,1663077420000,415.0,415.0,412.85,414.3,2050,54400,18500,weekly,2022-9-15T21:00:00.000,options,put
276,1663077480000,414.4,414.4,414.4,414.4,100,54400,18500,weekly,2022-9-15T21:00:00.000,options,put
277,1663077540000,414.05,415.25,414.05,415.25,300,54400,18500,weekly,2022-9-15T21:00:00.000,options,put
278,1663077600000,416.8,419.0,416.8,419.0,200,54600,18500,weekly,2022-9-15T21:00:00.000,options,put
279,1663077660000,419.0,421.0,419.0,420.85,1700,54600,18500,weekly,2022-9-15T21:00:00.000,options,put
280,1663077720000,420.85,421.1,418.85,421.1,850,54600,18500,weekly,2022-9-15T21:00:00.000,options,put
281,1663077780000,420.0,421.3,419.1,419.1,150,54450,18500,weekly,2022-9-15T21:00:00.000,options,put
282,1663077840000,419.1,420.0,419.1,420.0,500,54450,18500,weekly,2022-9-15T21:00:00.000,options,put
283,1663077900000,421.3,421.3,419.8,419.9,200,54450,18500,weekly,2022-9-15T21:00:00.000,options,put
284,1663077960000,419.9,419.9,414.0,414.0,850,54600,18500,weekly,2022-9-15T21:00:00.000,options,put
285,1663078020000,414.0,414.0,409.8,413.9,2700,54600,18500,weekly,2022-9-15T21:00:00.000,options,put
286,1663078080000,414.0,414.0,411.45,413.0,300,54600,18500,weekly,2022-9-15T21:00:00.000,options,put
287,1663078140000,412.35,415.25,412.35,415.25,1000,54550,18500,weekly,2022-9-15T21:00:00.000,options,put
288,1663078200000,414.0,414.0,411.25,412.6,550,54550,18500,weekly,2022-9-15T21:00:00.000,options,put
289,1663078260000,412.75,412.75,411.0,412.0,2250,54550,18500,weekly,2022-9-15T21:00:00.000,options,put
290,1663078320000,412.05,413.45,412.05,413.45,650,55500,18500,weekly,2022-9-15T21:00:00.000,options,put
291,1663078380000,414.45,416.4,411.0,416.4,1050,55500,18500,weekly,2022-9-15T21:00:00.000,options,put
292,1663078440000,416.35,416.35,413.45,415.85,850,55500,18500,weekly,2022-9-15T21:00:00.000,options,put
293,1663078500000,415.0,416.0,415.0,416.0,150,55850,18500,weekly,2022-9-15T21:00:00.000,options,put
294,1663078560000,417.0,417.0,416.25,417.0,200,55850,18500,weekly,2022-9-15T21:00:00.000,options,put
295,1663078620000,417.0,418.0,417.0,418.0,400,55850,18500,weekly,2022-9-15T21:00:00.000,options,put
296,1663078680000,418.05,429.65,417.0,429.65,2050,55200,18500,weekly,2022-9-15T21:00:00.000,options,put
297,1663078740000,429.05,432.15,423.6,423.6,6700,55200,18500,weekly,2022-9-15T21:00:00.000,options,put
298,1663078800000,424.0,426.6,423.0,423.0,2050,55200,18500,weekly,2022-9-15T21:00:00.000,options,put
299,1663078860000,420.55,424.95,420.55,422.45,600,54200,18500,weekly,2022-9-15T21:00:00.000,options,put
300,1663078920000,422.45,425.0,421.0,425.0,850,54200,18500,weekly,2022-9-15T21:00:00.000,options,put
301,1663078980000,424.75,424.75,423.75,424.5,3900,54200,18500,weekly,2022-9-15T21:00:00.000,options,put
302,1663079040000,424.0,425.0,423.6,423.6,850,55850,18500,weekly,2022-9-15T21:00:00.000,options,put
303,1663079160000,425.05,425.05,421.5,421.5,900,55850,18500,weekly,2022-9-15T21:00:00.000,options,put
304,1663079220000,421.5,422.15,421.15,422.15,500,56900,18500,weekly,2022-9-15T21:00:00.000,options,put
305,1663079280000,421.5,421.5,420.05,420.1,900,56900,18500,weekly,2022-9-15T21:00:00.000,options,put
306,1663079340000,420.05,421.0,420.05,421.0,250,56900,18500,weekly,2022-9-15T21:00:00.000,options,put
307,1663079400000,422.15,422.15,418.45,420.0,1050,56300,18500,weekly,2022-9-15T21:00:00.000,options,put
308,1663079460000,419.5,420.0,419.25,420.0,1100,56300,18500,weekly,2022-9-15T21:00:00.000,options,put
309,1663079520000,422.85,423.75,422.85,423.75,200,56300,18500,weekly,2022-9-15T21:00:00.000,options,put
310,1663079580000,422.6,425.0,422.6,423.5,1150,56100,18500,weekly,2022-9-15T21:00:00.000,options,put
311,1663079640000,423.5,425.0,423.0,425.0,650,56100,18500,weekly,2022-9-15T21:00:00.000,options,put
312,1663079700000,425.0,430.0,425.0,428.45,3150,56100,18500,weekly,2022-9-15T21:00:00.000,options,put
313,1663079760000,428.45,428.9,427.45,427.9,1450,56750,18500,weekly,2022-9-15T21:00:00.000,options,put
314,1663079820000,426.6,426.6,422.8,422.8,650,56750,18500,weekly,2022-9-15T21:00:00.000,options,put
315,1663079880000,423.0,424.7,422.0,422.0,1250,56750,18500,weekly,2022-9-15T21:00:00.000,options,put
316,1663079940000,423.9,423.9,422.5,423.1,1100,56750,18500,weekly,2022-9-15T21:00:00.000,options,put
317,1663080000000,422.9,432.6,422.9,432.6,550,56150,18500,weekly,2022-9-15T21:00:00.000,options,put
318,1663080060000,432.65,432.65,413.1,414.15,4050,56150,18500,weekly,2022-9-15T21:00:00.000,options,put
319,1663080120000,417.55,419.75,416.05,417.55,500,55500,18500,weekly,2022-9-15T21:00:00.000,options,put
320,1663080180000,418.9,422.8,417.8,420.0,3050,55500,18500,weekly,2022-9-15T21:00:00.000,options,put
321,1663080240000,419.95,419.95,418.35,418.8,450,55500,18500,weekly,2022-9-15T21:00:00.000,options,put
322,1663080300000,419.75,419.75,416.8,416.8,1050,55650,18500,weekly,2022-9-15T21:00:00.000,options,put
323,1663080360000,418.4,418.4,416.2,416.2,450,55650,18500,weekly,2022-9-15T21:00:00.000,options,put
324,1663080420000,420.0,420.15,419.3,419.9,1050,55650,18500,weekly,2022-9-15T21:00:00.000,options,put
325,1663080480000,423.25,424.35,423.25,424.35,450,55650,18500,weekly,2022-9-15T21:00:00.000,options,put
326,1663080540000,424.75,425.0,422.15,425.0,1250,56700,18500,weekly,2022-9-15T21:00:00.000,options,put
327,1663080600000,423.15,423.3,420.85,422.0,1300,56700,18500,weekly,2022-9-15T21:00:00.000,options,put
328,1663080660000,420.0,425.5,420.0,425.5,1650,55150,18500,weekly,2022-9-15T21:00:00.000,options,put
329,1663080720000,422.8,424.0,422.8,424.0,100,55150,18500,weekly,2022-9-15T21:00:00.000,options,put
330,1663080780000,427.0,428.5,426.1,426.1,250,55150,18500,weekly,2022-9-15T21:00:00.000,options,put
331,1663080840000,423.9,425.6,423.9,425.6,250,53900,18500,weekly,2022-9-15T21:00:00.000,options,put
332,1663080900000,424.5,424.5,423.5,423.5,550,53900,18500,weekly,2022-9-15T21:00:00.000,options,put
333,1663080960000,423.05,423.9,423.05,423.9,100,53900,18500,weekly,2022-9-15T21:00:00.000,options,put
334,1663081020000,423.05,424.0,422.0,422.7,3500,54550,18500,weekly,2022-9-15T21:00:00.000,options,put
335,1663081080000,425.0,429.0,424.6,428.95,1250,54550,18500,weekly,2022-9-15T21:00:00.000,options,put
336,1663081140000,426.05,426.35,425.45,425.7,3150,54550,18500,weekly,2022-9-15T21:00:00.000,options,put
337,1663081200000,425.45,430.0,418.3,418.3,1400,55200,18500,weekly,2022-9-15T21:00:00.000,options,put
338,1663081260000,418.3,419.9,418.3,419.0,1100,55200,18500,weekly,2022-9-15T21:00:00.000,options,put
339,1663081320000,419.55,419.55,418.05,418.9,800,55200,18500,weekly,2022-9-15T21:00:00.000,options,put
340,1663081380000,419.85,420.05,418.25,418.5,1250,54450,18500,weekly,2022-9-15T21:00:00.000,options,put
341,1663081440000,418.25,418.25,417.0,418.0,1350,54450,18500,weekly,2022-9-15T21:00:00.000,options,put
342,1663081500000,420.5,420.5,419.0,419.25,1300,54450,18500,weekly,2022-9-15T21:00:00.000,options,put
343,1663081560000,419.9,422.5,419.9,422.5,1700,54700,18500,weekly,2022-9-15T21:00:00.000,options,put
344,1663081620000,421.95,421.95,418.75,418.75,550,54700,18500,weekly,2022-9-15T21:00:00.000,options,put
345,1663081680000,419.55,419.55,418.15,418.55,500,54700,18500,weekly,2022-9-15T21:00:00.000,options,put
346,1663081740000,419.15,419.15,419.15,419.15,350,54700,18500,weekly,2022-9-15T21:00:00.000,options,put
347,1663081800000,420.35,420.35,418.6,420.0,600,55650,18500,weekly,2022-9-15T21:00:00.000,options,put
348,1663081860000,420.65,423.15,420.65,421.05,1400,55650,18500,weekly,2022-9-15T21:00:00.000,options,put
349,1663081920000,419.8,419.9,418.8,419.9,3000,53550,18500,weekly,2022-9-15T21:00:00.000,options,put
350,1663081980000,420.65,421.95,420.65,421.95,700,53550,18500,weekly,2022-9-15T21:00:00.000,options,put
351,1663082040000,421.3,423.05,421.3,423.0,300,53550,18500,weekly,2022-9-15T21:00:00.000,options,put
352,1663082100000,423.4,425.0,423.25,424.45,3100,51000,18500,weekly,2022-9-15T21:00:00.000,options,put
353,1663082160000,423.85,424.8,422.0,422.0,750,51000,18500,weekly,2022-9-15T21:00:00.000,options,put
354,1663082220000,422.25,423.75,422.25,423.3,1100,51000,18500,weekly,2022-9-15T21:00:00.000,options,put
355,1663082280000,422.15,423.7,422.0,422.8,1200,52550,18500,weekly,2022-9-15T21:00:00.000,options,put
356,1663082340000,423.3,427.4,423.3,427.4,2500,52550,18500,weekly,2022-9-15T21:00:00.000,options,put
357,1663082400000,427.4,427.4,424.0,426.15,1500,52550,18500,weekly,2022-9-15T21:00:00.000,options,put
358,1663082460000,426.15,426.15,425.0,425.6,750,50750,18500,weekly,2022-9-15T21:00:00.000,options,put
359,1663082520000,425.95,425.95,422.05,423.55,2550,50750,18500,weekly,2022-9-15T21:00:00.000,options,put
360,1663082580000,424.05,424.2,423.2,423.2,350,50750,18500,weekly,2022-9-15T21:00:00.000,options,put
361,1663082640000,424.0,425.2,423.65,425.2,1500,52650,18500,weekly,2022-9-15T21:00:00.000,options,put
362,1663082700000,426.0,426.0,422.55,424.8,5650,52650,18500,weekly,2022-9-15T21:00:00.000,options,put
363,1663082760000,422.55,422.85,420.15,420.15,1800,52650,18500,weekly,2022-9-15T21:00:00.000,options,put
364,1663082820000,420.15,420.15,418.7,418.7,750,47700,18500,weekly,2022-9-15T21:00:00.000,options,put
365,1663082880000,418.7,420.05,418.7,419.3,1550,47700,18500,weekly,2022-9-15T21:00:00.000,options,put
366,1663082940000,419.15,419.85,418.0,418.0,2900,47700,18500,weekly,2022-9-15T21:00:00.000,options,put
