,timestamp,open,high,low,close,volume,open_interest,strike,expiry_type,expiry,instrument,contract_type
0,1415697360000,17274.8,17304.9,17274.8,17303.0,0,,,,,cash,
1,1415697420000,17304.4,17304.4,17281.9,17281.9,0,,,,,cash,
2,1415697480000,17281.1,17281.1,17272.6,17279.5,0,,,,,cash,
3,1415697540000,17278.9,17294.8,17277.1,17294.8,0,,,,,cash,
4,1415697600000,17291.7,17306.1,17291.7,17294.5,0,,,,,cash,
5,1415697660000,17292.7,17300.7,17286.1,17296.2,0,,,,,cash,
6,1415697720000,17287.8,17298.4,17284.3,17298.4,0,,,,,cash,
7,1415697780000,17296.2,17296.7,17291.6,17294.5,0,,,,,cash,
8,1415697840000,17291.9,17309.4,17291.9,17298.9,0,,,,,cash,
9,1415697900000,17291.4,17295.1,17278.7,17279.1,0,,,,,cash,
10,1415697960000,17281.8,17281.8,17256.0,17264.9,0,,,,,cash,
11,1415698020000,17266.9,17283.1,17266.9,17283.1,0,,,,,cash,
12,1415698080000,17282.7,17287.6,17270.9,17274.0,0,,,,,cash,
13,1415698140000,17272.4,17279.5,17272.4,17279.5,0,,,,,cash,
14,1415698200000,17281.4,17291.8,17281.4,17291.0,0,,,,,cash,
15,1415698260000,17291.5,17300.3,17286.6,17291.6,0,,,,,cash,
16,1415698320000,17293.2,17298.1,17293.2,17297.3,0,,,,,cash,
17,1415698380000,17297.1,17311.5,17297.1,17301.8,0,,,,,cash,
18,1415698440000,17299.7,17329.2,17299.7,17329.2,0,,,,,cash,
19,1415698500000,17332.8,17340.8,17332.8,17340.8,0,,,,,cash,
20,1415698560000,17342.3,17350.9,17340.6,17350.9,0,,,,,cash,
21,1415698620000,17350.0,17350.0,17328.8,17328.8,0,,,,,cash,
22,1415698680000,17335.4,17341.1,17332.2,17341.1,0,,,,,cash,
23,1415698740000,17346.6,17350.4,17343.6,17350.4,0,,,,,cash,
24,1415698800000,17351.2,17352.0,17347.6,17348.6,0,,,,,cash,
25,1415698860000,17347.1,17350.3,17343.1,17347.9,0,,,,,cash,
26,1415698920000,17349.7,17357.8,17349.7,17357.2,0,,,,,cash,
27,1415698980000,17354.6,17358.1,17354.6,17356.3,0,,,,,cash,
28,1415699040000,17354.7,17354.7,17345.8,17348.6,0,,,,,cash,
29,1415699100000,17352.3,17361.6,17352.3,17359.1,0,,,,,cash,
30,1415699160000,17356.9,17369.4,17355.4,17368.3,0,,,,,cash,
31,1415699220000,17367.3,17367.3,17361.4,17367.3,0,,,,,cash,
32,1415699280000,17368.5,17387.0,17366.7,17387.0,0,,,,,cash,
33,1415699340000,17388.9,17391.8,17386.8,17391.4,0,,,,,cash,
34,1415699400000,17391.3,17398.9,17386.7,17386.7,0,,,,,cash,
35,1415699460000,17376.9,17377.2,17369.3,17371.7,0,,,,,cash,
36,1415699520000,17373.2,17376.6,17368.9,17371.0,0,,,,,cash,
37,1415699580000,17368.2,17382.9,17366.8,17380.3,0,,,,,cash,
38,1415699640000,17379.7,17381.9,17369.9,17369.9,0,,,,,cash,
39,1415699700000,17368.4,17368.4,17353.9,17354.4,0,,,,,cash,
40,1415699760000,17355.4,17355.4,17344.3,17344.3,0,,,,,cash,
41,1415699820000,17346.6,17346.6,17335.5,17335.5,0,,,,,cash,
42,1415699880000,17339.3,17360.5,17339.3,17358.6,0,,,,,cash,
43,1415699940000,17358.9,17359.5,17355.2,17358.1,0,,,,,cash,
44,1415700000000,17359.9,17363.7,17359.9,17360.2,0,,,,,cash,
45,1415700060000,17362.4,17366.4,17360.5,17361.9,0,,,,,cash,
46,1415700120000,17361.3,17366.6,17361.3,17366.4,0,,,,,cash,
47,1415700180000,17363.8,17364.8,17359.8,17364.3,0,,,,,cash,
48,1415700240000,17363.1,17365.4,17362.6,17365.4,0,,,,,cash,
49,1415700300000,17365.1,17365.1,17348.4,17348.4,0,,,,,cash,
50,1415700360000,17346.2,17355.6,17343.4,17355.6,0,,,,,cash,
51,1415700420000,17352.3,17362.6,17351.1,17360.5,0,,,,,cash,
52,1415700480000,17361.2,17362.7,17357.2,17362.7,0,,,,,cash,
53,1415700540000,17361.8,17363.9,17361.4,17361.4,0,,,,,cash,
54,1415700600000,17361.9,17365.4,17359.8,17365.4,0,,,,,cash,
55,1415700660000,17367.9,17367.9,17360.1,17360.4,0,,,,,cash,
56,1415700720000,17361.9,17366.9,17361.9,17364.7,0,,,,,cash,
57,1415700780000,17364.3,17369.1,17364.0,17366.4,0,,,,,cash,
58,1415700840000,17366.2,17369.9,17363.9,17368.3,0,,,,,cash,
59,1415700900000,17371.2,17371.6,17367.8,17368.9,0,,,,,cash,
60,1415700960000,17367.2,17368.3,17360.1,17360.1,0,,,,,cash,
61,1415701020000,17358.4,17362.0,17356.6,17357.3,0,,,,,cash,
62,1415701080000,17360.1,17360.1,17351.3,17352.4,0,,,,,cash,
63,1415701140000,17349.9,17352.3,17349.9,17351.8,0,,,,,cash,
64,1415701200000,17354.6,17357.7,17354.3,17354.9,0,,,,,cash,
65,1415701260000,17351.4,17355.8,17351.4,17353.7,0,,,,,cash,
66,1415701320000,17351.4,17354.1,17350.4,17350.9,0,,,,,cash,
67,1415701380000,17347.4,17350.2,17341.4,17350.2,0,,,,,cash,
68,1415701440000,17350.6,17356.6,17350.6,17356.4,0,,,,,cash,
69,1415701500000,17358.0,17361.3,17358.0,17358.2,0,,,,,cash,
70,1415701560000,17358.4,17359.9,17354.3,17355.6,0,,,,,cash,
71,1415701620000,17354.9,17361.9,17354.9,17361.9,0,,,,,cash,
72,1415701680000,17363.7,17373.1,17363.7,17373.1,0,,,,,cash,
73,1415701740000,17373.4,17379.4,17373.4,17379.3,0,,,,,cash,
74,1415701800000,17382.9,17385.2,17379.6,17383.1,0,,,,,cash,
75,1415701860000,17384.8,17384.9,17383.0,17383.4,0,,,,,cash,
76,1415701920000,17382.3,17392.9,17382.3,17392.9,0,,,,,cash,
77,1415701980000,17392.3,17398.5,17391.8,17391.8,0,,,,,cash,
78,1415702040000,17394.3,17398.2,17394.3,17397.8,0,,,,,cash,
79,1415702100000,17396.2,17396.2,17390.6,17393.7,0,,,,,cash,
80,1415702160000,17391.4,17391.4,17382.4,17382.7,0,,,,,cash,
81,1415702220000,17381.8,17383.7,17379.9,17379.9,0,,,,,cash,
82,1415702280000,17379.2,17379.2,17375.8,17376.8,0,,,,,cash,
83,1415702340000,17378.8,17384.9,17374.7,17378.5,0,,,,,cash,
84,1415702400000,17373.0,17377.2,17371.7,17372.1,0,,,,,cash,
85,1415702460000,17372.8,17373.0,17368.8,17372.0,0,,,,,cash,
86,1415702520000,17370.7,17373.2,17365.9,17373.2,0,,,,,cash,
87,1415702580000,17373.8,17377.8,17372.3,17376.4,0,,,,,cash,
88,1415702640000,17376.8,17376.8,17371.8,17373.1,0,,,,,cash,
89,1415702700000,17372.5,17372.5,17365.1,17369.3,0,,,,,cash,
90,1415702760000,17367.3,17369.3,17360.1,17360.1,0,,,,,cash,
91,1415702820000,17358.8,17362.3,17343.2,17343.2,0,,,,,cash,
92,1415702880000,17344.7,17350.6,17342.8,17350.6,0,,,,,cash,
93,1415702940000,17349.1,17350.2,17334.2,17334.2,0,,,,,cash,
94,1415703000000,17334.8,17342.3,17332.6,17342.3,0,,,,,cash,
95,1415703060000,17340.7,17345.1,17338.8,17343.3,0,,,,,cash,
96,1415703120000,17343.3,17343.3,17328.1,17328.1,0,,,,,cash,
97,1415703180000,17327.8,17332.8,17322.3,17332.8,0,,,,,cash,
98,1415703240000,17330.6,17334.9,17326.9,17329.7,0,,,,,cash,
99,1415703300000,17329.9,17346.8,17329.9,17345.6,0,,,,,cash,
100,1415703360000,17347.9,17347.9,17328.9,17328.9,0,,,,,cash,
101,1415703420000,17329.8,17330.4,17323.2,17323.7,0,,,,,cash,
102,1415703480000,17322.4,17325.6,17316.7,17325.6,0,,,,,cash,
103,1415703540000,17326.8,17326.8,17318.8,17318.8,0,,,,,cash,
104,1415703600000,17317.7,17321.3,17317.3,17317.6,0,,,,,cash,
105,1415703660000,17317.9,17322.6,17316.4,17322.6,0,,,,,cash,
106,1415703720000,17320.9,17322.5,17316.6,17319.1,0,,,,,cash,
107,1415703780000,17318.9,17321.8,17318.9,17319.2,0,,,,,cash,
108,1415703840000,17321.3,17321.4,17306.3,17306.3,0,,,,,cash,
109,1415703900000,17304.4,17325.0,17304.4,17325.0,0,,,,,cash,
110,1415703960000,17327.5,17328.1,17325.1,17327.8,0,,,,,cash,
111,1415704020000,17325.3,17326.3,17321.9,17326.3,0,,,,,cash,
112,1415704080000,17327.4,17334.2,17325.3,17327.8,0,,,,,cash,
113,1415704140000,17327.7,17329.2,17325.2,17327.9,0,,,,,cash,
114,1415704200000,17331.0,17332.1,17328.8,17331.5,0,,,,,cash,
115,1415704260000,17331.3,17331.5,17329.0,17330.2,0,,,,,cash,
116,1415704320000,17330.3,17330.3,17326.3,17326.3,0,,,,,cash,
117,1415704380000,17327.8,17328.3,17326.2,17326.8,0,,,,,cash,
118,1415704440000,17326.8,17327.0,17314.1,17314.1,0,,,,,cash,
119,1415704500000,17313.1,17318.7,17312.6,17314.7,0,,,,,cash,
120,1415704560000,17317.2,17322.1,17317.2,17322.1,0,,,,,cash,
121,1415704620000,17320.3,17329.8,17320.3,17329.3,0,,,,,cash,
122,1415704680000,17326.6,17329.1,17326.3,17327.3,0,,,,,cash,
123,1415704740000,17328.3,17328.3,17324.7,17328.2,0,,,,,cash,
124,1415704800000,17328.4,17331.3,17327.8,17329.3,0,,,,,cash,
125,1415704860000,17328.3,17329.9,17325.5,17325.5,0,,,,,cash,
126,1415704920000,17328.8,17331.0,17326.8,17329.7,0,,,,,cash,
127,1415704980000,17328.2,17332.9,17328.2,17330.5,0,,,,,cash,
128,1415705040000,17331.8,17332.8,17331.3,17331.3,0,,,,,cash,
129,1415705100000,17330.6,17330.6,17326.7,17327.2,0,,,,,cash,
130,1415705160000,17326.1,17326.1,17314.4,17316.9,0,,,,,cash,
131,1415705220000,17313.7,17313.7,17306.1,17309.3,0,,,,,cash,
132,1415705280000,17309.6,17318.6,17309.0,17318.6,0,,,,,cash,
133,1415705340000,17320.2,17325.1,17320.2,17323.2,0,,,,,cash,
134,1415705400000,17321.8,17323.1,17317.1,17317.1,0,,,,,cash,
135,1415705460000,17317.9,17317.9,17311.3,17312.1,0,,,,,cash,
136,1415705520000,17315.4,17316.3,17313.9,17316.2,0,,,,,cash,
137,1415705580000,17316.0,17320.6,17316.0,17319.8,0,,,,,cash,
138,1415705640000,17318.2,17320.8,17315.3,17318.7,0,,,,,cash,
139,1415705700000,17319.3,17320.9,17315.9,17316.8,0,,,,,cash,
140,1415705760000,17318.4,17324.1,17318.1,17323.5,0,,,,,cash,
141,1415705820000,17322.4,17323.8,17317.7,17320.8,0,,,,,cash,
142,1415705880000,17320.5,17321.6,17316.4,17316.4,0,,,,,cash,
143,1415705940000,17316.6,17318.6,17314.4,17315.8,0,,,,,cash,
144,1415706000000,17317.4,17317.4,17308.8,17312.8,0,,,,,cash,
145,1415706060000,17315.2,17315.2,17311.1,17315.2,0,,,,,cash,
146,1415706120000,17313.1,17313.1,17305.7,17306.4,0,,,,,cash,
147,1415706180000,17308.6,17309.7,17303.9,17306.5,0,,,,,cash,
148,1415706240000,17307.3,17307.3,17303.7,17303.7,0,,,,,cash,
149,1415706300000,17303.6,17306.6,17290.0,17290.0,0,,,,,cash,
150,1415706360000,17291.1,17294.9,17288.8,17288.8,0,,,,,cash,
151,1415706420000,17286.7,17289.9,17285.8,17285.8,0,,,,,cash,
152,1415706480000,17287.4,17287.4,17285.6,17285.7,0,,,,,cash,
153,1415706540000,17286.5,17287.4,17281.7,17283.7,0,,,,,cash,
154,1415706600000,17283.1,17284.3,17274.2,17275.1,0,,,,,cash,
155,1415706660000,17275.9,17275.9,17266.9,17269.7,0,,,,,cash,
156,1415706720000,17271.5,17274.1,17270.8,17273.9,0,,,,,cash,
157,1415706780000,17271.2,17283.0,17270.4,17281.4,0,,,,,cash,
158,1415706840000,17281.8,17283.5,17280.2,17280.2,0,,,,,cash,
159,1415706900000,17281.6,17284.1,17279.8,17279.8,0,,,,,cash,
160,1415706960000,17277.0,17283.8,17277.0,17282.2,0,,,,,cash,
161,1415707020000,17281.5,17281.5,17269.7,17269.7,0,,,,,cash,
162,1415707080000,17266.8,17269.9,17265.4,17268.1,0,,,,,cash,
163,1415707140000,17264.2,17266.4,17262.9,17265.8,0,,,,,cash,
164,1415707200000,17265.4,17272.2,17259.6,17271.2,0,,,,,cash,
165,1415707260000,17267.5,17270.1,17266.1,17269.7,0,,,,,cash,
166,1415707320000,17272.4,17273.8,17270.5,17270.5,0,,,,,cash,
167,1415707380000,17270.3,17274.7,17270.3,17273.7,0,,,,,cash,
168,1415707440000,17272.4,17274.3,17261.3,17264.0,0,,,,,cash,
169,1415707500000,17263.7,17271.0,17262.5,17266.3,0,,,,,cash,
170,1415707560000,17264.3,17265.6,17259.2,17265.6,0,,,,,cash,
171,1415707620000,17263.7,17274.9,17263.7,17274.9,0,,,,,cash,
172,1415707680000,17273.2,17287.7,17273.2,17287.7,0,,,,,cash,
173,1415707740000,17285.6,17287.4,17275.7,17275.7,0,,,,,cash,
174,1415707800000,17270.1,17278.6,17270.1,17272.7,0,,,,,cash,
175,1415707860000,17266.3,17274.3,17264.3,17264.3,0,,,,,cash,
176,1415707920000,17258.3,17258.6,17237.7,17238.8,0,,,,,cash,
177,1415707980000,17236.7,17241.4,17236.7,17240.9,0,,,,,cash,
178,1415708040000,17240.4,17242.9,17237.5,17239.6,0,,,,,cash,
179,1415708100000,17242.3,17245.4,17241.9,17244.4,0,,,,,cash,
180,1415708160000,17247.3,17248.0,17239.2,17239.2,0,,,,,cash,
181,1415708220000,17241.4,17241.4,17221.6,17224.8,0,,,,,cash,
182,1415708280000,17220.4,17238.6,17220.4,17237.7,0,,,,,cash,
183,1415708340000,17240.3,17241.1,17235.6,17239.6,0,,,,,cash,
184,1415708400000,17240.3,17250.7,17240.3,17248.2,0,,,,,cash,
185,1415708460000,17248.8,17249.8,17246.4,17246.4,0,,,,,cash,
186,1415708520000,17245.1,17249.4,17245.1,17247.7,0,,,,,cash,
187,1415708580000,17253.1,17253.1,17248.4,17252.3,0,,,,,cash,
188,1415708640000,17254.4,17259.9,17254.4,17256.5,0,,,,,cash,
189,1415708700000,17258.2,17262.2,17257.5,17262.1,0,,,,,cash,
190,1415708760000,17261.1,17264.7,17260.6,17263.3,0,,,,,cash,
191,1415708820000,17262.7,17263.2,17260.5,17260.5,0,,,,,cash,
192,1415708880000,17264.3,17264.3,17261.5,17263.9,0,,,,,cash,
193,1415708940000,17265.3,17271.9,17263.3,17267.6,0,,,,,cash,
194,1415709000000,17268.6,17268.6,17265.0,17265.0,0,,,,,cash,
195,1415709060000,17263.2,17264.6,17250.8,17262.8,0,,,,,cash,
196,1415709120000,17260.2,17266.4,17259.5,17264.8,0,,,,,cash,
197,1415709180000,17264.6,17270.1,17264.6,17266.3,0,,,,,cash,
198,1415709240000,17263.1,17268.2,17263.1,17266.1,0,,,,,cash,
199,1415709300000,17266.3,17269.0,17260.3,17261.7,0,,,,,cash,
200,1415709360000,17260.3,17269.2,17258.9,17262.8,0,,,,,cash,
201,1415709420000,17264.1,17264.1,17254.2,17254.2,0,,,,,cash,
202,1415709480000,17257.3,17257.3,17253.4,17256.3,0,,,,,cash,
203,1415709540000,17254.7,17256.8,17245.8,17247.3,0,,,,,cash,
204,1415709600000,17247.5,17254.8,17247.5,17253.5,0,,,,,cash,
205,1415709660000,17255.3,17258.0,17253.3,17257.8,0,,,,,cash,
206,1415709720000,17258.4,17264.4,17258.4,17263.3,0,,,,,cash,
207,1415709780000,17262.4,17273.3,17262.4,17273.3,0,,,,,cash,
208,1415709840000,17275.8,17277.5,17272.1,17277.3,0,,,,,cash,
209,1415709900000,17278.0,17278.0,17273.1,17273.1,0,,,,,cash,
210,1415709960000,17272.1,17282.4,17272.1,17280.5,0,,,,,cash,
211,1415710020000,17283.6,17297.9,17283.6,17285.2,0,,,,,cash,
212,1415710080000,17289.2,17295.5,17289.2,17295.5,0,,,,,cash,
213,1415710140000,17292.8,17302.6,17292.8,17300.4,0,,,,,cash,
214,1415710200000,17299.0,17299.0,17295.8,17295.8,0,,,,,cash,
215,1415710260000,17294.2,17299.4,17294.2,17298.8,0,,,,,cash,
216,1415710320000,17298.2,17300.1,17296.9,17298.6,0,,,,,cash,
217,1415710380000,17297.9,17297.9,17294.3,17294.3,0,,,,,cash,
218,1415710440000,17294.3,17295.6,17290.7,17290.7,0,,,,,cash,
219,1415710500000,17290.9,17293.7,17290.1,17290.7,0,,,,,cash,
220,1415710560000,17291.1,17294.2,17289.3,17289.3,0,,,,,cash,
221,1415710620000,17290.2,17294.6,17290.2,17293.8,0,,,,,cash,
222,1415710680000,17294.7,17302.8,17294.7,17302.8,0,,,,,cash,
223,1415710740000,17301.9,17301.9,17295.1,17295.3,0,,,,,cash,
224,1415710800000,17295.1,17297.5,17293.2,17294.7,0,,,,,cash,
225,1415710860000,17296.3,17297.8,17292.4,17296.4,0,,,,,cash,
226,1415710920000,17298.2,17302.3,17297.8,17299.3,0,,,,,cash,
227,1415710980000,17304.9,17305.2,17300.3,17303.3,0,,,,,cash,
228,1415711040000,17304.8,17309.1,17303.5,17303.5,0,,,,,cash,
229,1415711100000,17304.8,17306.2,17298.5,17299.8,0,,,,,cash,
230,1415711160000,17299.4,17303.1,17297.8,17301.3,0,,,,,cash,
231,1415711220000,17300.8,17301.1,17296.1,17296.1,0,,,,,cash,
232,1415711280000,17295.8,17300.6,17295.8,17300.6,0,,,,,cash,
233,1415711340000,17297.4,17304.8,17297.4,17302.2,0,,,,,cash,
234,1415711400000,17302.7,17302.7,17299.9,17300.2,0,,,,,cash,
235,1415711460000,17298.9,17302.7,17298.4,17298.8,0,,,,,cash,
236,1415711520000,17298.6,17298.6,17294.1,17297.2,0,,,,,cash,
237,1415711580000,17294.1,17296.9,17292.6,17295.9,0,,,,,cash,
238,1415711640000,17296.2,17296.2,17290.5,17294.2,0,,,,,cash,
239,1415711700000,17291.1,17291.6,17285.9,17290.4,0,,,,,cash,
240,1415711760000,17288.2,17291.8,17288.1,17290.1,0,,,,,cash,
241,1415711820000,17290.9,17292.8,17289.6,17290.5,0,,,,,cash,
242,1415711880000,17291.5,17291.5,17287.3,17288.2,0,,,,,cash,
243,1415711940000,17284.8,17285.1,17253.2,17257.1,0,,,,,cash,
244,1415712000000,17256.3,17264.2,17252.2,17263.0,0,,,,,cash,
245,1415712060000,17261.7,17267.7,17261.7,17267.5,0,,,,,cash,
246,1415712120000,17267.9,17267.9,17263.3,17263.9,0,,,,,cash,
247,1415712180000,17261.8,17262.1,17259.7,17260.9,0,,,,,cash,
248,1415712240000,17258.5,17268.3,17258.5,17268.3,0,,,,,cash,
249,1415712300000,17267.7,17267.7,17261.2,17266.1,0,,,,,cash,
250,1415712360000,17263.8,17268.5,17263.8,17265.1,0,,,,,cash,
251,1415712420000,17264.9,17272.8,17264.9,17270.9,0,,,,,cash,
252,1415712480000,17270.7,17278.4,17270.7,17278.4,0,,,,,cash,
253,1415712540000,17276.4,17278.9,17275.7,17278.9,0,,,,,cash,
254,1415712600000,17276.7,17280.2,17271.7,17274.8,0,,,,,cash,
255,1415712660000,17272.1,17272.8,17263.1,17263.1,0,,,,,cash,
256,1415712720000,17263.8,17275.5,17263.8,17275.5,0,,,,,cash,
257,1415712780000,17276.9,17277.7,17274.0,17274.8,0,,,,,cash,
258,1415712840000,17273.3,17275.8,17268.8,17269.3,0,,,,,cash,
259,1415712900000,17269.3,17275.4,17267.4,17275.4,0,,,,,cash,
260,1415712960000,17275.1,17278.4,17272.7,17275.1,0,,,,,cash,
261,1415713020000,17273.4,17274.9,17270.6,17270.7,0,,,,,cash,
262,1415713080000,17269.5,17272.0,17267.8,17268.2,0,,,,,cash,
263,1415713140000,17267.3,17269.3,17262.8,17262.8,0,,,,,cash,
264,1415713200000,17259.3,17267.3,17256.9,17266.8,0,,,,,cash,
265,1415713260000,17264.4,17271.8,17264.4,17270.8,0,,,,,cash,
266,1415713320000,17272.5,17277.3,17272.3,17277.3,0,,,,,cash,
267,1415713380000,17277.1,17283.8,17276.6,17282.6,0,,,,,cash,
268,1415713440000,17281.9,17283.4,17277.6,17277.6,0,,,,,cash,
269,1415713500000,17278.1,17281.2,17278.1,17279.7,0,,,,,cash,
270,1415713560000,17279.1,17284.9,17279.1,17284.9,0,,,,,cash,
271,1415713620000,17281.8,17284.3,17281.7,17284.1,0,,,,,cash,
272,1415713680000,17283.1,17291.2,17283.1,17289.1,0,,,,,cash,
273,1415713740000,17288.2,17288.6,17283.3,17283.3,0,,,,,cash,
274,1415713800000,17285.6,17287.4,17283.2,17283.2,0,,,,,cash,
275,1415713860000,17281.6,17283.8,17276.4,17278.4,0,,,,,cash,
276,1415713920000,17273.3,17278.6,17273.0,17276.3,0,,,,,cash,
277,1415713980000,17276.4,17279.1,17276.3,17278.7,0,,,,,cash,
278,1415714040000,17279.6,17285.7,17278.0,17283.9,0,,,,,cash,
279,1415714100000,17284.3,17290.1,17284.2,17289.0,0,,,,,cash,
280,1415714160000,17287.3,17291.4,17287.3,17288.2,0,,,,,cash,
281,1415714220000,17286.5,17286.6,17284.4,17285.4,0,,,,,cash,
282,1415714280000,17285.8,17288.1,17284.3,17285.8,0,,,,,cash,
283,1415714340000,17285.5,17285.8,17283.5,17283.5,0,,,,,cash,
284,1415714400000,17286.5,17286.5,17282.1,17284.4,0,,,,,cash,
285,1415714460000,17283.9,17300.6,17283.9,17300.6,0,,,,,cash,
286,1415714520000,17304.3,17312.7,17304.3,17305.9,0,,,,,cash,
287,1415714580000,17305.7,17308.7,17304.6,17307.9,0,,,,,cash,
288,1415714640000,17308.6,17311.3,17307.8,17311.3,0,,,,,cash,
289,1415714700000,17311.1,17311.1,17304.3,17304.3,0,,,,,cash,
290,1415714760000,17305.6,17310.8,17305.6,17310.8,0,,,,,cash,
291,1415714820000,17311.1,17312.2,17309.4,17311.6,0,,,,,cash,
292,1415714880000,17310.3,17312.6,17310.3,17311.8,0,,,,,cash,
293,1415714940000,17310.7,17312.7,17310.7,17311.8,0,,,,,cash,
294,1415715000000,17312.1,17312.8,17311.7,17312.3,0,,,,,cash,
295,1415715060000,17312.4,17312.4,17303.5,17303.5,0,,,,,cash,
296,1415715120000,17304.1,17305.2,17302.8,17302.8,0,,,,,cash,
297,1415715180000,17305.0,17306.4,17302.7,17302.7,0,,,,,cash,
298,1415715240000,17302.9,17304.2,17301.6,17302.6,0,,,,,cash,
299,1415715300000,17305.0,17308.6,17305.0,17305.8,0,,,,,cash,
300,1415715360000,17305.2,17307.7,17305.2,17306.3,0,,,,,cash,
301,1415715420000,17305.8,17305.8,17297.7,17297.9,0,,,,,cash,
302,1415715480000,17297.8,17297.8,17282.4,17282.4,0,,,,,cash,
303,1415715540000,17281.8,17282.2,17275.3,17279.7,0,,,,,cash,
304,1415715600000,17277.7,17295.7,17277.7,17293.3,0,,,,,cash,
305,1415715660000,17292.3,17295.5,17292.3,17295.5,0,,,,,cash,
306,1415715720000,17293.7,17301.6,17293.7,17299.8,0,,,,,cash,
307,1415715780000,17300.8,17306.1,17300.8,17306.1,0,,,,,cash,
308,1415715840000,17308.7,17312.1,17308.2,17312.1,0,,,,,cash,
309,1415715900000,17310.2,17311.4,17309.6,17310.1,0,,,,,cash,
310,1415715960000,17311.0,17311.9,17309.3,17310.9,0,,,,,cash,
311,1415716020000,17311.3,17311.3,17306.6,17307.7,0,,,,,cash,
312,1415716080000,17307.5,17313.8,17307.1,17313.8,0,,,,,cash,
313,1415716140000,17313.2,17314.6,17311.8,17314.6,0,,,,,cash,
314,1415716200000,17314.5,17321.6,17313.2,17321.6,0,,,,,cash,
315,1415716260000,17322.2,17338.2,17319.9,17335.3,0,,,,,cash,
316,1415716320000,17335.6,17338.3,17330.9,17330.9,0,,,,,cash,
317,1415716380000,17327.2,17328.2,17326.3,17326.3,0,,,,,cash,
318,1415716440000,17326.9,17329.4,17325.9,17329.4,0,,,,,cash,
319,1415716500000,17328.6,17331.2,17328.6,17329.6,0,,,,,cash,
320,1415716560000,17329.5,17342.4,17328.8,17342.3,0,,,,,cash,
321,1415716620000,17340.5,17342.8,17332.4,17332.4,0,,,,,cash,
322,1415716680000,17337.2,17339.3,17336.6,17337.2,0,,,,,cash,
323,1415716740000,17335.3,17335.8,17332.4,17333.1,0,,,,,cash,
324,1415716800000,17332.6,17333.8,17331.7,17331.7,0,,,,,cash,
325,1415716860000,17331.3,17332.3,17329.9,17330.2,0,,,,,cash,
326,1415716920000,17329.0,17329.0,17318.7,17326.3,0,,,,,cash,
327,1415716980000,17325.7,17326.8,17318.8,17318.8,0,,,,,cash,
328,1415717040000,17319.6,17321.4,17315.8,17317.2,0,,,,,cash,
329,1415717100000,17317.8,17324.4,17314.8,17324.4,0,,,,,cash,
330,1415717160000,17325.3,17332.3,17324.8,17329.7,0,,,,,cash,
331,1415717220000,17331.5,17333.1,17329.8,17333.1,0,,,,,cash,
332,1415717280000,17332.7,17332.9,17329.1,17331.4,0,,,,,cash,
333,1415717340000,17336.8,17339.0,17333.7,17337.8,0,,,,,cash,
334,1415717400000,17338.1,17340.7,17336.8,17336.8,0,,,,,cash,
335,1415717460000,17336.9,17338.8,17336.9,17338.2,0,,,,,cash,
336,1415717520000,17339.0,17344.2,17338.4,17341.9,0,,,,,cash,
337,1415717580000,17339.9,17344.9,17338.0,17342.9,0,,,,,cash,
338,1415717640000,17341.0,17341.8,17337.8,17341.8,0,,,,,cash,
339,1415717700000,17340.0,17342.7,17338.8,17341.2,0,,,,,cash,
340,1415717760000,17339.3,17342.2,17338.2,17338.6,0,,,,,cash,
341,1415717820000,17338.7,17340.0,17329.9,17334.0,0,,,,,cash,
342,1415717880000,17334.1,17339.3,17333.1,17335.8,0,,,,,cash,
343,1415717940000,17336.2,17341.6,17335.9,17341.6,0,,,,,cash,
344,1415718000000,17340.2,17341.1,17338.4,17341.1,0,,,,,cash,
345,1415718060000,17340.2,17348.7,17339.9,17348.7,0,,,,,cash,
346,1415718120000,17349.3,17353.0,17348.1,17350.7,0,,,,,cash,
347,1415718180000,17350.9,17362.4,17350.9,17361.4,0,,,,,cash,
348,1415718240000,17362.3,17370.8,17361.2,17370.6,0,,,,,cash,
349,1415718300000,17371.9,17379.6,17370.3,17379.6,0,,,,,cash,
350,1415718360000,17377.1,17382.4,17377.1,17377.3,0,,,,,cash,
351,1415718420000,17377.7,17381.6,17377.7,17381.6,0,,,,,cash,
352,1415718480000,17381.9,17382.7,17370.1,17370.1,0,,,,,cash,
353,1415718540000,17361.6,17367.8,17355.6,17367.8,0,,,,,cash,
354,1415718600000,17363.5,17368.9,17363.5,17367.0,0,,,,,cash,
355,1415718660000,17366.8,17368.2,17363.3,17363.3,0,,,,,cash,
356,1415718720000,17363.8,17366.0,17360.4,17362.6,0,,,,,cash,
357,1415718780000,17361.8,17372.2,17361.8,17371.2,0,,,,,cash,
358,1415718840000,17369.9,17377.1,17369.9,17376.3,0,,,,,cash,
359,1415718900000,17375.3,17378.6,17374.6,17376.8,0,,,,,cash,
360,1415718960000,17376.4,17384.3,17375.3,17378.7,0,,,,,cash,
361,1415719020000,17374.9,17384.8,17374.9,17383.2,0,,,,,cash,
362,1415719080000,17382.3,17386.4,17377.2,17377.2,0,,,,,cash,
363,1415719140000,17374.3,17379.2,17374.3,17374.9,0,,,,,cash,
364,1415719200000,17374.0,17380.4,17374.0,17380.4,0,,,,,cash,
365,1415719260000,17379.9,17382.4,17378.8,17380.1,0,,,,,cash,
366,1415719320000,17385.4,17397.3,17382.5,17397.3,0,,,,,cash,
367,1415719380000,17396.6,17403.8,17396.6,17403.8,0,,,,,cash,
368,1415719440000,17404.8,17412.9,17404.8,17407.1,0,,,,,cash,
369,1415719500000,17409.4,17422.2,17409.4,17422.1,0,,,,,cash,
370,1415719560000,17420.9,17425.7,17419.6,17423.4,0,,,,,cash,
371,1415719620000,17424.8,17426.4,17423.3,17424.1,0,,,,,cash,
372,1415719680000,17422.4,17427.6,17422.4,17427.5,0,,,,,cash,
373,1415719740000,17426.7,17431.6,17426.7,17428.8,0,,,,,cash,
374,1415719800000,17427.9,17434.2,17427.8,17429.5,0,,,,,cash,
