,timestamp,open,high,low,close,volume,open_interest,strike,expiry_type,expiry,instrument,contract_type
0,1585559700000,5.1,23.9,5.1,15.35,24975,,9600,weekly,2020-4-1T21:00:00.000,options,call
1,1585559760000,18.1,21.6,18.1,20.85,31200,,9600,weekly,2020-4-1T21:00:00.000,options,call
2,1585559820000,20.8,20.8,18.05,18.6,18975,,9600,weekly,2020-4-1T21:00:00.000,options,call
3,1585559880000,18.6,18.6,17.0,17.0,16575,,9600,weekly,2020-4-1T21:00:00.000,options,call
4,1585559940000,17.05,19.6,17.0,19.45,18750,,9600,weekly,2020-4-1T21:00:00.000,options,call
5,1585560000000,19.25,20.85,18.5,20.4,24450,,9600,weekly,2020-4-1T21:00:00.000,options,call
6,1585560060000,20.1,22.7,19.85,22.4,50775,,9600,weekly,2020-4-1T21:00:00.000,options,call
7,1585560120000,22.7,22.7,21.0,22.4,35250,,9600,weekly,2020-4-1T21:00:00.000,options,call
8,1585560180000,22.35,22.4,20.0,20.0,15150,,9600,weekly,2020-4-1T21:00:00.000,options,call
9,1585560240000,20.05,20.75,20.0,20.45,17625,,9600,weekly,2020-4-1T21:00:00.000,options,call
10,1585560300000,20.2,20.6,20.0,20.55,20250,,9600,weekly,2020-4-1T21:00:00.000,options,call
11,1585560360000,20.7,20.7,20.0,20.45,10200,,9600,weekly,2020-4-1T21:00:00.000,options,call
12,1585560420000,20.15,20.45,19.75,19.75,16575,,9600,weekly,2020-4-1T21:00:00.000,options,call
13,1585560480000,19.8,20.15,17.25,17.75,10275,,9600,weekly,2020-4-1T21:00:00.000,options,call
14,1585560540000,17.8,18.5,17.55,18.5,9525,,9600,weekly,2020-4-1T21:00:00.000,options,call
15,1585560600000,18.25,19.0,18.2,18.85,8925,,9600,weekly,2020-4-1T21:00:00.000,options,call
16,1585560660000,19.1,20.0,18.85,19.65,17700,,9600,weekly,2020-4-1T21:00:00.000,options,call
17,1585560720000,19.8,22.3,19.5,22.3,22650,,9600,weekly,2020-4-1T21:00:00.000,options,call
18,1585560780000,21.75,23.15,21.15,22.05,23250,,9600,weekly,2020-4-1T21:00:00.000,options,call
19,1585560840000,22.3,22.55,21.7,21.9,12525,,9600,weekly,2020-4-1T21:00:00.000,options,call
20,1585560900000,22.05,22.4,21.0,21.15,16725,,9600,weekly,2020-4-1T21:00:00.000,options,call
21,1585560960000,21.35,21.4,20.35,20.7,26025,,9600,weekly,2020-4-1T21:00:00.000,options,call
22,1585561020000,20.6,22.65,20.55,22.35,14100,,9600,weekly,2020-4-1T21:00:00.000,options,call
23,1585561080000,22.55,25.45,22.15,25.05,28425,,9600,weekly,2020-4-1T21:00:00.000,options,call
24,1585561140000,25.0,25.6,24.5,25.3,23550,,9600,weekly,2020-4-1T21:00:00.000,options,call
25,1585561200000,25.9,29.95,25.9,29.95,32700,,9600,weekly,2020-4-1T21:00:00.000,options,call
26,1585561260000,29.95,32.15,29.65,30.45,30225,,9600,weekly,2020-4-1T21:00:00.000,options,call
27,1585561320000,30.45,30.45,26.0,26.5,25725,,9600,weekly,2020-4-1T21:00:00.000,options,call
28,1585561380000,26.55,27.15,25.35,25.75,10800,,9600,weekly,2020-4-1T21:00:00.000,options,call
29,1585561440000,25.9,27.5,25.9,26.8,9150,,9600,weekly,2020-4-1T21:00:00.000,options,call
30,1585561500000,26.8,30.25,26.8,29.75,21075,,9600,weekly,2020-4-1T21:00:00.000,options,call
31,1585561560000,29.75,29.75,28.05,28.3,7425,,9600,weekly,2020-4-1T21:00:00.000,options,call
32,1585561620000,28.25,28.8,26.65,26.75,7950,,9600,weekly,2020-4-1T21:00:00.000,options,call
33,1585561680000,26.4,27.0,25.8,26.3,11475,,9600,weekly,2020-4-1T21:00:00.000,options,call
34,1585561740000,26.5,27.0,26.1,26.9,9900,,9600,weekly,2020-4-1T21:00:00.000,options,call
35,1585561800000,27.2,27.9,26.55,26.7,8475,,9600,weekly,2020-4-1T21:00:00.000,options,call
36,1585561860000,27.0,27.65,25.6,25.75,12300,,9600,weekly,2020-4-1T21:00:00.000,options,call
37,1585561920000,25.75,27.0,25.75,26.0,8475,,9600,weekly,2020-4-1T21:00:00.000,options,call
38,1585561980000,26.0,26.3,25.6,26.2,9600,,9600,weekly,2020-4-1T21:00:00.000,options,call
39,1585562040000,26.1,27.75,26.1,27.6,10950,,9600,weekly,2020-4-1T21:00:00.000,options,call
40,1585562100000,28.0,28.1,26.8,27.15,7350,,9600,weekly,2020-4-1T21:00:00.000,options,call
41,1585562160000,27.15,27.3,25.55,25.55,6375,,9600,weekly,2020-4-1T21:00:00.000,options,call
42,1585562220000,25.85,28.4,25.65,28.4,14475,,9600,weekly,2020-4-1T21:00:00.000,options,call
43,1585562280000,28.35,29.6,27.15,27.15,27375,,9600,weekly,2020-4-1T21:00:00.000,options,call
44,1585562340000,27.6,29.05,27.6,28.0,11700,,9600,weekly,2020-4-1T21:00:00.000,options,call
45,1585562400000,27.55,28.15,27.05,28.0,5175,,9600,weekly,2020-4-1T21:00:00.000,options,call
46,1585562460000,28.15,28.5,26.65,26.75,7875,,9600,weekly,2020-4-1T21:00:00.000,options,call
47,1585562520000,26.55,27.5,26.45,26.5,6300,,9600,weekly,2020-4-1T21:00:00.000,options,call
48,1585562580000,27.2,27.5,26.3,27.5,5475,,9600,weekly,2020-4-1T21:00:00.000,options,call
49,1585562640000,27.5,29.0,27.05,27.05,11925,,9600,weekly,2020-4-1T21:00:00.000,options,call
50,1585562700000,27.25,27.95,26.1,26.4,8850,,9600,weekly,2020-4-1T21:00:00.000,options,call
51,1585562760000,26.25,27.3,23.3,23.6,15225,,9600,weekly,2020-4-1T21:00:00.000,options,call
52,1585562820000,23.4,23.7,21.55,23.0,20325,,9600,weekly,2020-4-1T21:00:00.000,options,call
53,1585562880000,23.15,23.5,22.65,22.9,12075,,9600,weekly,2020-4-1T21:00:00.000,options,call
54,1585562940000,22.9,22.9,21.1,21.45,9450,,9600,weekly,2020-4-1T21:00:00.000,options,call
55,1585563000000,21.45,22.6,21.45,22.05,10425,,9600,weekly,2020-4-1T21:00:00.000,options,call
56,1585563060000,22.2,22.75,21.5,21.5,4725,,9600,weekly,2020-4-1T21:00:00.000,options,call
57,1585563120000,21.5,21.5,20.15,20.3,15450,,9600,weekly,2020-4-1T21:00:00.000,options,call
58,1585563180000,20.3,20.5,19.55,20.05,8175,,9600,weekly,2020-4-1T21:00:00.000,options,call
59,1585563240000,20.05,21.65,20.0,21.3,11625,,9600,weekly,2020-4-1T21:00:00.000,options,call
60,1585563300000,21.3,21.4,20.5,20.95,5625,,9600,weekly,2020-4-1T21:00:00.000,options,call
61,1585563360000,20.95,21.5,20.8,20.8,3825,,9600,weekly,2020-4-1T21:00:00.000,options,call
62,1585563420000,20.7,21.5,20.55,20.6,5400,,9600,weekly,2020-4-1T21:00:00.000,options,call
63,1585563480000,20.6,21.25,20.4,21.1,11025,,9600,weekly,2020-4-1T21:00:00.000,options,call
64,1585563540000,21.5,22.0,21.1,21.6,4725,,9600,weekly,2020-4-1T21:00:00.000,options,call
65,1585563600000,21.95,22.75,21.7,22.4,10050,,9600,weekly,2020-4-1T21:00:00.000,options,call
66,1585563660000,22.5,22.6,21.7,22.15,5625,,9600,weekly,2020-4-1T21:00:00.000,options,call
67,1585563720000,22.3,23.7,22.05,23.25,9450,,9600,weekly,2020-4-1T21:00:00.000,options,call
68,1585563780000,23.0,24.3,22.35,23.65,9825,,9600,weekly,2020-4-1T21:00:00.000,options,call
69,1585563840000,24.0,24.0,22.95,24.0,8700,,9600,weekly,2020-4-1T21:00:00.000,options,call
70,1585563900000,23.65,24.3,23.15,23.2,6075,,9600,weekly,2020-4-1T21:00:00.000,options,call
71,1585563960000,23.35,23.6,23.0,23.3,3675,,9600,weekly,2020-4-1T21:00:00.000,options,call
72,1585564020000,23.25,24.15,23.2,24.0,4575,,9600,weekly,2020-4-1T21:00:00.000,options,call
73,1585564080000,24.2,24.2,23.3,24.0,7200,,9600,weekly,2020-4-1T21:00:00.000,options,call
74,1585564140000,24.0,24.0,23.1,23.85,5775,,9600,weekly,2020-4-1T21:00:00.000,options,call
75,1585564200000,23.85,24.5,23.55,24.4,6900,,9600,weekly,2020-4-1T21:00:00.000,options,call
76,1585564260000,24.4,25.05,23.95,24.2,10350,,9600,weekly,2020-4-1T21:00:00.000,options,call
77,1585564320000,24.1,26.25,24.0,25.8,18825,,9600,weekly,2020-4-1T21:00:00.000,options,call
78,1585564380000,25.8,26.8,25.0,25.65,20850,,9600,weekly,2020-4-1T21:00:00.000,options,call
79,1585564440000,25.95,26.4,24.55,24.55,9600,,9600,weekly,2020-4-1T21:00:00.000,options,call
80,1585564500000,24.5,24.85,23.6,23.75,12225,,9600,weekly,2020-4-1T21:00:00.000,options,call
81,1585564560000,23.6,23.6,22.0,23.1,5850,,9600,weekly,2020-4-1T21:00:00.000,options,call
82,1585564620000,22.8,23.45,22.5,23.45,2625,,9600,weekly,2020-4-1T21:00:00.000,options,call
83,1585564680000,23.45,24.2,23.3,23.6,6225,,9600,weekly,2020-4-1T21:00:00.000,options,call
84,1585564740000,23.9,26.35,23.75,26.35,10500,,9600,weekly,2020-4-1T21:00:00.000,options,call
85,1585564800000,26.2,26.5,25.15,25.9,9750,,9600,weekly,2020-4-1T21:00:00.000,options,call
86,1585564860000,25.75,25.95,24.65,24.65,5250,,9600,weekly,2020-4-1T21:00:00.000,options,call
87,1585564920000,24.65,25.9,23.65,25.5,8775,,9600,weekly,2020-4-1T21:00:00.000,options,call
88,1585564980000,25.55,26.05,25.15,25.9,5850,,9600,weekly,2020-4-1T21:00:00.000,options,call
89,1585565040000,26.0,26.35,24.85,25.35,5775,,9600,weekly,2020-4-1T21:00:00.000,options,call
90,1585565100000,25.6,25.75,24.5,24.8,4200,,9600,weekly,2020-4-1T21:00:00.000,options,call
91,1585565160000,25.2,26.95,25.2,25.25,8175,,9600,weekly,2020-4-1T21:00:00.000,options,call
92,1585565220000,25.45,26.45,25.2,25.7,14700,,9600,weekly,2020-4-1T21:00:00.000,options,call
93,1585565280000,25.5,25.7,24.6,25.6,4425,,9600,weekly,2020-4-1T21:00:00.000,options,call
94,1585565340000,25.5,26.0,24.9,24.9,4125,,9600,weekly,2020-4-1T21:00:00.000,options,call
95,1585565400000,25.15,25.15,22.8,23.0,9825,,9600,weekly,2020-4-1T21:00:00.000,options,call
96,1585565460000,23.05,25.85,23.05,25.85,3375,,9600,weekly,2020-4-1T21:00:00.000,options,call
97,1585565520000,25.6,25.65,24.5,25.3,2700,,9600,weekly,2020-4-1T21:00:00.000,options,call
98,1585565580000,25.3,25.75,25.0,25.5,3900,,9600,weekly,2020-4-1T21:00:00.000,options,call
99,1585565640000,25.5,25.6,24.3,25.4,4200,,9600,weekly,2020-4-1T21:00:00.000,options,call
100,1585565700000,25.2,25.5,24.0,24.75,7275,,9600,weekly,2020-4-1T21:00:00.000,options,call
101,1585565760000,24.8,25.0,23.7,23.95,3300,,9600,weekly,2020-4-1T21:00:00.000,options,call
102,1585565820000,23.9,24.05,23.25,23.4,5250,,9600,weekly,2020-4-1T21:00:00.000,options,call
103,1585565880000,23.6,23.8,23.25,23.25,1650,,9600,weekly,2020-4-1T21:00:00.000,options,call
104,1585565940000,23.3,23.8,22.55,23.4,10200,,9600,weekly,2020-4-1T21:00:00.000,options,call
105,1585566000000,23.4,23.4,22.7,22.95,4125,,9600,weekly,2020-4-1T21:00:00.000,options,call
106,1585566060000,23.2,23.8,23.15,23.25,900,,9600,weekly,2020-4-1T21:00:00.000,options,call
107,1585566120000,23.45,23.45,22.1,22.1,5100,,9600,weekly,2020-4-1T21:00:00.000,options,call
108,1585566180000,22.1,23.3,22.0,22.0,5175,,9600,weekly,2020-4-1T21:00:00.000,options,call
109,1585566240000,22.25,22.25,21.65,22.2,4875,,9600,weekly,2020-4-1T21:00:00.000,options,call
110,1585566300000,22.4,22.55,21.2,21.3,5850,,9600,weekly,2020-4-1T21:00:00.000,options,call
111,1585566360000,21.3,21.35,19.7,20.5,7650,,9600,weekly,2020-4-1T21:00:00.000,options,call
112,1585566420000,20.5,20.55,19.15,20.25,10275,,9600,weekly,2020-4-1T21:00:00.000,options,call
113,1585566480000,20.1,21.15,20.1,20.45,3375,,9600,weekly,2020-4-1T21:00:00.000,options,call
114,1585566540000,20.45,20.85,20.1,20.85,5325,,9600,weekly,2020-4-1T21:00:00.000,options,call
115,1585566600000,20.7,21.2,20.1,20.1,5325,,9600,weekly,2020-4-1T21:00:00.000,options,call
116,1585566660000,20.2,21.15,20.1,21.15,3750,,9600,weekly,2020-4-1T21:00:00.000,options,call
117,1585566720000,21.4,22.2,21.15,21.95,7650,,9600,weekly,2020-4-1T21:00:00.000,options,call
118,1585566780000,21.9,22.0,21.3,21.6,675,,9600,weekly,2020-4-1T21:00:00.000,options,call
119,1585566840000,21.3,22.15,21.2,22.15,7200,,9600,weekly,2020-4-1T21:00:00.000,options,call
120,1585566900000,22.15,22.85,22.15,22.25,3375,,9600,weekly,2020-4-1T21:00:00.000,options,call
121,1585566960000,22.25,22.9,22.25,22.65,4725,,9600,weekly,2020-4-1T21:00:00.000,options,call
122,1585567020000,22.65,23.05,22.45,22.9,5250,,9600,weekly,2020-4-1T21:00:00.000,options,call
123,1585567080000,22.9,23.0,22.5,22.65,3975,,9600,weekly,2020-4-1T21:00:00.000,options,call
124,1585567140000,22.65,22.65,21.75,22.1,1575,,9600,weekly,2020-4-1T21:00:00.000,options,call
125,1585567200000,22.1,22.1,21.6,21.9,1200,,9600,weekly,2020-4-1T21:00:00.000,options,call
126,1585567260000,21.9,21.9,20.4,20.4,2700,,9600,weekly,2020-4-1T21:00:00.000,options,call
127,1585567320000,20.3,21.1,19.65,20.9,7500,,9600,weekly,2020-4-1T21:00:00.000,options,call
128,1585567380000,20.5,21.6,20.5,21.15,2850,,9600,weekly,2020-4-1T21:00:00.000,options,call
129,1585567440000,21.15,21.8,20.7,20.7,4125,,9600,weekly,2020-4-1T21:00:00.000,options,call
130,1585567500000,20.7,21.4,20.7,20.85,4650,,9600,weekly,2020-4-1T21:00:00.000,options,call
131,1585567560000,21.0,21.0,20.3,20.3,2175,,9600,weekly,2020-4-1T21:00:00.000,options,call
132,1585567620000,20.3,20.65,20.0,20.6,7800,,9600,weekly,2020-4-1T21:00:00.000,options,call
133,1585567680000,20.6,21.0,20.35,20.75,4050,,9600,weekly,2020-4-1T21:00:00.000,options,call
134,1585567740000,20.75,21.0,20.65,20.65,525,,9600,weekly,2020-4-1T21:00:00.000,options,call
135,1585567800000,20.6,20.7,20.3,20.3,1800,,9600,weekly,2020-4-1T21:00:00.000,options,call
136,1585567860000,20.0,20.65,19.75,20.65,5850,,9600,weekly,2020-4-1T21:00:00.000,options,call
137,1585567920000,20.15,20.25,19.8,19.9,6000,,9600,weekly,2020-4-1T21:00:00.000,options,call
138,1585567980000,20.3,20.5,20.0,20.2,1875,,9600,weekly,2020-4-1T21:00:00.000,options,call
139,1585568040000,20.2,20.25,19.75,20.15,10200,,9600,weekly,2020-4-1T21:00:00.000,options,call
140,1585568100000,20.1,20.1,19.3,19.7,6000,,9600,weekly,2020-4-1T21:00:00.000,options,call
141,1585568160000,19.8,19.85,19.15,19.25,5400,,9600,weekly,2020-4-1T21:00:00.000,options,call
142,1585568220000,19.25,20.0,19.25,19.6,6000,,9600,weekly,2020-4-1T21:00:00.000,options,call
143,1585568280000,19.7,19.75,19.05,19.05,3150,,9600,weekly,2020-4-1T21:00:00.000,options,call
144,1585568340000,19.0,19.15,18.65,19.05,4500,,9600,weekly,2020-4-1T21:00:00.000,options,call
145,1585568400000,18.8,20.05,18.8,19.8,4725,,9600,weekly,2020-4-1T21:00:00.000,options,call
146,1585568460000,19.6,20.85,19.6,20.5,7125,,9600,weekly,2020-4-1T21:00:00.000,options,call
147,1585568520000,20.55,20.8,19.8,20.4,4725,,9600,weekly,2020-4-1T21:00:00.000,options,call
148,1585568580000,20.4,20.6,19.75,19.95,4425,,9600,weekly,2020-4-1T21:00:00.000,options,call
149,1585568640000,19.95,20.6,19.85,20.45,1275,,9600,weekly,2020-4-1T21:00:00.000,options,call
150,1585568700000,20.5,21.05,20.5,20.95,4425,,9600,weekly,2020-4-1T21:00:00.000,options,call
151,1585568760000,20.95,20.95,20.5,20.5,1950,,9600,weekly,2020-4-1T21:00:00.000,options,call
152,1585568820000,20.5,20.6,20.15,20.15,6825,,9600,weekly,2020-4-1T21:00:00.000,options,call
153,1585568880000,20.25,20.95,20.15,20.4,5400,,9600,weekly,2020-4-1T21:00:00.000,options,call
154,1585568940000,20.4,21.1,20.35,20.8,4125,,9600,weekly,2020-4-1T21:00:00.000,options,call
155,1585569000000,20.65,20.75,20.35,20.35,3750,,9600,weekly,2020-4-1T21:00:00.000,options,call
156,1585569060000,20.55,20.75,20.3,20.7,750,,9600,weekly,2020-4-1T21:00:00.000,options,call
157,1585569120000,20.3,20.3,20.15,20.2,525,,9600,weekly,2020-4-1T21:00:00.000,options,call
158,1585569180000,20.3,20.6,20.15,20.35,2625,,9600,weekly,2020-4-1T21:00:00.000,options,call
159,1585569240000,20.35,20.35,19.95,19.95,4575,,9600,weekly,2020-4-1T21:00:00.000,options,call
160,1585569300000,20.0,20.05,19.0,19.2,9150,,9600,weekly,2020-4-1T21:00:00.000,options,call
161,1585569360000,19.2,19.25,17.45,17.6,8700,,9600,weekly,2020-4-1T21:00:00.000,options,call
162,1585569420000,17.55,18.4,17.0,17.9,5100,,9600,weekly,2020-4-1T21:00:00.000,options,call
163,1585569480000,17.95,18.8,17.7,18.6,13200,,9600,weekly,2020-4-1T21:00:00.000,options,call
164,1585569540000,18.65,18.65,17.75,18.45,5850,,9600,weekly,2020-4-1T21:00:00.000,options,call
165,1585569600000,18.45,18.45,17.9,18.25,5400,,9600,weekly,2020-4-1T21:00:00.000,options,call
166,1585569660000,18.0,18.1,17.4,17.5,4500,,9600,weekly,2020-4-1T21:00:00.000,options,call
167,1585569720000,17.65,17.95,17.4,17.5,6075,,9600,weekly,2020-4-1T21:00:00.000,options,call
168,1585569780000,17.5,17.5,16.8,17.1,3900,,9600,weekly,2020-4-1T21:00:00.000,options,call
169,1585569840000,17.1,17.1,15.85,15.85,7800,,9600,weekly,2020-4-1T21:00:00.000,options,call
170,1585569900000,15.7,16.0,15.35,16.0,6075,,9600,weekly,2020-4-1T21:00:00.000,options,call
171,1585569960000,16.1,16.35,16.0,16.0,4500,,9600,weekly,2020-4-1T21:00:00.000,options,call
172,1585570020000,16.15,16.4,15.8,16.4,3075,,9600,weekly,2020-4-1T21:00:00.000,options,call
173,1585570080000,16.5,16.7,16.3,16.7,2925,,9600,weekly,2020-4-1T21:00:00.000,options,call
174,1585570140000,16.4,16.4,16.0,16.3,2100,,9600,weekly,2020-4-1T21:00:00.000,options,call
175,1585570200000,16.2,16.2,15.6,16.0,2550,,9600,weekly,2020-4-1T21:00:00.000,options,call
176,1585570260000,16.0,16.2,15.65,15.65,4350,,9600,weekly,2020-4-1T21:00:00.000,options,call
177,1585570320000,15.65,15.75,15.35,15.65,3675,,9600,weekly,2020-4-1T21:00:00.000,options,call
178,1585570380000,15.6,16.35,15.6,16.05,6825,,9600,weekly,2020-4-1T21:00:00.000,options,call
179,1585570440000,16.05,16.1,15.75,16.1,5025,,9600,weekly,2020-4-1T21:00:00.000,options,call
180,1585570500000,16.2,16.25,15.85,16.15,1800,,9600,weekly,2020-4-1T21:00:00.000,options,call
181,1585570560000,15.9,16.0,15.7,15.75,2775,,9600,weekly,2020-4-1T21:00:00.000,options,call
182,1585570620000,15.95,16.6,15.95,16.4,2700,,9600,weekly,2020-4-1T21:00:00.000,options,call
183,1585570680000,16.4,16.6,16.15,16.4,3225,,9600,weekly,2020-4-1T21:00:00.000,options,call
184,1585570740000,16.4,16.9,16.4,16.45,5775,,9600,weekly,2020-4-1T21:00:00.000,options,call
185,1585570800000,16.45,16.95,16.4,16.7,6525,,9600,weekly,2020-4-1T21:00:00.000,options,call
186,1585570860000,16.7,17.15,16.5,16.75,6150,,9600,weekly,2020-4-1T21:00:00.000,options,call
187,1585570920000,16.8,16.9,16.5,16.7,975,,9600,weekly,2020-4-1T21:00:00.000,options,call
188,1585570980000,16.7,16.8,16.15,16.15,4725,,9600,weekly,2020-4-1T21:00:00.000,options,call
189,1585571040000,16.15,16.5,16.0,16.05,4650,,9600,weekly,2020-4-1T21:00:00.000,options,call
190,1585571100000,16.05,16.2,14.9,15.1,12975,,9600,weekly,2020-4-1T21:00:00.000,options,call
191,1585571160000,15.2,15.3,14.85,15.1,5700,,9600,weekly,2020-4-1T21:00:00.000,options,call
192,1585571220000,15.1,15.4,14.9,14.9,4425,,9600,weekly,2020-4-1T21:00:00.000,options,call
193,1585571280000,15.0,15.15,15.0,15.1,1050,,9600,weekly,2020-4-1T21:00:00.000,options,call
194,1585571340000,14.85,15.2,14.65,14.65,2325,,9600,weekly,2020-4-1T21:00:00.000,options,call
195,1585571400000,14.8,15.25,14.5,14.85,1875,,9600,weekly,2020-4-1T21:00:00.000,options,call
196,1585571460000,14.95,15.2,14.7,14.7,1200,,9600,weekly,2020-4-1T21:00:00.000,options,call
197,1585571520000,14.45,15.0,14.45,15.0,1050,,9600,weekly,2020-4-1T21:00:00.000,options,call
198,1585571580000,14.7,14.75,14.5,14.5,4125,,9600,weekly,2020-4-1T21:00:00.000,options,call
199,1585571640000,14.45,15.0,14.45,14.7,1950,,9600,weekly,2020-4-1T21:00:00.000,options,call
200,1585571700000,14.6,14.6,14.25,14.25,1650,,9600,weekly,2020-4-1T21:00:00.000,options,call
201,1585571760000,14.15,14.15,13.45,13.55,8700,,9600,weekly,2020-4-1T21:00:00.000,options,call
202,1585571820000,13.55,13.55,12.85,13.1,9375,,9600,weekly,2020-4-1T21:00:00.000,options,call
203,1585571880000,13.1,13.2,12.0,12.15,10875,,9600,weekly,2020-4-1T21:00:00.000,options,call
204,1585571940000,12.25,12.35,12.0,12.25,3000,,9600,weekly,2020-4-1T21:00:00.000,options,call
205,1585572000000,12.25,12.55,12.25,12.4,5775,,9600,weekly,2020-4-1T21:00:00.000,options,call
206,1585572060000,12.45,12.45,12.0,12.1,6975,,9600,weekly,2020-4-1T21:00:00.000,options,call
207,1585572120000,12.15,12.15,11.3,11.35,7200,,9600,weekly,2020-4-1T21:00:00.000,options,call
208,1585572180000,11.4,11.4,11.05,11.25,10125,,9600,weekly,2020-4-1T21:00:00.000,options,call
209,1585572240000,11.2,11.85,11.2,11.65,15075,,9600,weekly,2020-4-1T21:00:00.000,options,call
210,1585572300000,11.6,11.6,11.2,11.3,13425,,9600,weekly,2020-4-1T21:00:00.000,options,call
211,1585572360000,11.6,11.6,11.25,11.25,8325,,9600,weekly,2020-4-1T21:00:00.000,options,call
212,1585572420000,11.35,11.4,11.0,11.15,5850,,9600,weekly,2020-4-1T21:00:00.000,options,call
213,1585572480000,11.0,11.35,10.75,10.75,12300,,9600,weekly,2020-4-1T21:00:00.000,options,call
214,1585572540000,10.8,10.9,10.45,10.6,16950,,9600,weekly,2020-4-1T21:00:00.000,options,call
215,1585572600000,10.6,10.9,10.4,10.85,20175,,9600,weekly,2020-4-1T21:00:00.000,options,call
216,1585572660000,10.85,11.2,10.75,11.15,14475,,9600,weekly,2020-4-1T21:00:00.000,options,call
217,1585572720000,11.1,11.35,11.0,11.15,15300,,9600,weekly,2020-4-1T21:00:00.000,options,call
218,1585572780000,11.3,11.4,11.05,11.4,6075,,9600,weekly,2020-4-1T21:00:00.000,options,call
219,1585572840000,11.35,11.55,11.15,11.2,5475,,9600,weekly,2020-4-1T21:00:00.000,options,call
220,1585572900000,11.2,11.3,10.9,10.9,10200,,9600,weekly,2020-4-1T21:00:00.000,options,call
221,1585572960000,10.9,11.05,10.75,10.95,4050,,9600,weekly,2020-4-1T21:00:00.000,options,call
222,1585573020000,10.95,10.95,10.5,10.65,15300,,9600,weekly,2020-4-1T21:00:00.000,options,call
223,1585573080000,10.65,10.9,10.55,10.85,8700,,9600,weekly,2020-4-1T21:00:00.000,options,call
224,1585573140000,10.85,10.9,10.6,10.9,2325,,9600,weekly,2020-4-1T21:00:00.000,options,call
225,1585573200000,10.9,10.9,10.7,10.9,2700,,9600,weekly,2020-4-1T21:00:00.000,options,call
226,1585573260000,10.9,10.9,10.6,10.6,2250,,9600,weekly,2020-4-1T21:00:00.000,options,call
227,1585573320000,10.6,10.75,10.5,10.55,2175,,9600,weekly,2020-4-1T21:00:00.000,options,call
228,1585573380000,10.55,10.6,10.35,10.4,6900,,9600,weekly,2020-4-1T21:00:00.000,options,call
229,1585573440000,10.45,10.45,9.35,9.5,14700,,9600,weekly,2020-4-1T21:00:00.000,options,call
230,1585573500000,9.5,9.55,9.15,9.2,6000,,9600,weekly,2020-4-1T21:00:00.000,options,call
231,1585573560000,9.2,9.35,9.0,9.25,8925,,9600,weekly,2020-4-1T21:00:00.000,options,call
232,1585573620000,9.25,9.5,9.15,9.15,13950,,9600,weekly,2020-4-1T21:00:00.000,options,call
233,1585573680000,9.2,9.2,8.65,8.9,13350,,9600,weekly,2020-4-1T21:00:00.000,options,call
234,1585573740000,8.75,9.0,8.75,9.0,1350,,9600,weekly,2020-4-1T21:00:00.000,options,call
235,1585573800000,9.0,9.0,8.75,8.75,5850,,9600,weekly,2020-4-1T21:00:00.000,options,call
236,1585573860000,8.75,9.1,8.75,9.05,5400,,9600,weekly,2020-4-1T21:00:00.000,options,call
237,1585573920000,9.05,9.25,9.0,9.2,3675,,9600,weekly,2020-4-1T21:00:00.000,options,call
238,1585573980000,9.05,9.75,9.0,9.35,7050,,9600,weekly,2020-4-1T21:00:00.000,options,call
239,1585574040000,9.6,9.7,9.45,9.65,2700,,9600,weekly,2020-4-1T21:00:00.000,options,call
240,1585574100000,9.65,10.3,9.55,10.3,8175,,9600,weekly,2020-4-1T21:00:00.000,options,call
241,1585574160000,10.3,10.3,10.0,10.1,1800,,9600,weekly,2020-4-1T21:00:00.000,options,call
242,1585574220000,10.0,10.1,10.0,10.05,675,,9600,weekly,2020-4-1T21:00:00.000,options,call
243,1585574280000,10.0,10.1,9.85,10.0,3750,,9600,weekly,2020-4-1T21:00:00.000,options,call
244,1585574340000,10.0,10.1,9.75,9.75,1725,,9600,weekly,2020-4-1T21:00:00.000,options,call
245,1585574400000,9.75,9.9,9.2,9.2,6000,,9600,weekly,2020-4-1T21:00:00.000,options,call
246,1585574460000,9.25,9.5,9.25,9.25,2100,,9600,weekly,2020-4-1T21:00:00.000,options,call
247,1585574520000,9.3,9.8,9.3,9.75,1275,,9600,weekly,2020-4-1T21:00:00.000,options,call
248,1585574580000,9.8,9.9,9.65,9.85,2775,,9600,weekly,2020-4-1T21:00:00.000,options,call
249,1585574640000,9.85,9.95,9.65,9.7,2775,,9600,weekly,2020-4-1T21:00:00.000,options,call
250,1585574700000,9.55,9.65,9.35,9.45,2100,,9600,weekly,2020-4-1T21:00:00.000,options,call
251,1585574760000,9.6,9.6,9.15,9.25,13350,,9600,weekly,2020-4-1T21:00:00.000,options,call
252,1585574820000,9.35,9.35,8.9,9.25,4575,,9600,weekly,2020-4-1T21:00:00.000,options,call
253,1585574880000,9.3,9.5,9.15,9.3,3525,,9600,weekly,2020-4-1T21:00:00.000,options,call
254,1585574940000,9.55,9.55,9.25,9.4,2025,,9600,weekly,2020-4-1T21:00:00.000,options,call
255,1585575000000,9.5,9.65,9.4,9.4,5550,,9600,weekly,2020-4-1T21:00:00.000,options,call
256,1585575060000,9.15,9.6,9.15,9.6,4425,,9600,weekly,2020-4-1T21:00:00.000,options,call
257,1585575120000,9.65,9.85,9.65,9.85,4500,,9600,weekly,2020-4-1T21:00:00.000,options,call
258,1585575180000,10.0,10.4,10.0,10.3,9225,,9600,weekly,2020-4-1T21:00:00.000,options,call
259,1585575240000,10.3,10.75,10.2,10.75,2775,,9600,weekly,2020-4-1T21:00:00.000,options,call
260,1585575300000,10.6,10.65,10.3,10.4,8700,,9600,weekly,2020-4-1T21:00:00.000,options,call
261,1585575360000,10.3,11.05,10.3,11.05,8250,,9600,weekly,2020-4-1T21:00:00.000,options,call
262,1585575420000,11.1,11.25,10.65,10.7,11625,,9600,weekly,2020-4-1T21:00:00.000,options,call
263,1585575480000,10.75,11.1,10.7,11.05,6375,,9600,weekly,2020-4-1T21:00:00.000,options,call
264,1585575540000,11.1,11.2,10.8,10.8,7725,,9600,weekly,2020-4-1T21:00:00.000,options,call
265,1585575600000,10.8,10.8,10.25,10.4,12450,,9600,weekly,2020-4-1T21:00:00.000,options,call
266,1585575660000,10.35,10.4,10.05,10.15,2475,,9600,weekly,2020-4-1T21:00:00.000,options,call
267,1585575720000,10.3,10.65,10.25,10.65,5925,,9600,weekly,2020-4-1T21:00:00.000,options,call
268,1585575780000,10.6,10.75,10.2,10.25,20025,,9600,weekly,2020-4-1T21:00:00.000,options,call
269,1585575840000,10.45,10.45,10.05,10.05,11250,,9600,weekly,2020-4-1T21:00:00.000,options,call
270,1585575900000,10.15,10.15,9.3,9.55,7050,,9600,weekly,2020-4-1T21:00:00.000,options,call
271,1585575960000,9.6,9.75,9.5,9.75,1800,,9600,weekly,2020-4-1T21:00:00.000,options,call
272,1585576020000,9.55,9.7,9.3,9.35,8475,,9600,weekly,2020-4-1T21:00:00.000,options,call
273,1585576080000,9.3,9.3,8.85,9.1,14475,,9600,weekly,2020-4-1T21:00:00.000,options,call
274,1585576140000,9.1,9.2,9.0,9.0,1425,,9600,weekly,2020-4-1T21:00:00.000,options,call
275,1585576200000,9.05,9.25,9.05,9.2,6150,,9600,weekly,2020-4-1T21:00:00.000,options,call
276,1585576260000,9.1,9.25,9.0,9.15,5850,,9600,weekly,2020-4-1T21:00:00.000,options,call
277,1585576320000,9.1,9.2,8.8,8.8,14775,,9600,weekly,2020-4-1T21:00:00.000,options,call
278,1585576380000,8.8,8.9,8.3,8.45,20850,,9600,weekly,2020-4-1T21:00:00.000,options,call
279,1585576440000,8.45,8.85,8.4,8.55,13350,,9600,weekly,2020-4-1T21:00:00.000,options,call
280,1585576500000,8.55,8.9,8.5,8.85,14775,,9600,weekly,2020-4-1T21:00:00.000,options,call
281,1585576560000,8.95,8.95,8.5,8.55,12075,,9600,weekly,2020-4-1T21:00:00.000,options,call
282,1585576620000,8.55,8.7,8.45,8.7,4500,,9600,weekly,2020-4-1T21:00:00.000,options,call
283,1585576680000,8.75,8.85,8.65,8.7,7425,,9600,weekly,2020-4-1T21:00:00.000,options,call
284,1585576740000,8.7,8.7,8.4,8.55,4950,,9600,weekly,2020-4-1T21:00:00.000,options,call
285,1585576800000,8.5,8.5,8.15,8.35,12375,,9600,weekly,2020-4-1T21:00:00.000,options,call
286,1585576860000,8.25,8.75,8.25,8.3,9075,,9600,weekly,2020-4-1T21:00:00.000,options,call
287,1585576920000,8.25,8.7,8.25,8.4,10650,,9600,weekly,2020-4-1T21:00:00.000,options,call
288,1585576980000,8.35,8.45,8.15,8.2,7200,,9600,weekly,2020-4-1T21:00:00.000,options,call
289,1585577040000,8.2,8.25,8.0,8.15,12300,,9600,weekly,2020-4-1T21:00:00.000,options,call
290,1585577100000,8.2,8.55,8.2,8.35,10875,,9600,weekly,2020-4-1T21:00:00.000,options,call
291,1585577160000,8.45,8.5,8.0,8.0,6150,,9600,weekly,2020-4-1T21:00:00.000,options,call
292,1585577220000,8.0,8.05,7.7,7.75,13050,,9600,weekly,2020-4-1T21:00:00.000,options,call
293,1585577280000,7.85,8.1,7.55,7.55,5100,,9600,weekly,2020-4-1T21:00:00.000,options,call
294,1585577340000,7.55,8.05,7.5,7.65,11850,,9600,weekly,2020-4-1T21:00:00.000,options,call
295,1585577400000,7.8,8.0,7.55,7.95,2250,,9600,weekly,2020-4-1T21:00:00.000,options,call
296,1585577460000,8.0,8.0,7.8,7.8,2025,,9600,weekly,2020-4-1T21:00:00.000,options,call
297,1585577520000,7.8,8.4,7.8,8.15,12825,,9600,weekly,2020-4-1T21:00:00.000,options,call
298,1585577580000,8.35,8.35,7.8,7.9,1575,,9600,weekly,2020-4-1T21:00:00.000,options,call
299,1585577640000,8.0,8.25,8.0,8.25,4650,,9600,weekly,2020-4-1T21:00:00.000,options,call
300,1585577700000,8.35,8.45,8.2,8.3,13125,,9600,weekly,2020-4-1T21:00:00.000,options,call
301,1585577760000,8.25,8.55,8.25,8.35,8550,,9600,weekly,2020-4-1T21:00:00.000,options,call
302,1585577820000,8.4,8.4,8.15,8.15,6525,,9600,weekly,2020-4-1T21:00:00.000,options,call
303,1585577880000,8.15,8.2,7.75,8.1,7425,,9600,weekly,2020-4-1T21:00:00.000,options,call
304,1585577940000,8.15,8.2,8.0,8.0,3450,,9600,weekly,2020-4-1T21:00:00.000,options,call
305,1585578000000,8.0,8.0,7.6,7.65,8100,,9600,weekly,2020-4-1T21:00:00.000,options,call
306,1585578060000,7.8,7.85,7.45,7.55,5700,,9600,weekly,2020-4-1T21:00:00.000,options,call
307,1585578120000,7.55,8.0,7.55,7.75,5475,,9600,weekly,2020-4-1T21:00:00.000,options,call
308,1585578180000,7.55,7.55,7.45,7.45,975,,9600,weekly,2020-4-1T21:00:00.000,options,call
309,1585578240000,7.5,7.7,7.35,7.4,4200,,9600,weekly,2020-4-1T21:00:00.000,options,call
310,1585578300000,7.55,7.6,7.25,7.35,13200,,9600,weekly,2020-4-1T21:00:00.000,options,call
311,1585578360000,7.4,7.5,7.3,7.45,6225,,9600,weekly,2020-4-1T21:00:00.000,options,call
312,1585578420000,7.3,7.65,7.3,7.65,6300,,9600,weekly,2020-4-1T21:00:00.000,options,call
313,1585578480000,7.65,7.8,7.55,7.8,1500,,9600,weekly,2020-4-1T21:00:00.000,options,call
314,1585578540000,7.8,7.9,7.55,7.7,4275,,9600,weekly,2020-4-1T21:00:00.000,options,call
315,1585578600000,7.8,8.2,7.65,7.95,5550,,9600,weekly,2020-4-1T21:00:00.000,options,call
316,1585578660000,7.9,7.95,7.8,7.95,2400,,9600,weekly,2020-4-1T21:00:00.000,options,call
317,1585578720000,7.8,7.8,7.6,7.65,8475,,9600,weekly,2020-4-1T21:00:00.000,options,call
318,1585578780000,7.55,7.6,7.35,7.35,7500,,9600,weekly,2020-4-1T21:00:00.000,options,call
319,1585578840000,7.3,7.4,6.95,7.05,6975,,9600,weekly,2020-4-1T21:00:00.000,options,call
320,1585578900000,7.05,7.05,6.65,6.9,18525,,9600,weekly,2020-4-1T21:00:00.000,options,call
321,1585578960000,6.9,7.05,6.8,7.0,7875,,9600,weekly,2020-4-1T21:00:00.000,options,call
322,1585579020000,7.0,7.0,6.75,6.9,6225,,9600,weekly,2020-4-1T21:00:00.000,options,call
323,1585579080000,6.9,7.0,6.8,7.0,7425,,9600,weekly,2020-4-1T21:00:00.000,options,call
324,1585579140000,7.0,7.1,6.9,6.95,2850,,9600,weekly,2020-4-1T21:00:00.000,options,call
325,1585579200000,6.9,6.95,6.8,6.85,3000,,9600,weekly,2020-4-1T21:00:00.000,options,call
326,1585579260000,6.85,6.85,6.7,6.8,6000,,9600,weekly,2020-4-1T21:00:00.000,options,call
327,1585579320000,6.65,6.65,6.3,6.45,7200,,9600,weekly,2020-4-1T21:00:00.000,options,call
328,1585579380000,6.55,6.55,6.1,6.1,11100,,9600,weekly,2020-4-1T21:00:00.000,options,call
329,1585579440000,6.1,6.2,5.9,6.0,12675,,9600,weekly,2020-4-1T21:00:00.000,options,call
330,1585579500000,6.0,6.0,5.75,5.8,18600,,9600,weekly,2020-4-1T21:00:00.000,options,call
331,1585579560000,5.75,5.8,5.45,5.65,20775,,9600,weekly,2020-4-1T21:00:00.000,options,call
332,1585579620000,5.55,5.6,5.4,5.45,12450,,9600,weekly,2020-4-1T21:00:00.000,options,call
333,1585579680000,5.45,5.5,5.35,5.35,11700,,9600,weekly,2020-4-1T21:00:00.000,options,call
334,1585579740000,5.35,5.4,5.25,5.4,6525,,9600,weekly,2020-4-1T21:00:00.000,options,call
335,1585579800000,5.4,5.6,5.4,5.45,8400,,9600,weekly,2020-4-1T21:00:00.000,options,call
336,1585579860000,5.4,5.4,5.3,5.4,9825,,9600,weekly,2020-4-1T21:00:00.000,options,call
337,1585579920000,5.4,5.5,5.3,5.5,7725,,9600,weekly,2020-4-1T21:00:00.000,options,call
338,1585579980000,5.5,5.55,5.4,5.5,10575,,9600,weekly,2020-4-1T21:00:00.000,options,call
339,1585580040000,5.6,5.65,5.5,5.55,10050,,9600,weekly,2020-4-1T21:00:00.000,options,call
340,1585580100000,5.5,5.6,5.4,5.4,6150,,9600,weekly,2020-4-1T21:00:00.000,options,call
341,1585580160000,5.4,5.55,5.4,5.55,3450,,9600,weekly,2020-4-1T21:00:00.000,options,call
342,1585580220000,5.55,5.65,5.45,5.6,1725,,9600,weekly,2020-4-1T21:00:00.000,options,call
343,1585580280000,5.6,5.95,5.55,5.7,6450,,9600,weekly,2020-4-1T21:00:00.000,options,call
344,1585580340000,5.8,6.0,5.8,5.95,2700,,9600,weekly,2020-4-1T21:00:00.000,options,call
345,1585580400000,5.95,6.0,5.6,5.95,9000,,9600,weekly,2020-4-1T21:00:00.000,options,call
346,1585580460000,5.95,6.1,5.75,5.75,11100,,9600,weekly,2020-4-1T21:00:00.000,options,call
347,1585580520000,5.75,5.85,5.65,5.85,4875,,9600,weekly,2020-4-1T21:00:00.000,options,call
348,1585580580000,5.85,5.85,5.5,5.6,5925,,9600,weekly,2020-4-1T21:00:00.000,options,call
349,1585580640000,5.6,5.6,5.5,5.55,4650,,9600,weekly,2020-4-1T21:00:00.000,options,call
350,1585580700000,5.55,5.6,5.5,5.55,1950,,9600,weekly,2020-4-1T21:00:00.000,options,call
351,1585580760000,5.45,5.5,5.4,5.5,5925,,9600,weekly,2020-4-1T21:00:00.000,options,call
352,1585580820000,5.5,5.75,5.45,5.75,4050,,9600,weekly,2020-4-1T21:00:00.000,options,call
353,1585580880000,5.6,5.9,5.6,5.75,9300,,9600,weekly,2020-4-1T21:00:00.000,options,call
354,1585580940000,5.75,5.75,5.55,5.7,1200,,9600,weekly,2020-4-1T21:00:00.000,options,call
355,1585581000000,5.6,5.75,5.5,5.6,4725,,9600,weekly,2020-4-1T21:00:00.000,options,call
356,1585581060000,5.6,5.6,5.5,5.6,3225,,9600,weekly,2020-4-1T21:00:00.000,options,call
357,1585581120000,5.6,5.6,5.45,5.55,3225,,9600,weekly,2020-4-1T21:00:00.000,options,call
358,1585581180000,5.55,5.55,5.5,5.5,5025,,9600,weekly,2020-4-1T21:00:00.000,options,call
359,1585581240000,5.5,5.55,5.4,5.4,2850,,9600,weekly,2020-4-1T21:00:00.000,options,call
360,1585581300000,5.45,5.5,5.4,5.45,4425,,9600,weekly,2020-4-1T21:00:00.000,options,call
361,1585581360000,5.4,5.4,5.25,5.25,5775,,9600,weekly,2020-4-1T21:00:00.000,options,call
362,1585581420000,5.25,5.3,5.2,5.25,4800,,9600,weekly,2020-4-1T21:00:00.000,options,call
363,1585581480000,5.25,5.25,5.1,5.2,2850,,9600,weekly,2020-4-1T21:00:00.000,options,call
364,1585581540000,5.2,5.35,5.15,5.3,5775,,9600,weekly,2020-4-1T21:00:00.000,options,call
365,1585581600000,5.3,5.35,5.2,5.25,5700,,9600,weekly,2020-4-1T21:00:00.000,options,call
366,1585581660000,5.25,5.3,5.0,5.15,6300,,9600,weekly,2020-4-1T21:00:00.000,options,call
367,1585581720000,5.1,5.15,5.05,5.05,6750,,9600,weekly,2020-4-1T21:00:00.000,options,call
368,1585581780000,5.05,5.1,5.0,5.05,5400,,9600,weekly,2020-4-1T21:00:00.000,options,call
369,1585581840000,5.1,5.15,5.0,5.15,7050,,9600,weekly,2020-4-1T21:00:00.000,options,call
370,1585581900000,5.15,5.35,4.95,4.95,8625,,9600,weekly,2020-4-1T21:00:00.000,options,call
371,1585581960000,4.95,5.45,4.95,5.35,4725,,9600,weekly,2020-4-1T21:00:00.000,options,call
372,1585582020000,5.35,5.35,4.9,5.2,8025,,9600,weekly,2020-4-1T21:00:00.000,options,call
373,1585582080000,5.3,6.1,5.1,5.15,8925,,9600,weekly,2020-4-1T21:00:00.000,options,call
374,1585582140000,5.1,5.25,4.9,5.25,5325,,9600,weekly,2020-4-1T21:00:00.000,options,call
