,timestamp,open,high,low,close,volume,open_interest,strike,expiry_type,expiry,instrument,contract_type
0,1605757440000,421.1,421.1,373.2,384.9,1825,,29200,weekly,2020-11-26T21:00:00.000,options,put
1,1605757500000,387.2,415.0,381.85,407.1,4825,,29200,weekly,2020-11-26T21:00:00.000,options,put
2,1605757560000,407.1,425.0,405.65,425.0,1425,,29200,weekly,2020-11-26T21:00:00.000,options,put
3,1605757620000,425.0,430.0,420.0,429.1,1700,,29200,weekly,2020-11-26T21:00:00.000,options,put
4,1605757680000,429.3,441.1,421.85,428.1,2975,,29200,weekly,2020-11-26T21:00:00.000,options,put
5,1605757740000,428.1,437.3,423.45,423.7,3400,,29200,weekly,2020-11-26T21:00:00.000,options,put
6,1605757800000,423.7,430.0,413.6,430.0,1525,,29200,weekly,2020-11-26T21:00:00.000,options,put
7,1605757860000,430.0,432.6,425.0,425.45,1375,,29200,weekly,2020-11-26T21:00:00.000,options,put
8,1605757920000,425.0,430.35,420.4,425.1,1325,,29200,weekly,2020-11-26T21:00:00.000,options,put
9,1605757980000,420.3,420.3,401.9,405.05,3000,,29200,weekly,2020-11-26T21:00:00.000,options,put
10,1605758040000,403.1,418.95,402.05,407.6,1550,,29200,weekly,2020-11-26T21:00:00.000,options,put
11,1605758100000,404.15,408.25,394.25,399.45,2125,,29200,weekly,2020-11-26T21:00:00.000,options,put
12,1605758160000,399.45,404.15,395.9,399.0,725,,29200,weekly,2020-11-26T21:00:00.000,options,put
13,1605758220000,397.45,400.9,394.35,399.9,925,,29200,weekly,2020-11-26T21:00:00.000,options,put
14,1605758280000,402.25,404.8,397.3,402.45,1875,,29200,weekly,2020-11-26T21:00:00.000,options,put
15,1605758340000,401.7,410.35,400.4,403.7,2300,,29200,weekly,2020-11-26T21:00:00.000,options,put
16,1605758400000,405.2,409.15,401.35,401.35,1225,,29200,weekly,2020-11-26T21:00:00.000,options,put
17,1605758460000,400.0,404.8,395.0,402.0,1150,,29200,weekly,2020-11-26T21:00:00.000,options,put
18,1605758520000,399.65,399.65,393.0,393.45,2250,,29200,weekly,2020-11-26T21:00:00.000,options,put
19,1605758580000,393.6,393.6,380.0,383.65,1350,,29200,weekly,2020-11-26T21:00:00.000,options,put
20,1605758640000,377.3,380.0,368.4,375.55,1150,,29200,weekly,2020-11-26T21:00:00.000,options,put
21,1605758700000,378.85,380.75,374.85,378.0,925,,29200,weekly,2020-11-26T21:00:00.000,options,put
22,1605758760000,379.15,385.2,379.0,379.9,1425,,29200,weekly,2020-11-26T21:00:00.000,options,put
23,1605758820000,376.85,376.85,362.25,364.0,2225,,29200,weekly,2020-11-26T21:00:00.000,options,put
24,1605758880000,364.95,373.45,364.95,373.45,1975,,29200,weekly,2020-11-26T21:00:00.000,options,put
25,1605758940000,371.15,378.7,367.2,367.2,1375,,29200,weekly,2020-11-26T21:00:00.000,options,put
26,1605759000000,365.0,365.4,353.9,355.0,2650,,29200,weekly,2020-11-26T21:00:00.000,options,put
27,1605759060000,355.15,359.45,350.85,354.35,2225,,29200,weekly,2020-11-26T21:00:00.000,options,put
28,1605759120000,351.15,351.15,341.75,345.7,1625,,29200,weekly,2020-11-26T21:00:00.000,options,put
29,1605759180000,346.7,348.9,332.5,336.0,1875,,29200,weekly,2020-11-26T21:00:00.000,options,put
30,1605759240000,335.4,352.5,334.95,352.5,1600,,29200,weekly,2020-11-26T21:00:00.000,options,put
31,1605759300000,352.5,360.6,352.5,360.6,675,,29200,weekly,2020-11-26T21:00:00.000,options,put
32,1605759360000,361.85,365.1,353.85,355.9,800,,29200,weekly,2020-11-26T21:00:00.000,options,put
33,1605759420000,355.9,362.05,354.0,358.8,925,,29200,weekly,2020-11-26T21:00:00.000,options,put
34,1605759540000,367.4,378.75,367.4,370.1,1825,,29200,weekly,2020-11-26T21:00:00.000,options,put
35,1605759600000,370.45,374.9,357.75,357.75,2125,,29200,weekly,2020-11-26T21:00:00.000,options,put
36,1605759660000,357.75,358.45,351.0,354.3,2350,,29200,weekly,2020-11-26T21:00:00.000,options,put
37,1605759720000,356.2,358.75,351.0,351.25,3575,,29200,weekly,2020-11-26T21:00:00.000,options,put
38,1605759780000,351.9,356.1,347.0,352.7,1250,,29200,weekly,2020-11-26T21:00:00.000,options,put
39,1605759840000,353.35,353.85,345.35,350.85,1025,,29200,weekly,2020-11-26T21:00:00.000,options,put
40,1605759900000,353.45,354.5,348.8,354.2,675,,29200,weekly,2020-11-26T21:00:00.000,options,put
41,1605759960000,354.2,360.7,354.2,357.5,400,,29200,weekly,2020-11-26T21:00:00.000,options,put
42,1605760020000,360.0,366.3,359.0,366.3,1050,,29200,weekly,2020-11-26T21:00:00.000,options,put
43,1605760080000,363.0,363.0,359.7,361.1,625,,29200,weekly,2020-11-26T21:00:00.000,options,put
44,1605760140000,362.35,370.85,360.65,370.85,1175,,29200,weekly,2020-11-26T21:00:00.000,options,put
45,1605760200000,369.1,383.0,365.3,372.5,1650,,29200,weekly,2020-11-26T21:00:00.000,options,put
46,1605760260000,371.2,371.2,363.55,367.5,850,,29200,weekly,2020-11-26T21:00:00.000,options,put
47,1605760320000,366.8,368.65,366.45,368.65,175,,29200,weekly,2020-11-26T21:00:00.000,options,put
48,1605760380000,368.6,368.6,366.6,368.55,275,,29200,weekly,2020-11-26T21:00:00.000,options,put
49,1605760440000,368.0,377.9,366.2,372.8,1250,,29200,weekly,2020-11-26T21:00:00.000,options,put
50,1605760500000,371.4,371.4,360.25,360.6,850,,29200,weekly,2020-11-26T21:00:00.000,options,put
51,1605760560000,360.0,360.0,350.35,355.05,700,,29200,weekly,2020-11-26T21:00:00.000,options,put
52,1605760620000,354.3,361.0,354.3,359.6,525,,29200,weekly,2020-11-26T21:00:00.000,options,put
53,1605760680000,359.95,365.6,359.95,362.25,450,,29200,weekly,2020-11-26T21:00:00.000,options,put
54,1605760740000,362.95,362.95,344.15,347.6,1600,,29200,weekly,2020-11-26T21:00:00.000,options,put
55,1605760800000,347.6,356.3,345.55,356.3,375,,29200,weekly,2020-11-26T21:00:00.000,options,put
56,1605760860000,356.65,358.85,356.65,357.8,150,,29200,weekly,2020-11-26T21:00:00.000,options,put
57,1605760920000,356.95,357.75,354.4,355.85,225,,29200,weekly,2020-11-26T21:00:00.000,options,put
58,1605760980000,356.4,357.9,356.4,357.9,50,,29200,weekly,2020-11-26T21:00:00.000,options,put
59,1605761040000,358.55,369.2,358.55,362.75,1900,,29200,weekly,2020-11-26T21:00:00.000,options,put
60,1605761100000,362.75,368.0,362.75,365.1,275,,29200,weekly,2020-11-26T21:00:00.000,options,put
61,1605761160000,361.1,364.2,360.05,364.2,625,,29200,weekly,2020-11-26T21:00:00.000,options,put
62,1605761220000,362.8,366.15,360.0,366.15,875,,29200,weekly,2020-11-26T21:00:00.000,options,put
63,1605761280000,366.3,366.3,362.55,364.65,175,,29200,weekly,2020-11-26T21:00:00.000,options,put
64,1605761340000,364.05,370.65,364.05,364.3,1875,,29200,weekly,2020-11-26T21:00:00.000,options,put
65,1605761400000,359.65,360.55,357.1,358.9,1050,,29200,weekly,2020-11-26T21:00:00.000,options,put
66,1605761460000,358.9,369.65,358.15,369.65,600,,29200,weekly,2020-11-26T21:00:00.000,options,put
67,1605761520000,360.4,360.4,359.5,359.5,225,,29200,weekly,2020-11-26T21:00:00.000,options,put
68,1605761580000,360.65,361.8,358.3,359.0,700,,29200,weekly,2020-11-26T21:00:00.000,options,put
69,1605761640000,362.05,362.05,357.0,357.0,1200,,29200,weekly,2020-11-26T21:00:00.000,options,put
70,1605761700000,352.5,352.5,349.8,350.7,600,,29200,weekly,2020-11-26T21:00:00.000,options,put
71,1605761760000,354.9,361.0,354.6,356.9,1100,,29200,weekly,2020-11-26T21:00:00.000,options,put
72,1605761820000,359.75,360.45,356.4,357.25,650,,29200,weekly,2020-11-26T21:00:00.000,options,put
73,1605761880000,359.15,359.15,355.55,358.5,325,,29200,weekly,2020-11-26T21:00:00.000,options,put
74,1605761940000,361.4,363.35,358.3,359.45,350,,29200,weekly,2020-11-26T21:00:00.000,options,put
75,1605762000000,359.6,366.2,359.6,365.4,200,,29200,weekly,2020-11-26T21:00:00.000,options,put
76,1605762060000,364.1,370.95,363.25,365.35,1000,,29200,weekly,2020-11-26T21:00:00.000,options,put
77,1605762120000,364.0,364.0,357.15,357.15,200,,29200,weekly,2020-11-26T21:00:00.000,options,put
78,1605762180000,354.55,354.55,347.9,354.1,400,,29200,weekly,2020-11-26T21:00:00.000,options,put
79,1605762240000,356.75,356.75,356.75,356.75,25,,29200,weekly,2020-11-26T21:00:00.000,options,put
80,1605762360000,356.75,357.35,356.75,357.35,50,,29200,weekly,2020-11-26T21:00:00.000,options,put
81,1605762420000,358.7,362.3,358.7,362.3,125,,29200,weekly,2020-11-26T21:00:00.000,options,put
82,1605762480000,365.95,369.15,363.25,363.25,800,,29200,weekly,2020-11-26T21:00:00.000,options,put
83,1605762540000,362.8,389.05,362.8,384.0,2950,,29200,weekly,2020-11-26T21:00:00.000,options,put
84,1605762600000,386.25,395.1,383.15,388.0,1375,,29200,weekly,2020-11-26T21:00:00.000,options,put
85,1605762660000,388.0,396.0,388.0,393.95,775,,29200,weekly,2020-11-26T21:00:00.000,options,put
86,1605762720000,395.0,408.95,391.2,402.65,1325,,29200,weekly,2020-11-26T21:00:00.000,options,put
87,1605762780000,400.0,400.0,392.0,392.0,900,,29200,weekly,2020-11-26T21:00:00.000,options,put
88,1605762840000,395.0,402.8,385.3,388.0,1050,,29200,weekly,2020-11-26T21:00:00.000,options,put
89,1605762900000,390.65,391.95,385.35,389.5,550,,29200,weekly,2020-11-26T21:00:00.000,options,put
90,1605762960000,389.5,396.05,388.8,396.05,450,,29200,weekly,2020-11-26T21:00:00.000,options,put
91,1605763020000,396.05,397.85,390.95,390.95,450,,29200,weekly,2020-11-26T21:00:00.000,options,put
92,1605763080000,394.25,398.0,391.85,398.0,300,,29200,weekly,2020-11-26T21:00:00.000,options,put
93,1605763140000,398.0,405.0,398.0,403.35,1275,,29200,weekly,2020-11-26T21:00:00.000,options,put
94,1605763200000,406.0,413.1,406.0,406.0,950,,29200,weekly,2020-11-26T21:00:00.000,options,put
95,1605763260000,406.0,422.05,406.0,419.0,1600,,29200,weekly,2020-11-26T21:00:00.000,options,put
96,1605763320000,419.95,431.2,419.95,431.2,1750,,29200,weekly,2020-11-26T21:00:00.000,options,put
97,1605763380000,428.1,428.1,415.0,423.05,2425,,29200,weekly,2020-11-26T21:00:00.000,options,put
98,1605763440000,426.4,429.2,415.25,418.15,1450,,29200,weekly,2020-11-26T21:00:00.000,options,put
99,1605763500000,418.75,422.95,410.5,414.8,1125,,29200,weekly,2020-11-26T21:00:00.000,options,put
100,1605763560000,418.0,418.0,407.6,407.6,725,,29200,weekly,2020-11-26T21:00:00.000,options,put
101,1605763620000,405.35,405.35,401.6,403.05,1200,,29200,weekly,2020-11-26T21:00:00.000,options,put
102,1605763680000,400.0,403.55,392.8,400.5,1500,,29200,weekly,2020-11-26T21:00:00.000,options,put
103,1605763740000,401.0,408.1,401.0,404.6,900,,29200,weekly,2020-11-26T21:00:00.000,options,put
104,1605763800000,405.6,405.85,403.9,405.05,675,,29200,weekly,2020-11-26T21:00:00.000,options,put
105,1605763860000,403.8,409.25,403.55,409.25,500,,29200,weekly,2020-11-26T21:00:00.000,options,put
106,1605763920000,409.25,418.7,408.4,418.6,475,,29200,weekly,2020-11-26T21:00:00.000,options,put
107,1605763980000,419.4,424.15,410.95,418.7,1100,,29200,weekly,2020-11-26T21:00:00.000,options,put
108,1605764040000,418.7,423.8,413.15,415.8,925,,29200,weekly,2020-11-26T21:00:00.000,options,put
109,1605764100000,415.1,415.2,411.6,412.55,200,,29200,weekly,2020-11-26T21:00:00.000,options,put
110,1605764160000,404.05,408.2,393.95,399.15,1725,,29200,weekly,2020-11-26T21:00:00.000,options,put
111,1605764220000,396.1,402.35,394.1,399.15,1900,,29200,weekly,2020-11-26T21:00:00.000,options,put
112,1605764280000,398.7,403.4,394.0,402.8,1250,,29200,weekly,2020-11-26T21:00:00.000,options,put
113,1605764340000,402.8,403.0,399.15,400.15,275,,29200,weekly,2020-11-26T21:00:00.000,options,put
114,1605764400000,398.9,398.9,392.2,393.85,2200,,29200,weekly,2020-11-26T21:00:00.000,options,put
115,1605764460000,391.0,395.05,387.3,389.5,1275,,29200,weekly,2020-11-26T21:00:00.000,options,put
116,1605764520000,389.5,389.9,382.25,387.0,1600,,29200,weekly,2020-11-26T21:00:00.000,options,put
117,1605764580000,386.6,387.35,377.95,380.05,2175,,29200,weekly,2020-11-26T21:00:00.000,options,put
118,1605764640000,379.5,386.85,378.5,386.85,350,,29200,weekly,2020-11-26T21:00:00.000,options,put
119,1605764700000,385.95,385.95,378.75,378.75,1025,,29200,weekly,2020-11-26T21:00:00.000,options,put
120,1605764760000,383.15,383.15,380.0,380.0,150,,29200,weekly,2020-11-26T21:00:00.000,options,put
121,1605764820000,380.0,380.0,373.85,378.1,600,,29200,weekly,2020-11-26T21:00:00.000,options,put
122,1605764880000,380.0,381.0,376.75,379.85,200,,29200,weekly,2020-11-26T21:00:00.000,options,put
123,1605764940000,379.0,381.5,373.85,376.45,525,,29200,weekly,2020-11-26T21:00:00.000,options,put
124,1605765000000,375.1,375.1,365.95,369.4,1200,,29200,weekly,2020-11-26T21:00:00.000,options,put
125,1605765060000,369.4,369.4,361.0,365.65,1250,,29200,weekly,2020-11-26T21:00:00.000,options,put
126,1605765120000,365.65,367.05,363.95,363.95,225,,29200,weekly,2020-11-26T21:00:00.000,options,put
127,1605765180000,363.95,363.95,360.0,360.0,525,,29200,weekly,2020-11-26T21:00:00.000,options,put
128,1605765240000,362.0,364.35,362.0,363.45,200,,29200,weekly,2020-11-26T21:00:00.000,options,put
129,1605765300000,364.9,371.95,364.9,369.35,425,,29200,weekly,2020-11-26T21:00:00.000,options,put
130,1605765360000,368.05,368.05,368.05,368.05,25,,29200,weekly,2020-11-26T21:00:00.000,options,put
131,1605765420000,374.1,381.0,374.1,381.0,650,,29200,weekly,2020-11-26T21:00:00.000,options,put
132,1605765480000,381.0,382.2,376.6,376.6,1200,,29200,weekly,2020-11-26T21:00:00.000,options,put
133,1605765540000,380.7,381.5,376.45,376.45,425,,29200,weekly,2020-11-26T21:00:00.000,options,put
134,1605765600000,375.4,376.45,367.7,367.7,1150,,29200,weekly,2020-11-26T21:00:00.000,options,put
135,1605765660000,368.65,371.2,368.65,368.75,550,,29200,weekly,2020-11-26T21:00:00.000,options,put
136,1605765720000,368.0,369.25,368.0,369.25,75,,29200,weekly,2020-11-26T21:00:00.000,options,put
137,1605765780000,369.75,369.95,363.8,368.0,375,,29200,weekly,2020-11-26T21:00:00.000,options,put
138,1605765840000,368.55,374.2,368.55,372.45,525,,29200,weekly,2020-11-26T21:00:00.000,options,put
139,1605765900000,373.05,375.55,368.45,368.45,650,,29200,weekly,2020-11-26T21:00:00.000,options,put
140,1605765960000,368.2,368.45,366.45,367.7,150,,29200,weekly,2020-11-26T21:00:00.000,options,put
141,1605766020000,363.4,363.4,348.55,350.45,1975,,29200,weekly,2020-11-26T21:00:00.000,options,put
142,1605766080000,350.45,350.45,325.0,334.3,3475,,29200,weekly,2020-11-26T21:00:00.000,options,put
143,1605766140000,334.3,342.0,334.3,340.35,1300,,29200,weekly,2020-11-26T21:00:00.000,options,put
144,1605766200000,340.35,343.05,336.2,337.0,950,,29200,weekly,2020-11-26T21:00:00.000,options,put
145,1605766260000,338.2,342.0,338.2,342.0,100,,29200,weekly,2020-11-26T21:00:00.000,options,put
146,1605766320000,342.0,344.4,342.0,344.0,325,,29200,weekly,2020-11-26T21:00:00.000,options,put
147,1605766380000,343.2,343.2,332.2,334.15,2450,,29200,weekly,2020-11-26T21:00:00.000,options,put
148,1605766440000,335.0,342.0,334.15,340.3,1950,,29200,weekly,2020-11-26T21:00:00.000,options,put
149,1605766500000,342.5,350.45,342.0,348.05,1125,,29200,weekly,2020-11-26T21:00:00.000,options,put
150,1605766560000,348.65,351.0,348.55,350.0,625,,29200,weekly,2020-11-26T21:00:00.000,options,put
151,1605766620000,350.0,350.0,345.2,347.5,400,,29200,weekly,2020-11-26T21:00:00.000,options,put
152,1605766680000,347.1,348.75,344.5,348.75,400,,29200,weekly,2020-11-26T21:00:00.000,options,put
153,1605766740000,349.25,354.2,349.25,352.1,750,,29200,weekly,2020-11-26T21:00:00.000,options,put
154,1605766800000,351.55,356.0,348.2,348.2,750,,29200,weekly,2020-11-26T21:00:00.000,options,put
155,1605766860000,348.2,350.75,348.0,348.0,300,,29200,weekly,2020-11-26T21:00:00.000,options,put
156,1605766920000,348.0,352.3,348.0,350.4,725,,29200,weekly,2020-11-26T21:00:00.000,options,put
157,1605766980000,351.9,351.9,344.05,344.05,150,,29200,weekly,2020-11-26T21:00:00.000,options,put
158,1605767040000,344.05,347.2,344.05,347.2,75,,29200,weekly,2020-11-26T21:00:00.000,options,put
159,1605767100000,350.0,358.95,349.45,350.4,1800,,29200,weekly,2020-11-26T21:00:00.000,options,put
160,1605767160000,351.75,353.05,348.25,348.25,275,,29200,weekly,2020-11-26T21:00:00.000,options,put
161,1605767220000,352.75,354.9,352.75,354.75,375,,29200,weekly,2020-11-26T21:00:00.000,options,put
162,1605767280000,354.2,359.8,353.7,353.7,250,,29200,weekly,2020-11-26T21:00:00.000,options,put
163,1605767340000,353.4,353.4,353.4,353.4,50,,29200,weekly,2020-11-26T21:00:00.000,options,put
164,1605767400000,356.15,368.0,356.15,362.75,1575,,29200,weekly,2020-11-26T21:00:00.000,options,put
165,1605767460000,359.55,362.95,359.55,360.55,725,,29200,weekly,2020-11-26T21:00:00.000,options,put
166,1605767520000,362.2,363.05,357.75,363.05,500,,29200,weekly,2020-11-26T21:00:00.000,options,put
167,1605767580000,362.7,366.2,359.25,359.3,1275,,29200,weekly,2020-11-26T21:00:00.000,options,put
168,1605767640000,360.95,360.95,345.05,348.0,1425,,29200,weekly,2020-11-26T21:00:00.000,options,put
169,1605767700000,347.15,349.25,347.15,349.25,75,,29200,weekly,2020-11-26T21:00:00.000,options,put
170,1605767760000,345.0,345.0,345.0,345.0,25,,29200,weekly,2020-11-26T21:00:00.000,options,put
171,1605767820000,344.1,344.4,338.7,343.65,1500,,29200,weekly,2020-11-26T21:00:00.000,options,put
172,1605767880000,344.55,346.85,342.15,342.15,750,,29200,weekly,2020-11-26T21:00:00.000,options,put
173,1605767940000,343.35,347.25,343.0,344.8,450,,29200,weekly,2020-11-26T21:00:00.000,options,put
174,1605768000000,342.65,349.15,342.6,346.45,600,,29200,weekly,2020-11-26T21:00:00.000,options,put
175,1605768060000,344.0,344.0,337.95,339.45,700,,29200,weekly,2020-11-26T21:00:00.000,options,put
176,1605768120000,339.9,340.0,337.0,340.0,1250,,29200,weekly,2020-11-26T21:00:00.000,options,put
177,1605768180000,338.6,341.65,338.55,338.95,800,,29200,weekly,2020-11-26T21:00:00.000,options,put
178,1605768240000,338.8,346.45,338.8,345.95,475,,29200,weekly,2020-11-26T21:00:00.000,options,put
179,1605768300000,352.6,352.6,349.15,350.0,650,,29200,weekly,2020-11-26T21:00:00.000,options,put
180,1605768360000,349.9,357.55,349.9,353.6,1950,,29200,weekly,2020-11-26T21:00:00.000,options,put
181,1605768420000,353.5,353.5,351.35,351.35,325,,29200,weekly,2020-11-26T21:00:00.000,options,put
182,1605768480000,351.25,351.25,347.55,347.55,175,,29200,weekly,2020-11-26T21:00:00.000,options,put
183,1605768540000,346.9,351.0,345.0,345.0,525,,29200,weekly,2020-11-26T21:00:00.000,options,put
184,1605768600000,344.15,344.15,332.05,337.8,1250,,29200,weekly,2020-11-26T21:00:00.000,options,put
185,1605768660000,336.75,336.75,330.3,331.55,825,,29200,weekly,2020-11-26T21:00:00.000,options,put
186,1605768720000,333.4,336.0,333.4,336.0,300,,29200,weekly,2020-11-26T21:00:00.000,options,put
187,1605768780000,335.5,342.15,335.5,337.5,425,,29200,weekly,2020-11-26T21:00:00.000,options,put
188,1605768840000,338.1,340.05,338.1,340.05,325,,29200,weekly,2020-11-26T21:00:00.000,options,put
189,1605768900000,338.8,338.8,318.9,329.35,2650,,29200,weekly,2020-11-26T21:00:00.000,options,put
190,1605768960000,328.85,328.85,326.85,328.75,775,,29200,weekly,2020-11-26T21:00:00.000,options,put
191,1605769020000,330.0,336.0,330.0,334.55,300,,29200,weekly,2020-11-26T21:00:00.000,options,put
192,1605769080000,333.75,335.2,327.05,327.05,425,,29200,weekly,2020-11-26T21:00:00.000,options,put
193,1605769140000,329.8,331.2,328.85,331.15,800,,29200,weekly,2020-11-26T21:00:00.000,options,put
194,1605769200000,329.65,338.5,329.65,337.65,1175,,29200,weekly,2020-11-26T21:00:00.000,options,put
195,1605769260000,336.35,337.9,336.35,337.9,175,,29200,weekly,2020-11-26T21:00:00.000,options,put
196,1605769320000,336.6,346.95,335.3,343.4,1625,,29200,weekly,2020-11-26T21:00:00.000,options,put
197,1605769380000,342.4,345.0,339.7,345.0,500,,29200,weekly,2020-11-26T21:00:00.000,options,put
198,1605769440000,348.95,352.95,348.3,348.55,1100,,29200,weekly,2020-11-26T21:00:00.000,options,put
199,1605769500000,343.15,344.3,341.95,343.35,425,,29200,weekly,2020-11-26T21:00:00.000,options,put
200,1605769560000,341.0,341.0,335.15,339.7,700,,29200,weekly,2020-11-26T21:00:00.000,options,put
201,1605769620000,338.4,338.4,330.5,332.9,1850,,29200,weekly,2020-11-26T21:00:00.000,options,put
202,1605769680000,334.1,334.1,334.1,334.1,25,,29200,weekly,2020-11-26T21:00:00.000,options,put
203,1605769740000,335.55,337.25,334.45,334.45,125,,29200,weekly,2020-11-26T21:00:00.000,options,put
204,1605769800000,337.7,340.0,337.7,340.0,100,,29200,weekly,2020-11-26T21:00:00.000,options,put
205,1605769860000,339.3,340.5,336.75,340.5,300,,29200,weekly,2020-11-26T21:00:00.000,options,put
206,1605769920000,338.75,338.75,338.75,338.75,25,,29200,weekly,2020-11-26T21:00:00.000,options,put
207,1605769980000,341.6,347.65,341.6,347.15,425,,29200,weekly,2020-11-26T21:00:00.000,options,put
208,1605770040000,343.85,346.2,334.65,334.65,350,,29200,weekly,2020-11-26T21:00:00.000,options,put
209,1605770100000,337.75,337.85,336.6,337.85,175,,29200,weekly,2020-11-26T21:00:00.000,options,put
210,1605770160000,335.45,337.85,335.45,335.65,250,,29200,weekly,2020-11-26T21:00:00.000,options,put
211,1605770220000,339.15,339.15,336.0,336.0,325,,29200,weekly,2020-11-26T21:00:00.000,options,put
212,1605770280000,338.9,338.9,338.9,338.9,100,,29200,weekly,2020-11-26T21:00:00.000,options,put
213,1605770340000,335.55,336.2,332.8,336.2,300,,29200,weekly,2020-11-26T21:00:00.000,options,put
214,1605770400000,338.5,344.1,338.5,342.55,275,,29200,weekly,2020-11-26T21:00:00.000,options,put
215,1605770460000,349.85,354.05,344.3,348.95,975,,29200,weekly,2020-11-26T21:00:00.000,options,put
216,1605770520000,350.0,369.95,350.0,354.75,1825,,29200,weekly,2020-11-26T21:00:00.000,options,put
217,1605770580000,354.75,365.1,354.75,361.65,825,,29200,weekly,2020-11-26T21:00:00.000,options,put
218,1605770640000,361.65,364.4,352.8,364.4,675,,29200,weekly,2020-11-26T21:00:00.000,options,put
219,1605770700000,364.8,364.8,353.8,354.1,375,,29200,weekly,2020-11-26T21:00:00.000,options,put
220,1605770760000,358.25,359.1,355.15,356.6,200,,29200,weekly,2020-11-26T21:00:00.000,options,put
221,1605770820000,356.05,376.7,350.25,374.95,3050,,29200,weekly,2020-11-26T21:00:00.000,options,put
222,1605770880000,370.9,389.3,366.8,380.0,4575,,29200,weekly,2020-11-26T21:00:00.000,options,put
223,1605770940000,377.65,399.55,374.8,399.55,3100,,29200,weekly,2020-11-26T21:00:00.000,options,put
224,1605771000000,403.85,413.0,390.0,394.85,7800,,29200,weekly,2020-11-26T21:00:00.000,options,put
225,1605771060000,391.95,391.95,381.8,384.4,1375,,29200,weekly,2020-11-26T21:00:00.000,options,put
226,1605771120000,382.65,391.9,382.65,385.0,975,,29200,weekly,2020-11-26T21:00:00.000,options,put
227,1605771180000,385.6,385.6,372.6,376.25,1925,,29200,weekly,2020-11-26T21:00:00.000,options,put
228,1605771240000,376.1,383.7,374.45,375.0,675,,29200,weekly,2020-11-26T21:00:00.000,options,put
229,1605771300000,369.35,375.0,369.35,373.15,3475,,29200,weekly,2020-11-26T21:00:00.000,options,put
230,1605771360000,370.4,379.45,370.4,379.25,850,,29200,weekly,2020-11-26T21:00:00.000,options,put
231,1605771420000,380.2,383.15,375.95,383.0,1000,,29200,weekly,2020-11-26T21:00:00.000,options,put
232,1605771480000,383.0,385.0,378.05,381.2,1350,,29200,weekly,2020-11-26T21:00:00.000,options,put
233,1605771540000,382.0,397.6,382.0,388.0,1325,,29200,weekly,2020-11-26T21:00:00.000,options,put
234,1605771600000,386.0,390.0,385.2,390.0,3275,,29200,weekly,2020-11-26T21:00:00.000,options,put
235,1605771660000,393.4,393.4,386.0,390.0,525,,29200,weekly,2020-11-26T21:00:00.000,options,put
236,1605771720000,388.05,389.35,380.15,387.45,525,,29200,weekly,2020-11-26T21:00:00.000,options,put
237,1605771780000,382.65,383.45,377.55,380.45,650,,29200,weekly,2020-11-26T21:00:00.000,options,put
238,1605771840000,384.05,388.0,377.25,377.25,600,,29200,weekly,2020-11-26T21:00:00.000,options,put
239,1605771900000,377.85,380.0,365.6,369.95,3575,,29200,weekly,2020-11-26T21:00:00.000,options,put
240,1605771960000,370.15,371.5,368.5,370.3,225,,29200,weekly,2020-11-26T21:00:00.000,options,put
241,1605772020000,370.3,374.35,368.3,374.35,1450,,29200,weekly,2020-11-26T21:00:00.000,options,put
242,1605772080000,376.8,377.45,372.0,373.7,275,,29200,weekly,2020-11-26T21:00:00.000,options,put
243,1605772140000,371.1,372.3,368.05,372.3,550,,29200,weekly,2020-11-26T21:00:00.000,options,put
244,1605772200000,373.45,373.45,369.75,370.65,175,,29200,weekly,2020-11-26T21:00:00.000,options,put
245,1605772260000,372.65,375.0,369.75,372.35,450,,29200,weekly,2020-11-26T21:00:00.000,options,put
246,1605772320000,370.85,376.35,370.85,376.35,250,,29200,weekly,2020-11-26T21:00:00.000,options,put
247,1605772380000,380.0,383.0,379.3,383.0,550,,29200,weekly,2020-11-26T21:00:00.000,options,put
248,1605772440000,385.0,416.95,385.0,416.95,3625,,29200,weekly,2020-11-26T21:00:00.000,options,put
249,1605772500000,407.1,408.5,399.0,408.5,4175,,29200,weekly,2020-11-26T21:00:00.000,options,put
250,1605772560000,408.5,408.5,399.0,407.0,1325,,29200,weekly,2020-11-26T21:00:00.000,options,put
251,1605772620000,407.0,423.45,407.0,420.0,4775,,29200,weekly,2020-11-26T21:00:00.000,options,put
252,1605772680000,420.0,424.0,415.1,424.0,4275,,29200,weekly,2020-11-26T21:00:00.000,options,put
253,1605772740000,423.95,426.1,400.0,404.5,6650,,29200,weekly,2020-11-26T21:00:00.000,options,put
254,1605772800000,404.8,410.0,404.3,405.0,1500,,29200,weekly,2020-11-26T21:00:00.000,options,put
255,1605772860000,405.0,418.15,405.0,413.05,2950,,29200,weekly,2020-11-26T21:00:00.000,options,put
256,1605772920000,413.05,419.25,413.05,416.0,1175,,29200,weekly,2020-11-26T21:00:00.000,options,put
257,1605772980000,421.0,446.25,419.85,445.0,6850,,29200,weekly,2020-11-26T21:00:00.000,options,put
258,1605773040000,445.0,457.45,441.5,445.25,3375,,29200,weekly,2020-11-26T21:00:00.000,options,put
259,1605773100000,445.25,464.4,444.95,464.4,4100,,29200,weekly,2020-11-26T21:00:00.000,options,put
260,1605773160000,464.25,471.15,459.05,462.75,6525,,29200,weekly,2020-11-26T21:00:00.000,options,put
261,1605773220000,462.75,462.75,451.8,459.2,2350,,29200,weekly,2020-11-26T21:00:00.000,options,put
262,1605773280000,458.9,460.0,449.4,454.45,2625,,29200,weekly,2020-11-26T21:00:00.000,options,put
263,1605773340000,454.45,465.3,454.45,462.1,4800,,29200,weekly,2020-11-26T21:00:00.000,options,put
264,1605773400000,462.1,465.0,457.2,458.65,1600,,29200,weekly,2020-11-26T21:00:00.000,options,put
265,1605773460000,460.85,460.85,435.65,442.6,3475,,29200,weekly,2020-11-26T21:00:00.000,options,put
266,1605773520000,443.0,449.1,427.8,428.8,3200,,29200,weekly,2020-11-26T21:00:00.000,options,put
267,1605773580000,435.0,444.6,431.25,443.05,2350,,29200,weekly,2020-11-26T21:00:00.000,options,put
268,1605773640000,443.05,462.85,443.05,460.0,6450,,29200,weekly,2020-11-26T21:00:00.000,options,put
269,1605773700000,460.7,469.1,457.45,466.9,4700,,29200,weekly,2020-11-26T21:00:00.000,options,put
270,1605773760000,467.4,472.55,460.9,465.15,1275,,29200,weekly,2020-11-26T21:00:00.000,options,put
271,1605773820000,465.15,498.8,465.15,487.25,7425,,29200,weekly,2020-11-26T21:00:00.000,options,put
272,1605773880000,488.75,504.95,486.1,504.95,6350,,29200,weekly,2020-11-26T21:00:00.000,options,put
273,1605773940000,510.75,516.0,491.25,513.9,7250,,29200,weekly,2020-11-26T21:00:00.000,options,put
274,1605774000000,516.9,522.45,507.25,522.45,5000,,29200,weekly,2020-11-26T21:00:00.000,options,put
275,1605774060000,519.25,523.05,500.0,504.1,4300,,29200,weekly,2020-11-26T21:00:00.000,options,put
276,1605774120000,502.95,512.1,494.15,507.9,2975,,29200,weekly,2020-11-26T21:00:00.000,options,put
277,1605774180000,506.25,510.3,499.05,499.8,2550,,29200,weekly,2020-11-26T21:00:00.000,options,put
278,1605774240000,499.8,512.2,475.0,476.1,10150,,29200,weekly,2020-11-26T21:00:00.000,options,put
279,1605774300000,473.85,489.4,472.0,489.4,4225,,29200,weekly,2020-11-26T21:00:00.000,options,put
280,1605774360000,492.9,508.15,492.6,502.15,3625,,29200,weekly,2020-11-26T21:00:00.000,options,put
281,1605774420000,502.8,505.2,482.0,490.15,5975,,29200,weekly,2020-11-26T21:00:00.000,options,put
282,1605774480000,486.35,498.9,486.35,492.7,6225,,29200,weekly,2020-11-26T21:00:00.000,options,put
283,1605774540000,492.7,504.75,492.7,504.0,3750,,29200,weekly,2020-11-26T21:00:00.000,options,put
284,1605774600000,504.0,504.0,487.9,493.0,5300,,29200,weekly,2020-11-26T21:00:00.000,options,put
285,1605774660000,493.9,497.6,475.45,475.45,3000,,29200,weekly,2020-11-26T21:00:00.000,options,put
286,1605774720000,473.8,487.8,472.7,487.8,1250,,29200,weekly,2020-11-26T21:00:00.000,options,put
287,1605774780000,485.9,492.0,479.15,492.0,2825,,29200,weekly,2020-11-26T21:00:00.000,options,put
288,1605774840000,492.0,509.85,492.0,503.5,5850,,29200,weekly,2020-11-26T21:00:00.000,options,put
289,1605774900000,503.5,505.05,496.75,501.75,2900,,29200,weekly,2020-11-26T21:00:00.000,options,put
290,1605774960000,501.0,532.0,500.0,528.1,9625,,29200,weekly,2020-11-26T21:00:00.000,options,put
291,1605775020000,526.25,539.9,526.25,533.8,7625,,29200,weekly,2020-11-26T21:00:00.000,options,put
292,1605775080000,533.65,538.95,525.0,537.35,4225,,29200,weekly,2020-11-26T21:00:00.000,options,put
293,1605775140000,537.35,542.35,525.7,536.3,2925,,29200,weekly,2020-11-26T21:00:00.000,options,put
294,1605775200000,540.95,550.0,534.6,548.9,4525,,29200,weekly,2020-11-26T21:00:00.000,options,put
295,1605775260000,549.95,566.85,548.75,558.35,6550,,29200,weekly,2020-11-26T21:00:00.000,options,put
296,1605775320000,558.35,559.0,544.8,545.65,3925,,29200,weekly,2020-11-26T21:00:00.000,options,put
297,1605775380000,544.1,550.05,540.0,545.65,2150,,29200,weekly,2020-11-26T21:00:00.000,options,put
298,1605775440000,545.65,554.8,542.75,552.55,2775,,29200,weekly,2020-11-26T21:00:00.000,options,put
299,1605775500000,559.1,572.55,556.75,565.0,6700,,29200,weekly,2020-11-26T21:00:00.000,options,put
300,1605775560000,564.5,572.0,557.95,572.0,2550,,29200,weekly,2020-11-26T21:00:00.000,options,put
301,1605775620000,568.3,618.75,568.3,615.0,6200,,29200,weekly,2020-11-26T21:00:00.000,options,put
302,1605775680000,612.1,624.95,596.55,624.95,5275,,29200,weekly,2020-11-26T21:00:00.000,options,put
303,1605775740000,626.0,673.75,626.0,650.0,9700,,29200,weekly,2020-11-26T21:00:00.000,options,put
304,1605775800000,644.4,644.4,615.0,615.0,5200,,29200,weekly,2020-11-26T21:00:00.000,options,put
305,1605775860000,613.0,621.0,605.0,612.6,1850,,29200,weekly,2020-11-26T21:00:00.000,options,put
306,1605775920000,612.6,612.6,580.15,590.7,2250,,29200,weekly,2020-11-26T21:00:00.000,options,put
307,1605775980000,591.9,602.0,587.15,597.0,3125,,29200,weekly,2020-11-26T21:00:00.000,options,put
308,1605776040000,601.9,623.15,601.9,621.0,1250,,29200,weekly,2020-11-26T21:00:00.000,options,put
309,1605776100000,616.05,616.3,600.0,600.0,1925,,29200,weekly,2020-11-26T21:00:00.000,options,put
310,1605776160000,600.0,620.0,600.0,612.0,1325,,29200,weekly,2020-11-26T21:00:00.000,options,put
311,1605776220000,612.0,645.4,611.95,645.4,1775,,29200,weekly,2020-11-26T21:00:00.000,options,put
312,1605776280000,645.4,671.65,638.8,668.05,4500,,29200,weekly,2020-11-26T21:00:00.000,options,put
313,1605776340000,668.05,685.95,668.05,671.3,5150,,29200,weekly,2020-11-26T21:00:00.000,options,put
314,1605776400000,665.95,665.95,634.85,637.8,5000,,29200,weekly,2020-11-26T21:00:00.000,options,put
315,1605776460000,643.6,648.65,634.35,642.0,975,,29200,weekly,2020-11-26T21:00:00.000,options,put
316,1605776520000,635.75,636.1,622.75,624.25,1125,,29200,weekly,2020-11-26T21:00:00.000,options,put
317,1605776580000,624.25,628.4,604.6,615.0,1200,,29200,weekly,2020-11-26T21:00:00.000,options,put
318,1605776640000,615.0,648.3,615.0,637.45,1250,,29200,weekly,2020-11-26T21:00:00.000,options,put
319,1605776700000,635.4,640.9,622.8,622.8,1000,,29200,weekly,2020-11-26T21:00:00.000,options,put
320,1605776760000,626.45,626.45,612.35,612.35,950,,29200,weekly,2020-11-26T21:00:00.000,options,put
321,1605776820000,612.75,622.35,607.25,607.25,2150,,29200,weekly,2020-11-26T21:00:00.000,options,put
322,1605776880000,606.2,608.8,590.0,604.95,2725,,29200,weekly,2020-11-26T21:00:00.000,options,put
323,1605776940000,602.75,602.75,573.35,578.3,3475,,29200,weekly,2020-11-26T21:00:00.000,options,put
324,1605777000000,580.35,581.55,561.95,572.45,6000,,29200,weekly,2020-11-26T21:00:00.000,options,put
325,1605777060000,571.9,588.9,567.55,580.5,7100,,29200,weekly,2020-11-26T21:00:00.000,options,put
326,1605777120000,575.3,580.95,572.0,579.4,1925,,29200,weekly,2020-11-26T21:00:00.000,options,put
327,1605777180000,576.0,582.2,552.7,564.9,4900,,29200,weekly,2020-11-26T21:00:00.000,options,put
328,1605777240000,564.9,564.9,533.3,533.85,7550,,29200,weekly,2020-11-26T21:00:00.000,options,put
329,1605777300000,530.9,575.85,530.9,573.95,4075,,29200,weekly,2020-11-26T21:00:00.000,options,put
330,1605777360000,570.2,583.5,561.95,565.55,6075,,29200,weekly,2020-11-26T21:00:00.000,options,put
331,1605777420000,562.05,564.65,541.3,553.2,1600,,29200,weekly,2020-11-26T21:00:00.000,options,put
332,1605777480000,554.0,568.55,554.0,567.9,6100,,29200,weekly,2020-11-26T21:00:00.000,options,put
333,1605777540000,566.45,572.55,556.35,572.55,2350,,29200,weekly,2020-11-26T21:00:00.000,options,put
334,1605777600000,572.05,591.35,572.05,588.5,4250,,29200,weekly,2020-11-26T21:00:00.000,options,put
335,1605777660000,584.75,591.1,576.15,581.8,1250,,29200,weekly,2020-11-26T21:00:00.000,options,put
336,1605777720000,585.0,588.65,579.45,581.0,700,,29200,weekly,2020-11-26T21:00:00.000,options,put
337,1605777780000,580.8,586.4,574.4,575.0,1175,,29200,weekly,2020-11-26T21:00:00.000,options,put
338,1605777840000,575.15,585.3,573.45,583.9,1150,,29200,weekly,2020-11-26T21:00:00.000,options,put
339,1605777900000,583.9,602.2,583.9,586.7,3650,,29200,weekly,2020-11-26T21:00:00.000,options,put
340,1605777960000,596.35,604.2,591.35,604.2,475,,29200,weekly,2020-11-26T21:00:00.000,options,put
341,1605778020000,604.85,623.5,604.85,618.1,2825,,29200,weekly,2020-11-26T21:00:00.000,options,put
342,1605778080000,618.1,618.1,576.6,580.95,2225,,29200,weekly,2020-11-26T21:00:00.000,options,put
343,1605778140000,578.5,585.0,563.8,565.9,2650,,29200,weekly,2020-11-26T21:00:00.000,options,put
344,1605778200000,568.0,582.3,565.9,579.5,3725,,29200,weekly,2020-11-26T21:00:00.000,options,put
345,1605778260000,581.75,582.45,580.75,582.45,325,,29200,weekly,2020-11-26T21:00:00.000,options,put
346,1605778320000,591.25,612.15,587.3,611.75,3475,,29200,weekly,2020-11-26T21:00:00.000,options,put
347,1605778380000,610.0,626.35,603.1,619.75,5475,,29200,weekly,2020-11-26T21:00:00.000,options,put
348,1605778440000,620.2,648.65,617.05,648.65,1600,,29200,weekly,2020-11-26T21:00:00.000,options,put
349,1605778500000,648.65,652.4,627.9,635.0,2925,,29200,weekly,2020-11-26T21:00:00.000,options,put
350,1605778560000,642.9,644.1,634.75,634.8,1325,,29200,weekly,2020-11-26T21:00:00.000,options,put
351,1605778620000,638.4,642.05,626.1,636.4,1200,,29200,weekly,2020-11-26T21:00:00.000,options,put
352,1605778680000,637.6,646.15,634.3,638.15,825,,29200,weekly,2020-11-26T21:00:00.000,options,put
353,1605778740000,640.45,657.0,640.0,644.85,2475,,29200,weekly,2020-11-26T21:00:00.000,options,put
354,1605778800000,651.65,660.05,651.65,658.25,575,,29200,weekly,2020-11-26T21:00:00.000,options,put
355,1605778860000,656.3,664.05,652.7,653.4,2350,,29200,weekly,2020-11-26T21:00:00.000,options,put
356,1605778920000,653.4,653.4,640.35,646.55,800,,29200,weekly,2020-11-26T21:00:00.000,options,put
357,1605778980000,642.85,642.85,631.1,631.1,2500,,29200,weekly,2020-11-26T21:00:00.000,options,put
358,1605779040000,630.05,655.0,629.15,655.0,1425,,29200,weekly,2020-11-26T21:00:00.000,options,put
359,1605779100000,655.0,658.6,644.5,649.95,1450,,29200,weekly,2020-11-26T21:00:00.000,options,put
360,1605779160000,644.45,650.15,644.0,649.0,600,,29200,weekly,2020-11-26T21:00:00.000,options,put
361,1605779220000,646.7,650.85,645.3,650.85,1200,,29200,weekly,2020-11-26T21:00:00.000,options,put
362,1605779280000,650.85,655.6,641.2,641.2,1725,,29200,weekly,2020-11-26T21:00:00.000,options,put
363,1605779340000,637.2,649.4,637.2,648.35,2325,,29200,weekly,2020-11-26T21:00:00.000,options,put
364,1605779400000,650.35,655.55,646.75,647.85,1550,,29200,weekly,2020-11-26T21:00:00.000,options,put
365,1605779460000,646.7,651.05,644.35,649.95,1125,,29200,weekly,2020-11-26T21:00:00.000,options,put
366,1605779520000,650.0,654.65,650.0,651.25,725,,29200,weekly,2020-11-26T21:00:00.000,options,put
367,1605779580000,651.6,654.3,651.6,654.3,150,,29200,weekly,2020-11-26T21:00:00.000,options,put
368,1605779640000,654.3,659.65,650.05,658.1,1475,,29200,weekly,2020-11-26T21:00:00.000,options,put
369,1605779700000,658.1,660.0,652.2,660.0,1275,,29200,weekly,2020-11-26T21:00:00.000,options,put
370,1605779760000,660.0,667.7,657.6,665.9,1100,,29200,weekly,2020-11-26T21:00:00.000,options,put
371,1605779820000,666.4,674.4,663.25,674.4,625,,29200,weekly,2020-11-26T21:00:00.000,options,put
372,1605779880000,674.75,685.0,655.15,655.15,2525,,29200,weekly,2020-11-26T21:00:00.000,options,put
