,timestamp,open,high,low,close,volume,open_interest,strike,expiry_type,expiry,instrument,contract_type
0,1629796500000,120.0,139.8,120.0,129.25,151600,803300,16450,weekly,2021-8-26T21:00:00.000,options,call
1,1629796560000,129.0,133.5,121.65,121.65,111800,803300,16450,weekly,2021-8-26T21:00:00.000,options,call
2,1629796620000,122.3,125.7,116.0,122.5,81050,762650,16450,weekly,2021-8-26T21:00:00.000,options,call
3,1629796680000,122.0,127.1,121.6,123.6,71950,762650,16450,weekly,2021-8-26T21:00:00.000,options,call
4,1629796740000,123.95,125.15,119.55,121.6,37100,762650,16450,weekly,2021-8-26T21:00:00.000,options,call
5,1629796800000,122.2,123.2,117.65,118.8,47800,763200,16450,weekly,2021-8-26T21:00:00.000,options,call
6,1629796860000,118.65,120.0,111.85,115.65,59350,763200,16450,weekly,2021-8-26T21:00:00.000,options,call
7,1629796920000,115.85,123.65,115.0,123.65,60050,763200,16450,weekly,2021-8-26T21:00:00.000,options,call
8,1629796980000,122.9,123.7,120.0,122.5,37300,782100,16450,weekly,2021-8-26T21:00:00.000,options,call
9,1629797040000,122.0,124.1,120.55,120.55,26500,782100,16450,weekly,2021-8-26T21:00:00.000,options,call
10,1629797100000,120.6,123.8,118.0,123.0,38000,782100,16450,weekly,2021-8-26T21:00:00.000,options,call
11,1629797160000,123.0,125.7,122.9,122.9,40500,782100,16450,weekly,2021-8-26T21:00:00.000,options,call
12,1629797220000,123.85,127.55,121.75,126.9,40600,782100,16450,weekly,2021-8-26T21:00:00.000,options,call
13,1629797280000,126.8,129.1,125.15,127.85,64750,782100,16450,weekly,2021-8-26T21:00:00.000,options,call
14,1629797340000,127.85,130.0,124.45,127.5,64400,748450,16450,weekly,2021-8-26T21:00:00.000,options,call
15,1629797400000,127.5,131.75,127.5,131.35,56900,748450,16450,weekly,2021-8-26T21:00:00.000,options,call
16,1629797460000,131.35,131.35,127.05,127.05,30400,748450,16450,weekly,2021-8-26T21:00:00.000,options,call
17,1629797520000,126.85,130.8,126.7,129.9,30000,736000,16450,weekly,2021-8-26T21:00:00.000,options,call
18,1629797580000,130.3,130.8,127.4,128.0,43350,736000,16450,weekly,2021-8-26T21:00:00.000,options,call
19,1629797640000,128.3,129.65,127.0,128.75,33600,736000,16450,weekly,2021-8-26T21:00:00.000,options,call
20,1629797700000,129.4,129.4,125.75,128.1,19250,703200,16450,weekly,2021-8-26T21:00:00.000,options,call
21,1629797760000,128.05,128.5,122.45,125.7,24750,703200,16450,weekly,2021-8-26T21:00:00.000,options,call
22,1629797820000,126.3,126.75,122.05,125.6,26450,703200,16450,weekly,2021-8-26T21:00:00.000,options,call
23,1629797880000,125.45,125.45,122.75,124.25,13400,698750,16450,weekly,2021-8-26T21:00:00.000,options,call
24,1629797940000,125.0,127.3,125.0,126.45,15250,698750,16450,weekly,2021-8-26T21:00:00.000,options,call
25,1629798000000,125.95,127.4,123.25,124.55,18550,698750,16450,weekly,2021-8-26T21:00:00.000,options,call
26,1629798060000,124.7,126.4,123.0,124.25,14700,700150,16450,weekly,2021-8-26T21:00:00.000,options,call
27,1629798120000,124.45,126.3,123.4,124.5,20800,700150,16450,weekly,2021-8-26T21:00:00.000,options,call
28,1629798180000,124.15,124.15,122.15,122.35,22850,700150,16450,weekly,2021-8-26T21:00:00.000,options,call
29,1629798240000,122.1,122.1,119.1,121.4,28950,704150,16450,weekly,2021-8-26T21:00:00.000,options,call
30,1629798300000,121.4,127.55,121.35,126.55,37700,704150,16450,weekly,2021-8-26T21:00:00.000,options,call
31,1629798360000,126.7,126.7,123.4,124.3,16200,704150,16450,weekly,2021-8-26T21:00:00.000,options,call
32,1629798420000,124.1,126.0,121.35,125.4,26450,706100,16450,weekly,2021-8-26T21:00:00.000,options,call
33,1629798480000,125.5,126.7,123.3,123.6,23300,706100,16450,weekly,2021-8-26T21:00:00.000,options,call
34,1629798540000,123.45,126.0,122.15,123.05,16000,706100,16450,weekly,2021-8-26T21:00:00.000,options,call
35,1629798600000,122.7,123.9,118.3,121.0,37900,704450,16450,weekly,2021-8-26T21:00:00.000,options,call
36,1629798660000,121.15,122.3,114.9,115.95,38400,704450,16450,weekly,2021-8-26T21:00:00.000,options,call
37,1629798720000,115.9,116.2,110.55,111.2,56250,704450,16450,weekly,2021-8-26T21:00:00.000,options,call
38,1629798780000,110.9,113.0,106.7,107.95,78950,731950,16450,weekly,2021-8-26T21:00:00.000,options,call
39,1629798840000,108.9,110.8,107.55,107.6,49850,731950,16450,weekly,2021-8-26T21:00:00.000,options,call
40,1629798900000,107.75,108.7,102.45,108.05,98450,731950,16450,weekly,2021-8-26T21:00:00.000,options,call
41,1629798960000,108.0,110.8,106.9,106.9,55400,770650,16450,weekly,2021-8-26T21:00:00.000,options,call
42,1629799020000,105.85,108.75,105.55,108.0,21450,770650,16450,weekly,2021-8-26T21:00:00.000,options,call
43,1629799080000,108.6,111.05,108.5,108.5,35750,770650,16450,weekly,2021-8-26T21:00:00.000,options,call
44,1629799140000,108.7,112.15,108.55,112.15,27300,778200,16450,weekly,2021-8-26T21:00:00.000,options,call
45,1629799200000,111.5,113.4,111.0,112.35,49600,778200,16450,weekly,2021-8-26T21:00:00.000,options,call
46,1629799260000,112.15,113.15,111.15,111.3,20250,778200,16450,weekly,2021-8-26T21:00:00.000,options,call
47,1629799320000,111.45,112.7,107.8,108.8,29850,779150,16450,weekly,2021-8-26T21:00:00.000,options,call
48,1629799380000,108.75,109.3,105.25,106.85,30700,779150,16450,weekly,2021-8-26T21:00:00.000,options,call
49,1629799440000,106.9,108.7,106.35,106.75,17450,779150,16450,weekly,2021-8-26T21:00:00.000,options,call
50,1629799500000,106.5,110.4,106.0,106.5,18550,795650,16450,weekly,2021-8-26T21:00:00.000,options,call
51,1629799560000,106.45,106.5,100.8,105.2,56550,795650,16450,weekly,2021-8-26T21:00:00.000,options,call
52,1629799620000,105.2,107.55,105.0,106.2,26200,795650,16450,weekly,2021-8-26T21:00:00.000,options,call
53,1629799680000,106.0,107.0,104.2,106.5,16500,821150,16450,weekly,2021-8-26T21:00:00.000,options,call
54,1629799740000,107.0,107.2,104.15,104.8,15050,821150,16450,weekly,2021-8-26T21:00:00.000,options,call
55,1629799800000,104.8,110.8,104.65,110.6,35350,821150,16450,weekly,2021-8-26T21:00:00.000,options,call
56,1629799860000,110.7,110.95,107.0,109.7,33950,831650,16450,weekly,2021-8-26T21:00:00.000,options,call
57,1629799920000,109.7,111.1,108.6,109.6,22600,831650,16450,weekly,2021-8-26T21:00:00.000,options,call
58,1629799980000,109.55,112.2,108.85,112.0,33950,831650,16450,weekly,2021-8-26T21:00:00.000,options,call
59,1629800040000,111.75,112.0,108.9,109.4,27500,849400,16450,weekly,2021-8-26T21:00:00.000,options,call
60,1629800100000,109.75,116.7,109.75,116.7,57050,849400,16450,weekly,2021-8-26T21:00:00.000,options,call
61,1629800160000,116.4,118.35,115.15,118.0,64650,849400,16450,weekly,2021-8-26T21:00:00.000,options,call
62,1629800220000,118.0,120.85,118.0,119.3,45100,842050,16450,weekly,2021-8-26T21:00:00.000,options,call
63,1629800280000,119.45,123.05,119.15,122.4,58000,842050,16450,weekly,2021-8-26T21:00:00.000,options,call
64,1629800340000,122.4,123.0,119.8,120.7,56950,842050,16450,weekly,2021-8-26T21:00:00.000,options,call
65,1629800400000,121.05,124.6,121.05,123.5,43650,832400,16450,weekly,2021-8-26T21:00:00.000,options,call
66,1629800460000,123.65,123.95,120.7,121.0,19900,832400,16450,weekly,2021-8-26T21:00:00.000,options,call
67,1629800520000,121.0,123.1,120.2,121.2,19150,832400,16450,weekly,2021-8-26T21:00:00.000,options,call
68,1629800580000,122.0,122.3,118.55,119.35,12800,831550,16450,weekly,2021-8-26T21:00:00.000,options,call
69,1629800640000,119.35,121.2,118.05,121.2,12650,831550,16450,weekly,2021-8-26T21:00:00.000,options,call
70,1629800700000,121.7,122.05,120.6,121.85,17500,831550,16450,weekly,2021-8-26T21:00:00.000,options,call
71,1629800760000,122.2,123.55,121.9,122.8,15500,825600,16450,weekly,2021-8-26T21:00:00.000,options,call
72,1629800820000,123.1,123.2,120.05,120.05,18100,825600,16450,weekly,2021-8-26T21:00:00.000,options,call
73,1629800880000,119.85,120.15,115.0,116.75,47350,825600,16450,weekly,2021-8-26T21:00:00.000,options,call
74,1629800940000,116.6,119.35,115.75,119.25,20450,827800,16450,weekly,2021-8-26T21:00:00.000,options,call
75,1629801000000,119.8,120.15,118.5,119.25,17350,827800,16450,weekly,2021-8-26T21:00:00.000,options,call
76,1629801060000,118.8,121.4,118.25,118.6,11250,827800,16450,weekly,2021-8-26T21:00:00.000,options,call
77,1629801120000,118.15,120.25,118.0,118.2,8750,826000,16450,weekly,2021-8-26T21:00:00.000,options,call
78,1629801180000,118.2,121.15,118.2,120.65,10700,826000,16450,weekly,2021-8-26T21:00:00.000,options,call
79,1629801240000,121.15,122.5,120.7,121.0,10550,826000,16450,weekly,2021-8-26T21:00:00.000,options,call
80,1629801300000,121.2,124.15,120.95,122.7,22900,826000,16450,weekly,2021-8-26T21:00:00.000,options,call
81,1629801360000,122.7,123.7,121.0,121.0,13400,826000,16450,weekly,2021-8-26T21:00:00.000,options,call
82,1629801420000,121.0,122.1,120.2,121.0,8250,826000,16450,weekly,2021-8-26T21:00:00.000,options,call
83,1629801480000,121.0,121.2,118.95,121.0,20300,825800,16450,weekly,2021-8-26T21:00:00.000,options,call
84,1629801540000,120.15,121.3,119.5,120.1,5600,825800,16450,weekly,2021-8-26T21:00:00.000,options,call
85,1629801600000,120.6,120.6,117.5,117.7,11600,825800,16450,weekly,2021-8-26T21:00:00.000,options,call
86,1629801660000,117.25,119.55,116.9,117.4,16100,819600,16450,weekly,2021-8-26T21:00:00.000,options,call
87,1629801720000,117.0,119.6,116.4,118.2,7050,819600,16450,weekly,2021-8-26T21:00:00.000,options,call
88,1629801780000,118.95,119.15,116.05,117.5,13900,819600,16450,weekly,2021-8-26T21:00:00.000,options,call
89,1629801840000,117.5,118.4,115.75,117.05,11400,822000,16450,weekly,2021-8-26T21:00:00.000,options,call
90,1629801900000,117.7,119.45,117.55,118.0,12600,822000,16450,weekly,2021-8-26T21:00:00.000,options,call
91,1629801960000,117.4,117.45,113.0,113.15,40800,822000,16450,weekly,2021-8-26T21:00:00.000,options,call
92,1629802020000,113.2,115.3,113.05,114.0,19550,821900,16450,weekly,2021-8-26T21:00:00.000,options,call
93,1629802080000,114.0,114.0,111.65,112.9,17350,821900,16450,weekly,2021-8-26T21:00:00.000,options,call
94,1629802140000,112.25,113.0,109.85,113.0,24050,821900,16450,weekly,2021-8-26T21:00:00.000,options,call
95,1629802200000,112.55,114.7,110.8,114.55,19100,820100,16450,weekly,2021-8-26T21:00:00.000,options,call
96,1629802260000,114.0,115.0,112.6,115.0,10400,820100,16450,weekly,2021-8-26T21:00:00.000,options,call
97,1629802320000,114.7,116.7,113.95,115.25,15900,820100,16450,weekly,2021-8-26T21:00:00.000,options,call
98,1629802380000,115.35,116.7,114.85,116.65,9200,816350,16450,weekly,2021-8-26T21:00:00.000,options,call
99,1629802440000,116.75,117.7,115.75,117.7,9900,816350,16450,weekly,2021-8-26T21:00:00.000,options,call
100,1629802500000,118.0,118.45,116.7,117.2,17050,816350,16450,weekly,2021-8-26T21:00:00.000,options,call
101,1629802560000,116.7,118.0,116.0,117.15,8850,811800,16450,weekly,2021-8-26T21:00:00.000,options,call
102,1629802620000,117.15,117.15,114.9,115.9,10500,811800,16450,weekly,2021-8-26T21:00:00.000,options,call
103,1629802680000,115.6,117.3,114.45,116.95,12100,811800,16450,weekly,2021-8-26T21:00:00.000,options,call
104,1629802740000,117.2,118.95,117.2,118.2,9900,810450,16450,weekly,2021-8-26T21:00:00.000,options,call
105,1629802800000,118.0,119.2,117.9,119.05,10700,810450,16450,weekly,2021-8-26T21:00:00.000,options,call
106,1629802860000,118.95,118.95,116.8,117.7,7900,810450,16450,weekly,2021-8-26T21:00:00.000,options,call
107,1629802920000,117.8,118.0,116.4,116.4,7250,809750,16450,weekly,2021-8-26T21:00:00.000,options,call
108,1629802980000,116.25,117.9,115.95,117.9,5650,809750,16450,weekly,2021-8-26T21:00:00.000,options,call
109,1629803040000,117.7,120.0,117.25,119.75,15700,809750,16450,weekly,2021-8-26T21:00:00.000,options,call
110,1629803100000,120.0,120.75,117.05,119.7,15950,811950,16450,weekly,2021-8-26T21:00:00.000,options,call
111,1629803160000,119.6,120.5,117.95,120.15,8500,811950,16450,weekly,2021-8-26T21:00:00.000,options,call
112,1629803220000,119.7,120.0,118.2,119.6,5600,811950,16450,weekly,2021-8-26T21:00:00.000,options,call
113,1629803280000,119.6,120.7,118.15,118.5,9400,811900,16450,weekly,2021-8-26T21:00:00.000,options,call
114,1629803340000,118.35,119.4,118.15,118.15,6350,811900,16450,weekly,2021-8-26T21:00:00.000,options,call
115,1629803400000,118.25,118.65,115.35,115.7,19800,811900,16450,weekly,2021-8-26T21:00:00.000,options,call
116,1629803460000,116.05,118.7,116.05,117.15,15450,818700,16450,weekly,2021-8-26T21:00:00.000,options,call
117,1629803520000,117.1,118.5,116.1,117.5,9550,818700,16450,weekly,2021-8-26T21:00:00.000,options,call
118,1629803580000,117.5,117.9,115.95,116.55,12600,818700,16450,weekly,2021-8-26T21:00:00.000,options,call
119,1629803640000,116.55,117.15,115.8,116.5,11950,822900,16450,weekly,2021-8-26T21:00:00.000,options,call
120,1629803700000,116.05,116.7,114.0,116.55,17550,822900,16450,weekly,2021-8-26T21:00:00.000,options,call
121,1629803760000,117.3,118.85,116.6,118.5,10250,822900,16450,weekly,2021-8-26T21:00:00.000,options,call
122,1629803820000,118.5,119.4,116.95,119.1,12100,829000,16450,weekly,2021-8-26T21:00:00.000,options,call
123,1629803880000,119.15,120.75,119.15,119.3,17300,829000,16450,weekly,2021-8-26T21:00:00.000,options,call
124,1629803940000,119.3,120.8,118.7,120.75,17450,829000,16450,weekly,2021-8-26T21:00:00.000,options,call
125,1629804000000,120.35,123.6,119.45,123.6,26950,829400,16450,weekly,2021-8-26T21:00:00.000,options,call
126,1629804060000,124.0,124.3,121.65,121.65,33200,829400,16450,weekly,2021-8-26T21:00:00.000,options,call
127,1629804120000,121.65,121.65,120.1,121.1,16550,829400,16450,weekly,2021-8-26T21:00:00.000,options,call
128,1629804180000,120.95,122.45,119.9,120.75,13850,832700,16450,weekly,2021-8-26T21:00:00.000,options,call
129,1629804240000,120.8,123.5,120.5,122.4,18600,832700,16450,weekly,2021-8-26T21:00:00.000,options,call
130,1629804300000,121.95,122.6,120.95,121.7,7300,832700,16450,weekly,2021-8-26T21:00:00.000,options,call
131,1629804360000,121.25,123.8,120.8,123.55,18300,829050,16450,weekly,2021-8-26T21:00:00.000,options,call
132,1629804420000,123.55,123.7,121.55,122.3,16450,829050,16450,weekly,2021-8-26T21:00:00.000,options,call
133,1629804480000,122.3,125.35,122.3,124.1,36150,829050,16450,weekly,2021-8-26T21:00:00.000,options,call
134,1629804540000,124.0,127.0,122.8,126.75,30950,817500,16450,weekly,2021-8-26T21:00:00.000,options,call
135,1629804600000,127.1,128.7,124.55,124.8,40200,817500,16450,weekly,2021-8-26T21:00:00.000,options,call
136,1629804660000,124.7,126.9,124.1,125.55,20950,817500,16450,weekly,2021-8-26T21:00:00.000,options,call
137,1629804720000,125.55,127.35,124.05,125.4,12600,809300,16450,weekly,2021-8-26T21:00:00.000,options,call
138,1629804780000,125.4,125.55,122.6,122.6,12150,809300,16450,weekly,2021-8-26T21:00:00.000,options,call
139,1629804840000,123.0,127.1,123.0,126.55,18100,809300,16450,weekly,2021-8-26T21:00:00.000,options,call
140,1629804900000,126.45,127.3,125.15,125.8,8250,810650,16450,weekly,2021-8-26T21:00:00.000,options,call
141,1629804960000,126.3,127.25,124.5,125.3,11500,810650,16450,weekly,2021-8-26T21:00:00.000,options,call
142,1629805020000,125.35,126.65,125.35,126.0,6550,810650,16450,weekly,2021-8-26T21:00:00.000,options,call
143,1629805080000,126.0,126.0,122.4,123.25,12850,813400,16450,weekly,2021-8-26T21:00:00.000,options,call
144,1629805140000,123.2,124.8,122.4,123.1,11750,813400,16450,weekly,2021-8-26T21:00:00.000,options,call
145,1629805200000,123.1,123.5,121.1,121.85,17400,813400,16450,weekly,2021-8-26T21:00:00.000,options,call
146,1629805260000,121.65,122.6,120.85,121.1,9750,818650,16450,weekly,2021-8-26T21:00:00.000,options,call
147,1629805320000,121.25,121.25,117.45,119.45,36900,818650,16450,weekly,2021-8-26T21:00:00.000,options,call
148,1629805380000,118.85,119.5,118.45,119.05,13750,818650,16450,weekly,2021-8-26T21:00:00.000,options,call
149,1629805440000,119.05,121.4,118.95,119.35,18050,825300,16450,weekly,2021-8-26T21:00:00.000,options,call
150,1629805500000,119.45,120.7,118.9,119.3,13400,825300,16450,weekly,2021-8-26T21:00:00.000,options,call
151,1629805560000,119.65,122.35,119.5,122.35,17000,825300,16450,weekly,2021-8-26T21:00:00.000,options,call
152,1629805620000,122.35,122.55,121.0,121.1,14650,823800,16450,weekly,2021-8-26T21:00:00.000,options,call
153,1629805680000,120.85,121.5,120.1,121.25,9550,823800,16450,weekly,2021-8-26T21:00:00.000,options,call
154,1629805740000,121.25,121.25,118.6,119.45,13300,823800,16450,weekly,2021-8-26T21:00:00.000,options,call
155,1629805800000,119.5,120.5,118.85,119.3,12900,827000,16450,weekly,2021-8-26T21:00:00.000,options,call
156,1629805860000,119.0,119.0,116.4,116.75,20100,827000,16450,weekly,2021-8-26T21:00:00.000,options,call
157,1629805920000,116.3,118.0,116.3,118.0,14750,827000,16450,weekly,2021-8-26T21:00:00.000,options,call
158,1629805980000,117.95,121.4,117.95,121.15,19100,825900,16450,weekly,2021-8-26T21:00:00.000,options,call
159,1629806040000,121.5,122.5,119.15,120.0,18150,825900,16450,weekly,2021-8-26T21:00:00.000,options,call
160,1629806100000,120.55,121.85,119.65,120.35,4550,825900,16450,weekly,2021-8-26T21:00:00.000,options,call
161,1629806160000,120.35,121.3,120.0,121.3,6400,825300,16450,weekly,2021-8-26T21:00:00.000,options,call
162,1629806220000,121.0,122.0,120.1,120.15,6900,825300,16450,weekly,2021-8-26T21:00:00.000,options,call
163,1629806280000,120.15,120.8,119.15,119.5,6150,825300,16450,weekly,2021-8-26T21:00:00.000,options,call
164,1629806340000,119.15,121.45,119.15,120.9,4750,825900,16450,weekly,2021-8-26T21:00:00.000,options,call
165,1629806400000,120.9,121.25,119.35,120.55,9000,825900,16450,weekly,2021-8-26T21:00:00.000,options,call
166,1629806460000,120.45,122.6,120.1,122.1,16350,825900,16450,weekly,2021-8-26T21:00:00.000,options,call
167,1629806520000,122.25,124.8,121.6,121.6,20400,826950,16450,weekly,2021-8-26T21:00:00.000,options,call
168,1629806580000,121.6,126.0,121.6,125.35,27200,826950,16450,weekly,2021-8-26T21:00:00.000,options,call
169,1629806640000,125.15,125.75,123.35,123.35,8450,826950,16450,weekly,2021-8-26T21:00:00.000,options,call
170,1629806700000,123.25,123.55,121.6,122.7,13250,833100,16450,weekly,2021-8-26T21:00:00.000,options,call
171,1629806760000,122.65,127.0,122.65,127.0,20050,833100,16450,weekly,2021-8-26T21:00:00.000,options,call
172,1629806820000,126.8,128.8,125.45,128.8,50750,833100,16450,weekly,2021-8-26T21:00:00.000,options,call
173,1629806880000,128.9,130.3,127.15,127.9,68800,807950,16450,weekly,2021-8-26T21:00:00.000,options,call
174,1629806940000,127.9,129.55,127.75,128.9,22150,807950,16450,weekly,2021-8-26T21:00:00.000,options,call
175,1629807000000,128.9,130.45,127.0,127.65,31150,807950,16450,weekly,2021-8-26T21:00:00.000,options,call
176,1629807060000,127.85,129.6,127.8,128.4,20350,799600,16450,weekly,2021-8-26T21:00:00.000,options,call
177,1629807120000,128.45,129.6,126.2,127.1,21750,799600,16450,weekly,2021-8-26T21:00:00.000,options,call
178,1629807180000,126.95,129.2,125.75,128.7,24500,799600,16450,weekly,2021-8-26T21:00:00.000,options,call
179,1629807240000,128.65,129.6,128.0,129.25,16650,794600,16450,weekly,2021-8-26T21:00:00.000,options,call
180,1629807300000,128.65,132.0,128.65,130.0,47300,794600,16450,weekly,2021-8-26T21:00:00.000,options,call
181,1629807360000,129.85,130.5,126.8,127.55,18200,794600,16450,weekly,2021-8-26T21:00:00.000,options,call
182,1629807420000,127.55,129.85,126.85,128.75,12600,782450,16450,weekly,2021-8-26T21:00:00.000,options,call
183,1629807480000,128.75,132.6,128.75,132.3,30950,782450,16450,weekly,2021-8-26T21:00:00.000,options,call
184,1629807540000,132.0,135.4,132.0,133.75,50950,782450,16450,weekly,2021-8-26T21:00:00.000,options,call
185,1629807600000,133.75,135.55,133.35,134.9,27200,782450,16450,weekly,2021-8-26T21:00:00.000,options,call
186,1629807660000,134.8,137.65,134.5,136.05,41750,751400,16450,weekly,2021-8-26T21:00:00.000,options,call
187,1629807720000,136.8,137.0,135.15,136.0,9100,751400,16450,weekly,2021-8-26T21:00:00.000,options,call
188,1629807780000,135.45,136.25,134.65,135.9,18350,751400,16450,weekly,2021-8-26T21:00:00.000,options,call
189,1629807840000,135.65,136.85,134.2,135.1,11050,741850,16450,weekly,2021-8-26T21:00:00.000,options,call
190,1629807900000,134.75,138.0,134.6,137.4,27300,741850,16450,weekly,2021-8-26T21:00:00.000,options,call
191,1629807960000,137.5,140.15,137.1,137.1,91650,741850,16450,weekly,2021-8-26T21:00:00.000,options,call
192,1629808020000,136.9,138.95,136.0,136.0,22000,691050,16450,weekly,2021-8-26T21:00:00.000,options,call
193,1629808080000,136.25,138.1,135.0,135.55,22850,691050,16450,weekly,2021-8-26T21:00:00.000,options,call
194,1629808140000,135.95,136.25,131.4,134.25,33100,691050,16450,weekly,2021-8-26T21:00:00.000,options,call
195,1629808200000,134.05,134.05,130.3,132.75,32550,691400,16450,weekly,2021-8-26T21:00:00.000,options,call
196,1629808260000,133.0,133.85,130.85,131.0,12700,691400,16450,weekly,2021-8-26T21:00:00.000,options,call
197,1629808320000,130.75,132.75,130.6,132.5,6450,691400,16450,weekly,2021-8-26T21:00:00.000,options,call
198,1629808380000,132.35,133.8,131.0,131.1,7350,690050,16450,weekly,2021-8-26T21:00:00.000,options,call
199,1629808440000,131.95,134.4,131.65,134.1,15800,690050,16450,weekly,2021-8-26T21:00:00.000,options,call
200,1629808500000,134.0,136.0,134.0,134.85,25500,690050,16450,weekly,2021-8-26T21:00:00.000,options,call
201,1629808560000,135.2,137.65,134.5,137.5,26600,678300,16450,weekly,2021-8-26T21:00:00.000,options,call
202,1629808620000,137.5,140.8,136.65,139.4,60050,678300,16450,weekly,2021-8-26T21:00:00.000,options,call
203,1629808680000,139.65,140.35,137.65,137.65,30650,678300,16450,weekly,2021-8-26T21:00:00.000,options,call
204,1629808740000,137.65,139.5,137.65,138.7,14250,662800,16450,weekly,2021-8-26T21:00:00.000,options,call
205,1629808800000,139.0,141.9,138.9,141.9,28600,662800,16450,weekly,2021-8-26T21:00:00.000,options,call
206,1629808860000,142.05,142.5,138.5,138.95,22250,662800,16450,weekly,2021-8-26T21:00:00.000,options,call
207,1629808920000,138.1,139.55,137.35,137.75,10250,643850,16450,weekly,2021-8-26T21:00:00.000,options,call
208,1629808980000,138.2,139.2,136.4,137.65,10150,643850,16450,weekly,2021-8-26T21:00:00.000,options,call
209,1629809040000,137.05,137.05,134.85,135.45,10300,643850,16450,weekly,2021-8-26T21:00:00.000,options,call
210,1629809100000,135.65,138.25,135.65,137.05,13450,638400,16450,weekly,2021-8-26T21:00:00.000,options,call
211,1629809160000,137.05,137.05,133.4,135.1,9200,638400,16450,weekly,2021-8-26T21:00:00.000,options,call
212,1629809220000,134.95,136.2,133.4,134.65,14750,638400,16450,weekly,2021-8-26T21:00:00.000,options,call
213,1629809280000,134.65,135.6,133.85,135.25,6700,636900,16450,weekly,2021-8-26T21:00:00.000,options,call
214,1629809340000,135.35,136.65,135.35,136.65,8800,636900,16450,weekly,2021-8-26T21:00:00.000,options,call
215,1629809400000,136.85,138.3,136.75,137.2,11500,636900,16450,weekly,2021-8-26T21:00:00.000,options,call
216,1629809460000,137.0,138.0,136.5,137.4,8200,637550,16450,weekly,2021-8-26T21:00:00.000,options,call
217,1629809520000,137.4,139.45,137.4,138.2,12650,637550,16450,weekly,2021-8-26T21:00:00.000,options,call
218,1629809580000,138.2,138.55,136.25,137.25,15550,637550,16450,weekly,2021-8-26T21:00:00.000,options,call
219,1629809640000,136.75,138.25,136.55,137.75,7200,647550,16450,weekly,2021-8-26T21:00:00.000,options,call
220,1629809700000,136.7,139.5,136.55,139.2,21300,647550,16450,weekly,2021-8-26T21:00:00.000,options,call
221,1629809760000,139.0,139.85,138.3,138.3,21200,647550,16450,weekly,2021-8-26T21:00:00.000,options,call
222,1629809820000,138.75,140.2,138.2,139.7,9900,639050,16450,weekly,2021-8-26T21:00:00.000,options,call
223,1629809880000,139.75,140.15,137.25,139.55,16850,639050,16450,weekly,2021-8-26T21:00:00.000,options,call
224,1629809940000,139.45,139.6,137.9,138.55,18250,639050,16450,weekly,2021-8-26T21:00:00.000,options,call
225,1629810000000,138.15,140.25,137.6,138.0,10250,628750,16450,weekly,2021-8-26T21:00:00.000,options,call
226,1629810060000,138.0,138.4,136.55,137.7,9050,628750,16450,weekly,2021-8-26T21:00:00.000,options,call
227,1629810120000,136.75,136.95,134.5,135.7,15500,628750,16450,weekly,2021-8-26T21:00:00.000,options,call
228,1629810180000,135.95,138.0,135.95,136.35,7050,616250,16450,weekly,2021-8-26T21:00:00.000,options,call
229,1629810240000,136.55,137.15,135.55,136.0,7600,616250,16450,weekly,2021-8-26T21:00:00.000,options,call
230,1629810300000,135.95,136.7,133.3,133.6,7650,616250,16450,weekly,2021-8-26T21:00:00.000,options,call
231,1629810360000,134.4,134.8,130.15,130.15,25750,615750,16450,weekly,2021-8-26T21:00:00.000,options,call
232,1629810420000,130.45,133.5,129.85,132.4,14000,615750,16450,weekly,2021-8-26T21:00:00.000,options,call
233,1629810480000,132.8,134.4,132.6,134.2,9450,615750,16450,weekly,2021-8-26T21:00:00.000,options,call
234,1629810540000,133.7,137.1,133.0,137.0,17750,608150,16450,weekly,2021-8-26T21:00:00.000,options,call
235,1629810600000,136.8,136.8,133.7,136.15,9800,608150,16450,weekly,2021-8-26T21:00:00.000,options,call
236,1629810660000,136.25,136.25,133.2,134.45,13350,608150,16450,weekly,2021-8-26T21:00:00.000,options,call
237,1629810720000,134.45,135.95,133.9,134.0,8400,609150,16450,weekly,2021-8-26T21:00:00.000,options,call
238,1629810780000,134.8,135.2,132.4,132.6,6550,609150,16450,weekly,2021-8-26T21:00:00.000,options,call
239,1629810840000,133.0,135.45,132.45,133.45,9150,609150,16450,weekly,2021-8-26T21:00:00.000,options,call
240,1629810900000,133.45,133.45,131.05,131.45,12150,608850,16450,weekly,2021-8-26T21:00:00.000,options,call
241,1629810960000,131.5,136.25,131.5,136.2,15150,608850,16450,weekly,2021-8-26T21:00:00.000,options,call
242,1629811020000,136.25,137.0,134.95,136.75,22450,608850,16450,weekly,2021-8-26T21:00:00.000,options,call
243,1629811080000,136.9,139.0,135.7,138.8,15350,606850,16450,weekly,2021-8-26T21:00:00.000,options,call
244,1629811140000,139.3,144.2,139.0,140.25,54850,606850,16450,weekly,2021-8-26T21:00:00.000,options,call
245,1629811200000,139.9,141.6,139.8,139.8,13100,606850,16450,weekly,2021-8-26T21:00:00.000,options,call
246,1629811260000,139.0,141.15,138.6,140.1,9400,602600,16450,weekly,2021-8-26T21:00:00.000,options,call
247,1629811320000,140.7,146.65,140.0,145.35,45950,602600,16450,weekly,2021-8-26T21:00:00.000,options,call
248,1629811380000,145.35,148.9,143.3,146.5,47550,602600,16450,weekly,2021-8-26T21:00:00.000,options,call
249,1629811440000,146.5,147.75,143.65,144.0,21150,578350,16450,weekly,2021-8-26T21:00:00.000,options,call
250,1629811500000,144.0,144.95,142.35,143.25,13950,578350,16450,weekly,2021-8-26T21:00:00.000,options,call
251,1629811560000,143.25,143.95,142.25,142.6,9300,578350,16450,weekly,2021-8-26T21:00:00.000,options,call
252,1629811620000,142.85,147.0,140.45,146.55,20150,574650,16450,weekly,2021-8-26T21:00:00.000,options,call
253,1629811680000,146.6,152.0,145.7,149.35,46600,574650,16450,weekly,2021-8-26T21:00:00.000,options,call
254,1629811740000,149.3,153.7,148.25,151.85,40950,574650,16450,weekly,2021-8-26T21:00:00.000,options,call
255,1629811800000,151.2,154.25,149.45,150.45,22750,544300,16450,weekly,2021-8-26T21:00:00.000,options,call
256,1629811860000,150.8,153.95,150.1,150.1,27450,544300,16450,weekly,2021-8-26T21:00:00.000,options,call
257,1629811920000,150.1,152.4,150.05,151.6,16950,544300,16450,weekly,2021-8-26T21:00:00.000,options,call
258,1629811980000,152.0,152.2,150.25,151.65,8600,542000,16450,weekly,2021-8-26T21:00:00.000,options,call
259,1629812040000,151.9,152.25,149.25,150.85,14850,542000,16450,weekly,2021-8-26T21:00:00.000,options,call
260,1629812100000,151.0,155.8,150.55,153.85,29550,542000,16450,weekly,2021-8-26T21:00:00.000,options,call
261,1629812160000,153.95,156.2,153.6,153.9,15150,538050,16450,weekly,2021-8-26T21:00:00.000,options,call
262,1629812220000,153.9,159.25,153.65,157.95,21700,538050,16450,weekly,2021-8-26T21:00:00.000,options,call
263,1629812280000,157.8,164.2,157.0,160.75,58300,538050,16450,weekly,2021-8-26T21:00:00.000,options,call
264,1629812340000,161.55,168.15,161.4,167.75,33150,521900,16450,weekly,2021-8-26T21:00:00.000,options,call
265,1629812400000,168.5,168.5,163.5,165.0,24300,521900,16450,weekly,2021-8-26T21:00:00.000,options,call
266,1629812460000,165.25,165.25,160.3,160.3,19350,521900,16450,weekly,2021-8-26T21:00:00.000,options,call
267,1629812520000,159.7,164.7,159.0,163.9,18900,507350,16450,weekly,2021-8-26T21:00:00.000,options,call
268,1629812580000,164.25,165.8,163.9,164.05,9800,507350,16450,weekly,2021-8-26T21:00:00.000,options,call
269,1629812640000,164.05,164.05,161.6,161.6,6700,507350,16450,weekly,2021-8-26T21:00:00.000,options,call
270,1629812700000,161.45,162.7,157.75,160.9,16950,500600,16450,weekly,2021-8-26T21:00:00.000,options,call
271,1629812760000,160.55,161.2,157.55,160.0,7650,500600,16450,weekly,2021-8-26T21:00:00.000,options,call
272,1629812820000,160.0,160.0,156.8,158.2,4900,500600,16450,weekly,2021-8-26T21:00:00.000,options,call
273,1629812880000,157.55,161.3,155.1,160.55,15850,497650,16450,weekly,2021-8-26T21:00:00.000,options,call
274,1629812940000,161.5,164.8,161.25,163.45,16950,497650,16450,weekly,2021-8-26T21:00:00.000,options,call
275,1629813000000,163.6,165.45,162.6,163.2,13500,497650,16450,weekly,2021-8-26T21:00:00.000,options,call
276,1629813060000,163.2,166.25,163.05,165.0,11700,499650,16450,weekly,2021-8-26T21:00:00.000,options,call
277,1629813120000,164.65,172.85,164.35,172.85,29950,499650,16450,weekly,2021-8-26T21:00:00.000,options,call
278,1629813180000,173.0,174.55,171.0,174.0,28100,499650,16450,weekly,2021-8-26T21:00:00.000,options,call
279,1629813240000,173.7,177.5,173.7,177.05,31300,478200,16450,weekly,2021-8-26T21:00:00.000,options,call
280,1629813300000,176.6,178.5,174.0,174.0,35650,478200,16450,weekly,2021-8-26T21:00:00.000,options,call
281,1629813360000,174.25,176.0,172.35,172.35,18850,478200,16450,weekly,2021-8-26T21:00:00.000,options,call
282,1629813420000,172.35,179.1,172.35,179.0,12900,468850,16450,weekly,2021-8-26T21:00:00.000,options,call
283,1629813480000,180.55,180.55,176.0,178.75,13000,468850,16450,weekly,2021-8-26T21:00:00.000,options,call
284,1629813540000,178.75,178.8,176.0,177.0,9650,468850,16450,weekly,2021-8-26T21:00:00.000,options,call
285,1629813600000,176.95,182.4,176.95,182.4,17500,459150,16450,weekly,2021-8-26T21:00:00.000,options,call
286,1629813660000,182.75,183.8,180.35,181.35,16400,459150,16450,weekly,2021-8-26T21:00:00.000,options,call
287,1629813720000,180.6,184.0,180.6,183.0,8150,459150,16450,weekly,2021-8-26T21:00:00.000,options,call
288,1629813780000,183.0,183.85,180.75,182.8,11000,449850,16450,weekly,2021-8-26T21:00:00.000,options,call
289,1629813840000,183.8,185.55,182.05,185.35,11700,449850,16450,weekly,2021-8-26T21:00:00.000,options,call
290,1629813900000,184.35,187.0,182.0,182.0,9100,449850,16450,weekly,2021-8-26T21:00:00.000,options,call
291,1629813960000,181.65,181.95,178.25,179.85,18500,448050,16450,weekly,2021-8-26T21:00:00.000,options,call
292,1629814020000,179.85,184.3,179.8,181.05,6350,448050,16450,weekly,2021-8-26T21:00:00.000,options,call
293,1629814080000,180.45,182.65,179.7,181.45,11000,448050,16450,weekly,2021-8-26T21:00:00.000,options,call
294,1629814140000,180.75,182.2,180.75,182.0,4600,440700,16450,weekly,2021-8-26T21:00:00.000,options,call
295,1629814200000,182.0,184.2,180.0,180.25,4600,440700,16450,weekly,2021-8-26T21:00:00.000,options,call
296,1629814260000,180.25,181.15,179.5,181.1,3950,440700,16450,weekly,2021-8-26T21:00:00.000,options,call
297,1629814320000,182.15,183.05,181.3,182.35,5800,442250,16450,weekly,2021-8-26T21:00:00.000,options,call
298,1629814380000,182.55,182.6,181.0,181.35,10050,442250,16450,weekly,2021-8-26T21:00:00.000,options,call
299,1629814440000,182.0,182.25,179.55,181.1,4400,442250,16450,weekly,2021-8-26T21:00:00.000,options,call
300,1629814500000,181.2,182.0,179.6,181.7,4500,440200,16450,weekly,2021-8-26T21:00:00.000,options,call
301,1629814560000,181.7,181.7,179.75,179.75,7850,440200,16450,weekly,2021-8-26T21:00:00.000,options,call
302,1629814620000,180.6,180.6,178.05,178.55,3100,440200,16450,weekly,2021-8-26T21:00:00.000,options,call
303,1629814680000,178.55,178.95,173.05,178.0,20600,437550,16450,weekly,2021-8-26T21:00:00.000,options,call
304,1629814740000,178.5,182.25,178.5,181.8,11000,437550,16450,weekly,2021-8-26T21:00:00.000,options,call
305,1629814800000,181.8,186.65,181.8,186.35,11800,437550,16450,weekly,2021-8-26T21:00:00.000,options,call
306,1629814860000,186.55,190.9,186.5,189.1,14050,430900,16450,weekly,2021-8-26T21:00:00.000,options,call
307,1629814920000,189.2,191.65,187.0,190.65,16900,430900,16450,weekly,2021-8-26T21:00:00.000,options,call
308,1629814980000,192.35,197.55,191.65,196.6,33300,430900,16450,weekly,2021-8-26T21:00:00.000,options,call
309,1629815040000,196.6,200.45,195.95,198.35,25750,433850,16450,weekly,2021-8-26T21:00:00.000,options,call
310,1629815100000,199.0,199.5,195.55,196.0,6050,433850,16450,weekly,2021-8-26T21:00:00.000,options,call
311,1629815160000,195.65,200.3,195.65,198.5,9050,433850,16450,weekly,2021-8-26T21:00:00.000,options,call
312,1629815220000,197.75,200.4,197.45,198.55,10750,430650,16450,weekly,2021-8-26T21:00:00.000,options,call
313,1629815280000,199.1,199.1,196.3,196.7,3350,430650,16450,weekly,2021-8-26T21:00:00.000,options,call
314,1629815340000,197.95,198.0,196.5,196.95,1750,430650,16450,weekly,2021-8-26T21:00:00.000,options,call
315,1629815400000,196.95,199.0,195.45,197.6,11000,425750,16450,weekly,2021-8-26T21:00:00.000,options,call
316,1629815460000,197.9,202.85,197.55,198.3,8150,425750,16450,weekly,2021-8-26T21:00:00.000,options,call
317,1629815520000,198.3,201.8,198.25,201.55,6350,425750,16450,weekly,2021-8-26T21:00:00.000,options,call
318,1629815580000,200.6,201.2,199.4,199.4,7000,419350,16450,weekly,2021-8-26T21:00:00.000,options,call
319,1629815640000,199.55,200.4,197.75,197.75,7800,419350,16450,weekly,2021-8-26T21:00:00.000,options,call
320,1629815700000,197.6,198.0,192.55,194.4,9200,419350,16450,weekly,2021-8-26T21:00:00.000,options,call
321,1629815760000,194.4,195.45,188.45,189.1,8200,417650,16450,weekly,2021-8-26T21:00:00.000,options,call
322,1629815820000,188.95,193.4,188.65,193.25,5050,417650,16450,weekly,2021-8-26T21:00:00.000,options,call
323,1629815880000,192.6,192.75,190.9,192.25,1900,417650,16450,weekly,2021-8-26T21:00:00.000,options,call
324,1629815940000,192.9,196.95,192.25,196.95,3300,416200,16450,weekly,2021-8-26T21:00:00.000,options,call
325,1629816000000,197.0,197.85,194.15,194.55,3250,416200,16450,weekly,2021-8-26T21:00:00.000,options,call
326,1629816060000,194.55,195.7,193.8,195.25,2150,416200,16450,weekly,2021-8-26T21:00:00.000,options,call
327,1629816120000,195.25,197.0,194.0,194.35,3950,413700,16450,weekly,2021-8-26T21:00:00.000,options,call
328,1629816180000,194.4,194.4,190.0,191.55,4600,413700,16450,weekly,2021-8-26T21:00:00.000,options,call
329,1629816240000,192.25,193.0,189.0,191.0,7000,413700,16450,weekly,2021-8-26T21:00:00.000,options,call
330,1629816300000,190.7,195.0,190.6,194.0,3550,417350,16450,weekly,2021-8-26T21:00:00.000,options,call
331,1629816360000,194.0,196.5,193.45,195.2,4050,417350,16450,weekly,2021-8-26T21:00:00.000,options,call
332,1629816420000,195.2,196.3,195.0,196.3,2750,417350,16450,weekly,2021-8-26T21:00:00.000,options,call
333,1629816480000,195.15,200.75,195.15,200.75,6000,416700,16450,weekly,2021-8-26T21:00:00.000,options,call
334,1629816540000,201.15,201.65,196.45,196.45,18600,416700,16450,weekly,2021-8-26T21:00:00.000,options,call
335,1629816600000,196.4,197.9,195.0,195.95,7350,416700,16450,weekly,2021-8-26T21:00:00.000,options,call
336,1629816660000,196.5,198.85,195.55,198.15,6450,412950,16450,weekly,2021-8-26T21:00:00.000,options,call
337,1629816720000,199.05,199.05,196.45,197.7,4100,412950,16450,weekly,2021-8-26T21:00:00.000,options,call
338,1629816780000,197.15,199.6,196.6,197.0,3750,412950,16450,weekly,2021-8-26T21:00:00.000,options,call
339,1629816840000,196.45,199.2,196.45,197.3,2000,408000,16450,weekly,2021-8-26T21:00:00.000,options,call
340,1629816900000,196.95,197.65,194.75,197.2,8300,408000,16450,weekly,2021-8-26T21:00:00.000,options,call
341,1629816960000,196.1,196.4,193.55,193.8,3700,408000,16450,weekly,2021-8-26T21:00:00.000,options,call
342,1629817020000,193.8,200.0,193.3,197.8,5650,404800,16450,weekly,2021-8-26T21:00:00.000,options,call
343,1629817080000,197.8,199.05,196.95,197.55,3800,404800,16450,weekly,2021-8-26T21:00:00.000,options,call
344,1629817140000,196.95,200.0,196.95,198.85,3700,404800,16450,weekly,2021-8-26T21:00:00.000,options,call
345,1629817200000,199.75,204.25,192.85,192.85,12500,404500,16450,weekly,2021-8-26T21:00:00.000,options,call
346,1629817260000,192.5,195.0,190.0,192.7,7500,404500,16450,weekly,2021-8-26T21:00:00.000,options,call
347,1629817320000,192.7,193.75,189.0,189.1,7400,404500,16450,weekly,2021-8-26T21:00:00.000,options,call
348,1629817380000,188.8,188.8,182.0,186.7,20450,399550,16450,weekly,2021-8-26T21:00:00.000,options,call
349,1629817440000,185.05,188.15,184.0,184.9,23900,399550,16450,weekly,2021-8-26T21:00:00.000,options,call
350,1629817500000,184.65,188.65,184.0,184.65,13700,399550,16450,weekly,2021-8-26T21:00:00.000,options,call
351,1629817560000,184.0,187.8,183.4,187.0,9150,390850,16450,weekly,2021-8-26T21:00:00.000,options,call
352,1629817620000,186.25,188.5,184.5,188.5,4300,390850,16450,weekly,2021-8-26T21:00:00.000,options,call
353,1629817680000,188.95,192.0,187.9,190.95,10900,390850,16450,weekly,2021-8-26T21:00:00.000,options,call
354,1629817740000,189.55,191.0,188.9,190.95,3600,378700,16450,weekly,2021-8-26T21:00:00.000,options,call
355,1629817800000,190.05,193.0,189.0,189.7,6950,378700,16450,weekly,2021-8-26T21:00:00.000,options,call
356,1629817860000,189.0,190.1,187.75,189.5,2050,378700,16450,weekly,2021-8-26T21:00:00.000,options,call
357,1629817920000,188.8,192.0,188.7,191.25,4800,376300,16450,weekly,2021-8-26T21:00:00.000,options,call
358,1629817980000,191.25,191.25,187.3,188.25,4900,376300,16450,weekly,2021-8-26T21:00:00.000,options,call
359,1629818040000,188.25,188.5,186.45,187.75,3850,376300,16450,weekly,2021-8-26T21:00:00.000,options,call
360,1629818100000,187.55,187.55,183.05,183.05,14800,377750,16450,weekly,2021-8-26T21:00:00.000,options,call
361,1629818160000,183.35,186.45,183.35,185.3,7650,377750,16450,weekly,2021-8-26T21:00:00.000,options,call
362,1629818220000,186.2,187.1,184.45,186.0,8200,377750,16450,weekly,2021-8-26T21:00:00.000,options,call
363,1629818280000,186.0,190.35,185.65,189.35,9500,377450,16450,weekly,2021-8-26T21:00:00.000,options,call
364,1629818340000,189.35,190.45,189.0,190.0,4200,377450,16450,weekly,2021-8-26T21:00:00.000,options,call
365,1629818400000,190.0,190.05,187.0,188.3,9300,377450,16450,weekly,2021-8-26T21:00:00.000,options,call
366,1629818460000,188.3,188.75,184.6,185.0,8450,375000,16450,weekly,2021-8-26T21:00:00.000,options,call
367,1629818520000,185.0,185.45,184.25,184.25,11700,375000,16450,weekly,2021-8-26T21:00:00.000,options,call
368,1629818580000,185.0,185.0,180.6,180.6,5950,375000,16450,weekly,2021-8-26T21:00:00.000,options,call
369,1629818640000,180.6,180.7,177.5,178.0,14800,372850,16450,weekly,2021-8-26T21:00:00.000,options,call
370,1629818700000,178.0,178.0,174.6,176.35,7250,372850,16450,weekly,2021-8-26T21:00:00.000,options,call
371,1629818760000,177.05,178.25,175.7,178.25,10850,372850,16450,weekly,2021-8-26T21:00:00.000,options,call
372,1629818820000,178.3,178.3,173.75,173.75,5800,362450,16450,weekly,2021-8-26T21:00:00.000,options,call
373,1629818880000,173.75,175.0,173.55,175.0,6500,362450,16450,weekly,2021-8-26T21:00:00.000,options,call
374,1629818940000,175.45,179.0,174.95,179.0,6100,362450,16450,weekly,2021-8-26T21:00:00.000,options,call
