,timestamp,open,high,low,close,volume,open_interest,strike,expiry_type,expiry,instrument,contract_type
0,1644916500000,13.2,40.55,13.2,29.0,59050,220100,16350,weekly,2022-2-17T21:00:00.000,options,put
1,1644916560000,28.05,28.05,21.85,23.75,84600,220100,16350,weekly,2022-2-17T21:00:00.000,options,put
2,1644916620000,24.35,25.5,22.85,23.2,27750,240700,16350,weekly,2022-2-17T21:00:00.000,options,put
3,1644916680000,23.3,23.4,22.2,23.05,23650,240700,16350,weekly,2022-2-17T21:00:00.000,options,put
4,1644916740000,23.3,24.55,22.55,23.15,26650,240700,16350,weekly,2022-2-17T21:00:00.000,options,put
5,1644916800000,23.05,24.65,22.85,24.45,25700,242700,16350,weekly,2022-2-17T21:00:00.000,options,put
6,1644916860000,24.2,25.65,23.9,23.9,36250,242700,16350,weekly,2022-2-17T21:00:00.000,options,put
7,1644916920000,23.8,24.25,22.0,22.65,32600,242700,16350,weekly,2022-2-17T21:00:00.000,options,put
8,1644916980000,22.55,24.3,22.0,24.3,26300,240850,16350,weekly,2022-2-17T21:00:00.000,options,put
9,1644917040000,24.55,25.65,24.15,25.4,22700,240850,16350,weekly,2022-2-17T21:00:00.000,options,put
10,1644917100000,25.4,27.8,25.4,26.4,39050,240850,16350,weekly,2022-2-17T21:00:00.000,options,put
11,1644917160000,26.5,30.1,26.5,29.2,31700,250050,16350,weekly,2022-2-17T21:00:00.000,options,put
12,1644917220000,29.5,30.7,26.6,27.1,28700,250050,16350,weekly,2022-2-17T21:00:00.000,options,put
13,1644917280000,26.65,26.85,24.3,26.85,18400,250050,16350,weekly,2022-2-17T21:00:00.000,options,put
14,1644917340000,26.4,28.0,25.95,25.95,13800,258750,16350,weekly,2022-2-17T21:00:00.000,options,put
15,1644917400000,26.0,26.45,25.0,25.75,24750,258750,16350,weekly,2022-2-17T21:00:00.000,options,put
16,1644917460000,25.6,26.0,24.75,25.85,24750,258750,16350,weekly,2022-2-17T21:00:00.000,options,put
17,1644917520000,25.45,25.5,23.0,23.6,25550,261350,16350,weekly,2022-2-17T21:00:00.000,options,put
18,1644917580000,23.5,25.7,23.2,25.3,13050,261350,16350,weekly,2022-2-17T21:00:00.000,options,put
19,1644917640000,25.2,26.3,24.85,25.5,13800,261350,16350,weekly,2022-2-17T21:00:00.000,options,put
20,1644917700000,25.55,26.85,24.35,26.85,12750,269700,16350,weekly,2022-2-17T21:00:00.000,options,put
21,1644917760000,26.65,27.2,25.65,25.65,15500,269700,16350,weekly,2022-2-17T21:00:00.000,options,put
22,1644917820000,25.65,27.0,25.65,26.4,11700,269700,16350,weekly,2022-2-17T21:00:00.000,options,put
23,1644917880000,26.25,26.9,25.75,26.6,13450,273900,16350,weekly,2022-2-17T21:00:00.000,options,put
24,1644917940000,26.85,26.9,26.0,26.75,5950,273900,16350,weekly,2022-2-17T21:00:00.000,options,put
25,1644918000000,26.75,27.0,24.7,25.2,16400,273900,16350,weekly,2022-2-17T21:00:00.000,options,put
26,1644918060000,25.65,26.1,25.15,25.7,5950,277500,16350,weekly,2022-2-17T21:00:00.000,options,put
27,1644918120000,25.85,29.05,25.85,29.05,20950,277500,16350,weekly,2022-2-17T21:00:00.000,options,put
28,1644918180000,29.5,30.35,28.7,29.6,30650,277500,16350,weekly,2022-2-17T21:00:00.000,options,put
29,1644918240000,29.8,31.8,29.8,31.0,44650,269500,16350,weekly,2022-2-17T21:00:00.000,options,put
30,1644918300000,31.2,31.4,29.15,30.35,30400,269500,16350,weekly,2022-2-17T21:00:00.000,options,put
31,1644918360000,30.25,32.0,30.05,30.6,22350,269500,16350,weekly,2022-2-17T21:00:00.000,options,put
32,1644918420000,30.5,31.4,28.6,29.0,19100,269500,16350,weekly,2022-2-17T21:00:00.000,options,put
33,1644918480000,29.0,30.7,28.6,30.7,14950,269500,16350,weekly,2022-2-17T21:00:00.000,options,put
34,1644918540000,30.85,30.85,29.45,30.85,12850,269500,16350,weekly,2022-2-17T21:00:00.000,options,put
35,1644918600000,30.95,31.2,27.15,27.65,19900,275400,16350,weekly,2022-2-17T21:00:00.000,options,put
36,1644918660000,27.75,27.75,25.2,26.35,19800,275400,16350,weekly,2022-2-17T21:00:00.000,options,put
37,1644918720000,26.05,26.5,25.2,26.0,11050,275400,16350,weekly,2022-2-17T21:00:00.000,options,put
38,1644918780000,26.0,26.8,25.4,26.45,25650,278650,16350,weekly,2022-2-17T21:00:00.000,options,put
39,1644918840000,26.55,27.5,26.35,26.4,11550,278650,16350,weekly,2022-2-17T21:00:00.000,options,put
40,1644918900000,26.4,28.8,26.4,28.35,7100,278650,16350,weekly,2022-2-17T21:00:00.000,options,put
41,1644918960000,28.35,29.3,28.0,28.1,13000,276950,16350,weekly,2022-2-17T21:00:00.000,options,put
42,1644919020000,27.95,29.15,27.4,29.0,6050,276950,16350,weekly,2022-2-17T21:00:00.000,options,put
43,1644919080000,29.0,30.0,28.9,29.6,7100,276950,16350,weekly,2022-2-17T21:00:00.000,options,put
44,1644919140000,29.7,30.55,29.4,30.05,17850,277650,16350,weekly,2022-2-17T21:00:00.000,options,put
45,1644919200000,30.05,31.3,30.0,30.4,28250,277650,16350,weekly,2022-2-17T21:00:00.000,options,put
46,1644919260000,30.75,31.75,30.75,31.4,31050,277650,16350,weekly,2022-2-17T21:00:00.000,options,put
47,1644919320000,31.55,32.2,31.45,32.1,18950,279950,16350,weekly,2022-2-17T21:00:00.000,options,put
48,1644919380000,32.4,32.5,31.2,31.4,40600,279950,16350,weekly,2022-2-17T21:00:00.000,options,put
49,1644919440000,31.3,31.65,29.85,31.65,19000,279950,16350,weekly,2022-2-17T21:00:00.000,options,put
50,1644919500000,31.5,33.5,31.5,32.85,21400,282050,16350,weekly,2022-2-17T21:00:00.000,options,put
51,1644919560000,32.8,33.2,30.45,30.7,29750,282050,16350,weekly,2022-2-17T21:00:00.000,options,put
52,1644919620000,30.65,31.55,29.0,29.0,21800,282050,16350,weekly,2022-2-17T21:00:00.000,options,put
53,1644919680000,29.1,29.4,27.35,29.0,18950,296350,16350,weekly,2022-2-17T21:00:00.000,options,put
54,1644919740000,28.85,30.9,28.85,28.95,25600,296350,16350,weekly,2022-2-17T21:00:00.000,options,put
55,1644919800000,28.6,30.3,28.05,30.1,14350,296350,16350,weekly,2022-2-17T21:00:00.000,options,put
56,1644919860000,30.1,30.65,28.2,28.2,7850,282450,16350,weekly,2022-2-17T21:00:00.000,options,put
57,1644919920000,28.2,29.5,28.05,29.3,10550,282450,16350,weekly,2022-2-17T21:00:00.000,options,put
58,1644919980000,30.0,30.8,29.35,29.45,11550,282450,16350,weekly,2022-2-17T21:00:00.000,options,put
59,1644920040000,29.3,30.5,29.15,29.3,7050,277850,16350,weekly,2022-2-17T21:00:00.000,options,put
60,1644920100000,29.55,30.4,28.2,28.3,12150,277850,16350,weekly,2022-2-17T21:00:00.000,options,put
61,1644920160000,28.3,28.3,25.75,26.55,32750,277850,16350,weekly,2022-2-17T21:00:00.000,options,put
62,1644920220000,26.65,26.9,26.0,26.0,9850,283300,16350,weekly,2022-2-17T21:00:00.000,options,put
63,1644920280000,25.85,25.95,24.75,24.95,20750,283300,16350,weekly,2022-2-17T21:00:00.000,options,put
64,1644920340000,24.85,26.0,24.1,25.75,37200,283300,16350,weekly,2022-2-17T21:00:00.000,options,put
65,1644920400000,25.65,27.05,25.5,27.05,11000,297150,16350,weekly,2022-2-17T21:00:00.000,options,put
66,1644920460000,27.1,28.05,26.35,27.4,9750,297150,16350,weekly,2022-2-17T21:00:00.000,options,put
67,1644920520000,27.55,28.05,26.6,28.05,8250,297150,16350,weekly,2022-2-17T21:00:00.000,options,put
68,1644920580000,28.05,28.2,26.6,26.6,10850,309600,16350,weekly,2022-2-17T21:00:00.000,options,put
69,1644920640000,26.6,27.0,26.0,26.45,8000,309600,16350,weekly,2022-2-17T21:00:00.000,options,put
70,1644920700000,26.4,27.05,25.25,25.25,5300,309600,16350,weekly,2022-2-17T21:00:00.000,options,put
71,1644920760000,25.2,25.95,25.0,25.2,13500,306350,16350,weekly,2022-2-17T21:00:00.000,options,put
72,1644920820000,25.2,25.85,24.7,25.4,15700,306350,16350,weekly,2022-2-17T21:00:00.000,options,put
73,1644920880000,25.5,27.2,25.4,26.8,6600,306350,16350,weekly,2022-2-17T21:00:00.000,options,put
74,1644920940000,26.85,27.25,26.6,26.6,9750,307700,16350,weekly,2022-2-17T21:00:00.000,options,put
75,1644921000000,26.4,27.2,25.6,26.8,11700,307700,16350,weekly,2022-2-17T21:00:00.000,options,put
76,1644921060000,26.8,27.45,26.45,27.45,3650,307700,16350,weekly,2022-2-17T21:00:00.000,options,put
77,1644921120000,27.45,27.45,26.35,26.8,9100,309200,16350,weekly,2022-2-17T21:00:00.000,options,put
78,1644921180000,26.6,26.8,25.6,26.2,7500,309200,16350,weekly,2022-2-17T21:00:00.000,options,put
79,1644921240000,26.4,28.5,26.4,28.5,15450,309200,16350,weekly,2022-2-17T21:00:00.000,options,put
80,1644921300000,28.35,29.6,28.3,29.5,6950,309900,16350,weekly,2022-2-17T21:00:00.000,options,put
81,1644921360000,29.65,29.95,28.95,29.55,35250,309900,16350,weekly,2022-2-17T21:00:00.000,options,put
82,1644921420000,29.45,30.0,28.15,29.55,18000,309900,16350,weekly,2022-2-17T21:00:00.000,options,put
83,1644921480000,29.55,29.75,28.7,28.85,10600,313500,16350,weekly,2022-2-17T21:00:00.000,options,put
84,1644921540000,28.85,29.2,28.3,28.95,7700,313500,16350,weekly,2022-2-17T21:00:00.000,options,put
85,1644921600000,28.8,29.1,27.75,28.2,12500,313500,16350,weekly,2022-2-17T21:00:00.000,options,put
86,1644921660000,28.15,28.15,26.65,27.35,10150,315250,16350,weekly,2022-2-17T21:00:00.000,options,put
87,1644921720000,27.25,27.6,26.6,27.55,9700,315250,16350,weekly,2022-2-17T21:00:00.000,options,put
88,1644921780000,27.55,28.6,27.55,28.35,8200,315250,16350,weekly,2022-2-17T21:00:00.000,options,put
89,1644921840000,28.25,28.85,28.25,28.45,3250,311600,16350,weekly,2022-2-17T21:00:00.000,options,put
90,1644921900000,28.55,28.55,26.55,26.55,4850,311600,16350,weekly,2022-2-17T21:00:00.000,options,put
91,1644921960000,26.55,28.25,26.55,27.75,4600,311600,16350,weekly,2022-2-17T21:00:00.000,options,put
92,1644922020000,27.75,28.2,27.35,28.15,4200,310150,16350,weekly,2022-2-17T21:00:00.000,options,put
93,1644922080000,28.05,28.1,27.65,28.0,1350,310150,16350,weekly,2022-2-17T21:00:00.000,options,put
94,1644922140000,28.0,28.5,27.75,28.5,1550,310150,16350,weekly,2022-2-17T21:00:00.000,options,put
95,1644922200000,28.5,30.0,28.5,30.0,11600,309800,16350,weekly,2022-2-17T21:00:00.000,options,put
96,1644922260000,30.0,30.0,28.65,28.85,13150,309800,16350,weekly,2022-2-17T21:00:00.000,options,put
97,1644922320000,28.85,28.85,27.1,27.85,8150,309800,16350,weekly,2022-2-17T21:00:00.000,options,put
98,1644922380000,28.3,28.35,26.9,27.4,5850,308150,16350,weekly,2022-2-17T21:00:00.000,options,put
99,1644922440000,27.2,27.95,27.0,27.55,2700,308150,16350,weekly,2022-2-17T21:00:00.000,options,put
100,1644922500000,27.55,27.8,27.15,27.6,3600,308150,16350,weekly,2022-2-17T21:00:00.000,options,put
101,1644922560000,27.75,27.75,26.0,26.1,8150,327650,16350,weekly,2022-2-17T21:00:00.000,options,put
102,1644922620000,26.3,26.3,25.45,25.65,16400,327650,16350,weekly,2022-2-17T21:00:00.000,options,put
103,1644922680000,25.65,26.0,24.8,24.8,16550,327650,16350,weekly,2022-2-17T21:00:00.000,options,put
104,1644922740000,24.8,25.1,24.4,24.6,24500,334000,16350,weekly,2022-2-17T21:00:00.000,options,put
105,1644922800000,24.65,25.25,24.15,25.25,12700,334000,16350,weekly,2022-2-17T21:00:00.000,options,put
106,1644922860000,25.0,25.3,24.2,24.35,30250,334000,16350,weekly,2022-2-17T21:00:00.000,options,put
107,1644922920000,24.35,24.35,23.35,23.5,34250,328800,16350,weekly,2022-2-17T21:00:00.000,options,put
108,1644922980000,23.3,23.3,21.9,22.55,39100,328800,16350,weekly,2022-2-17T21:00:00.000,options,put
109,1644923040000,22.5,22.7,21.75,21.75,26250,328800,16350,weekly,2022-2-17T21:00:00.000,options,put
110,1644923100000,21.6,21.6,20.7,20.75,33550,328800,16350,weekly,2022-2-17T21:00:00.000,options,put
111,1644923160000,20.65,21.1,20.45,20.6,23050,328800,16350,weekly,2022-2-17T21:00:00.000,options,put
112,1644923220000,20.65,20.85,19.75,20.0,19750,328800,16350,weekly,2022-2-17T21:00:00.000,options,put
113,1644923280000,20.0,20.3,19.4,20.15,18700,329800,16350,weekly,2022-2-17T21:00:00.000,options,put
114,1644923340000,20.1,20.25,19.45,20.25,34050,329800,16350,weekly,2022-2-17T21:00:00.000,options,put
115,1644923400000,20.15,20.3,19.8,20.05,9600,329800,16350,weekly,2022-2-17T21:00:00.000,options,put
116,1644923460000,20.1,21.05,20.1,20.65,17450,327350,16350,weekly,2022-2-17T21:00:00.000,options,put
117,1644923520000,20.7,21.0,20.2,20.7,12700,327350,16350,weekly,2022-2-17T21:00:00.000,options,put
118,1644923580000,20.65,21.7,20.65,21.65,15150,327350,16350,weekly,2022-2-17T21:00:00.000,options,put
119,1644923640000,21.5,21.7,21.25,21.6,7800,336100,16350,weekly,2022-2-17T21:00:00.000,options,put
120,1644923700000,21.3,21.3,20.5,20.6,27850,336100,16350,weekly,2022-2-17T21:00:00.000,options,put
121,1644923760000,20.45,20.45,19.75,19.85,17800,336100,16350,weekly,2022-2-17T21:00:00.000,options,put
122,1644923820000,20.1,20.1,19.45,19.8,11450,324500,16350,weekly,2022-2-17T21:00:00.000,options,put
123,1644923880000,19.9,20.0,19.5,19.5,14800,324500,16350,weekly,2022-2-17T21:00:00.000,options,put
124,1644923940000,19.5,19.65,18.4,18.4,28850,324500,16350,weekly,2022-2-17T21:00:00.000,options,put
125,1644924000000,18.1,18.4,17.8,18.05,31650,346650,16350,weekly,2022-2-17T21:00:00.000,options,put
126,1644924060000,18.05,18.2,17.5,18.2,18550,346650,16350,weekly,2022-2-17T21:00:00.000,options,put
127,1644924120000,18.0,18.3,17.5,18.3,31600,346650,16350,weekly,2022-2-17T21:00:00.000,options,put
128,1644924180000,18.3,18.5,18.0,18.3,18200,354100,16350,weekly,2022-2-17T21:00:00.000,options,put
129,1644924240000,18.3,19.0,18.15,19.0,15900,354100,16350,weekly,2022-2-17T21:00:00.000,options,put
130,1644924300000,18.75,19.55,18.6,19.4,12550,354100,16350,weekly,2022-2-17T21:00:00.000,options,put
131,1644924360000,19.45,20.2,19.45,20.15,9400,355350,16350,weekly,2022-2-17T21:00:00.000,options,put
132,1644924420000,20.15,20.5,20.1,20.1,12000,355350,16350,weekly,2022-2-17T21:00:00.000,options,put
133,1644924480000,20.05,21.25,20.0,21.0,18800,355350,16350,weekly,2022-2-17T21:00:00.000,options,put
134,1644924540000,21.05,21.05,19.55,19.6,15000,350550,16350,weekly,2022-2-17T21:00:00.000,options,put
135,1644924600000,19.3,19.3,18.05,18.15,37350,350550,16350,weekly,2022-2-17T21:00:00.000,options,put
136,1644924660000,18.15,18.3,17.05,17.5,22400,350550,16350,weekly,2022-2-17T21:00:00.000,options,put
137,1644924720000,17.5,17.5,17.05,17.2,22800,353100,16350,weekly,2022-2-17T21:00:00.000,options,put
138,1644924780000,16.9,17.4,16.85,17.4,21450,353100,16350,weekly,2022-2-17T21:00:00.000,options,put
139,1644924840000,17.25,17.65,16.9,17.65,25700,353100,16350,weekly,2022-2-17T21:00:00.000,options,put
140,1644924900000,17.35,17.9,17.15,17.9,14250,367900,16350,weekly,2022-2-17T21:00:00.000,options,put
141,1644924960000,17.9,18.25,17.65,17.75,17600,367900,16350,weekly,2022-2-17T21:00:00.000,options,put
142,1644925020000,17.75,18.0,17.6,18.0,6300,367900,16350,weekly,2022-2-17T21:00:00.000,options,put
143,1644925080000,17.8,18.45,17.8,18.15,15300,368350,16350,weekly,2022-2-17T21:00:00.000,options,put
144,1644925140000,18.15,18.2,17.6,17.85,11400,368350,16350,weekly,2022-2-17T21:00:00.000,options,put
145,1644925200000,17.55,17.65,17.15,17.25,24800,368350,16350,weekly,2022-2-17T21:00:00.000,options,put
146,1644925260000,17.2,17.6,17.05,17.4,26350,362600,16350,weekly,2022-2-17T21:00:00.000,options,put
147,1644925320000,17.2,17.45,17.1,17.3,22650,362600,16350,weekly,2022-2-17T21:00:00.000,options,put
148,1644925380000,17.4,17.55,17.25,17.25,7300,362600,16350,weekly,2022-2-17T21:00:00.000,options,put
149,1644925440000,17.25,17.6,17.2,17.6,6350,362600,16350,weekly,2022-2-17T21:00:00.000,options,put
150,1644925500000,17.45,17.5,15.8,16.0,34200,366700,16350,weekly,2022-2-17T21:00:00.000,options,put
151,1644925560000,16.1,16.25,15.55,15.85,16450,366700,16350,weekly,2022-2-17T21:00:00.000,options,put
152,1644925620000,15.7,15.7,15.05,15.15,15600,376650,16350,weekly,2022-2-17T21:00:00.000,options,put
153,1644925680000,15.15,15.5,15.0,15.3,21500,376650,16350,weekly,2022-2-17T21:00:00.000,options,put
154,1644925740000,15.4,15.45,15.2,15.35,20550,376650,16350,weekly,2022-2-17T21:00:00.000,options,put
155,1644925800000,15.3,15.55,14.75,14.8,25500,376650,16350,weekly,2022-2-17T21:00:00.000,options,put
156,1644925860000,14.85,15.7,14.65,15.45,13200,377200,16350,weekly,2022-2-17T21:00:00.000,options,put
157,1644925920000,15.45,15.75,15.2,15.7,22500,377200,16350,weekly,2022-2-17T21:00:00.000,options,put
158,1644925980000,15.7,16.9,15.7,16.9,22700,377200,16350,weekly,2022-2-17T21:00:00.000,options,put
159,1644926040000,16.85,17.0,16.5,16.5,14850,361900,16350,weekly,2022-2-17T21:00:00.000,options,put
160,1644926100000,16.5,16.5,15.8,15.8,9650,361900,16350,weekly,2022-2-17T21:00:00.000,options,put
161,1644926160000,15.8,15.95,15.25,15.4,19050,361900,16350,weekly,2022-2-17T21:00:00.000,options,put
162,1644926220000,15.6,15.75,15.3,15.4,12250,363300,16350,weekly,2022-2-17T21:00:00.000,options,put
163,1644926280000,15.3,15.5,15.15,15.15,10700,363300,16350,weekly,2022-2-17T21:00:00.000,options,put
164,1644926340000,15.15,15.4,15.0,15.15,13200,363300,16350,weekly,2022-2-17T21:00:00.000,options,put
165,1644926400000,15.2,15.2,14.35,14.45,19600,352600,16350,weekly,2022-2-17T21:00:00.000,options,put
166,1644926460000,14.3,15.0,14.3,14.9,19400,352600,16350,weekly,2022-2-17T21:00:00.000,options,put
167,1644926520000,14.95,15.1,14.8,14.85,11400,352600,16350,weekly,2022-2-17T21:00:00.000,options,put
168,1644926580000,14.9,15.15,14.85,14.9,17150,359000,16350,weekly,2022-2-17T21:00:00.000,options,put
169,1644926640000,14.9,15.35,14.9,15.15,11950,359000,16350,weekly,2022-2-17T21:00:00.000,options,put
170,1644926700000,15.1,15.35,14.9,15.2,15850,359000,16350,weekly,2022-2-17T21:00:00.000,options,put
171,1644926760000,15.25,15.7,15.2,15.7,23300,354650,16350,weekly,2022-2-17T21:00:00.000,options,put
172,1644926820000,15.7,15.7,14.25,14.55,18200,354650,16350,weekly,2022-2-17T21:00:00.000,options,put
173,1644926880000,14.5,14.55,14.1,14.25,13950,354650,16350,weekly,2022-2-17T21:00:00.000,options,put
174,1644926940000,14.25,14.25,13.6,13.9,17000,348950,16350,weekly,2022-2-17T21:00:00.000,options,put
175,1644927000000,13.9,13.95,13.35,13.4,22450,348950,16350,weekly,2022-2-17T21:00:00.000,options,put
176,1644927060000,13.25,13.65,13.25,13.4,11650,348950,16350,weekly,2022-2-17T21:00:00.000,options,put
177,1644927120000,13.3,13.7,13.3,13.45,12950,354850,16350,weekly,2022-2-17T21:00:00.000,options,put
178,1644927180000,13.45,13.7,13.4,13.7,12350,354850,16350,weekly,2022-2-17T21:00:00.000,options,put
179,1644927240000,13.7,13.95,13.55,13.85,7000,354850,16350,weekly,2022-2-17T21:00:00.000,options,put
180,1644927300000,13.85,13.85,13.45,13.5,10650,360000,16350,weekly,2022-2-17T21:00:00.000,options,put
181,1644927360000,13.45,13.5,13.35,13.45,2200,360000,16350,weekly,2022-2-17T21:00:00.000,options,put
182,1644927420000,13.45,13.45,13.1,13.15,8700,360000,16350,weekly,2022-2-17T21:00:00.000,options,put
183,1644927480000,13.1,13.1,12.7,12.8,10500,354500,16350,weekly,2022-2-17T21:00:00.000,options,put
184,1644927540000,12.85,12.85,12.5,12.65,12000,354500,16350,weekly,2022-2-17T21:00:00.000,options,put
185,1644927600000,12.65,13.2,12.5,13.1,13000,354500,16350,weekly,2022-2-17T21:00:00.000,options,put
186,1644927660000,13.1,13.15,12.6,12.6,5400,350100,16350,weekly,2022-2-17T21:00:00.000,options,put
187,1644927720000,12.55,12.85,12.5,12.6,5750,350100,16350,weekly,2022-2-17T21:00:00.000,options,put
188,1644927780000,12.6,12.8,12.3,12.6,24550,350100,16350,weekly,2022-2-17T21:00:00.000,options,put
189,1644927840000,12.5,12.8,12.5,12.75,1150,356000,16350,weekly,2022-2-17T21:00:00.000,options,put
190,1644927900000,12.7,12.9,12.65,12.9,6300,356000,16350,weekly,2022-2-17T21:00:00.000,options,put
191,1644927960000,12.9,13.75,12.85,13.65,10600,356000,16350,weekly,2022-2-17T21:00:00.000,options,put
192,1644928020000,13.85,15.3,13.7,15.1,26100,351050,16350,weekly,2022-2-17T21:00:00.000,options,put
193,1644928080000,14.9,15.35,14.75,14.95,11500,351050,16350,weekly,2022-2-17T21:00:00.000,options,put
194,1644928140000,14.95,15.45,14.95,15.4,11450,351050,16350,weekly,2022-2-17T21:00:00.000,options,put
195,1644928200000,15.5,16.7,15.45,16.7,24050,354000,16350,weekly,2022-2-17T21:00:00.000,options,put
196,1644928260000,16.6,16.65,15.3,15.5,22350,354000,16350,weekly,2022-2-17T21:00:00.000,options,put
197,1644928320000,15.6,16.05,15.45,15.9,9700,354000,16350,weekly,2022-2-17T21:00:00.000,options,put
198,1644928380000,15.8,15.8,14.25,14.55,21000,356400,16350,weekly,2022-2-17T21:00:00.000,options,put
199,1644928440000,14.5,14.5,13.5,13.5,10450,356400,16350,weekly,2022-2-17T21:00:00.000,options,put
200,1644928500000,13.65,13.75,12.35,12.4,21100,356400,16350,weekly,2022-2-17T21:00:00.000,options,put
201,1644928560000,12.35,12.75,12.2,12.25,11900,340800,16350,weekly,2022-2-17T21:00:00.000,options,put
202,1644928620000,12.2,12.25,11.5,11.65,34350,340800,16350,weekly,2022-2-17T21:00:00.000,options,put
203,1644928680000,11.7,12.2,11.65,11.75,13650,340800,16350,weekly,2022-2-17T21:00:00.000,options,put
204,1644928740000,11.75,12.2,11.65,12.2,15200,334350,16350,weekly,2022-2-17T21:00:00.000,options,put
205,1644928800000,12.2,12.2,11.95,12.05,3150,334350,16350,weekly,2022-2-17T21:00:00.000,options,put
206,1644928860000,12.05,12.5,12.05,12.4,4100,334350,16350,weekly,2022-2-17T21:00:00.000,options,put
207,1644928920000,12.5,12.8,12.3,12.45,4850,341450,16350,weekly,2022-2-17T21:00:00.000,options,put
208,1644928980000,12.45,12.55,12.35,12.55,2600,341450,16350,weekly,2022-2-17T21:00:00.000,options,put
209,1644929040000,12.5,12.65,12.3,12.3,4700,341450,16350,weekly,2022-2-17T21:00:00.000,options,put
210,1644929100000,12.3,12.45,11.9,12.35,17650,339800,16350,weekly,2022-2-17T21:00:00.000,options,put
211,1644929160000,12.4,13.3,12.25,13.3,18250,339800,16350,weekly,2022-2-17T21:00:00.000,options,put
212,1644929220000,13.3,13.3,12.75,12.75,18350,339800,16350,weekly,2022-2-17T21:00:00.000,options,put
213,1644929280000,12.85,12.85,12.2,12.2,10300,341900,16350,weekly,2022-2-17T21:00:00.000,options,put
214,1644929340000,12.2,12.2,11.5,11.65,15700,341900,16350,weekly,2022-2-17T21:00:00.000,options,put
215,1644929400000,11.65,11.95,11.6,11.65,14550,341900,16350,weekly,2022-2-17T21:00:00.000,options,put
216,1644929460000,11.65,11.7,11.4,11.45,15850,330550,16350,weekly,2022-2-17T21:00:00.000,options,put
217,1644929520000,11.45,11.7,11.4,11.55,10000,330550,16350,weekly,2022-2-17T21:00:00.000,options,put
218,1644929580000,11.5,11.7,11.5,11.55,7350,330550,16350,weekly,2022-2-17T21:00:00.000,options,put
219,1644929640000,11.7,11.95,11.6,11.9,6550,326150,16350,weekly,2022-2-17T21:00:00.000,options,put
220,1644929700000,11.8,12.1,11.8,12.05,9950,326150,16350,weekly,2022-2-17T21:00:00.000,options,put
221,1644929760000,11.9,12.0,11.7,12.0,6950,326150,16350,weekly,2022-2-17T21:00:00.000,options,put
222,1644929820000,11.95,12.15,11.85,12.1,23450,322100,16350,weekly,2022-2-17T21:00:00.000,options,put
223,1644929880000,12.05,12.85,12.0,12.6,14450,322100,16350,weekly,2022-2-17T21:00:00.000,options,put
224,1644929940000,12.6,12.6,11.75,12.0,12450,322100,16350,weekly,2022-2-17T21:00:00.000,options,put
225,1644930000000,11.95,12.1,11.8,11.8,12850,311200,16350,weekly,2022-2-17T21:00:00.000,options,put
226,1644930060000,11.8,11.8,11.0,11.1,25500,311200,16350,weekly,2022-2-17T21:00:00.000,options,put
227,1644930120000,10.95,11.25,10.9,11.2,8400,311200,16350,weekly,2022-2-17T21:00:00.000,options,put
228,1644930180000,11.15,11.3,11.1,11.25,12400,306800,16350,weekly,2022-2-17T21:00:00.000,options,put
229,1644930240000,11.35,11.35,11.05,11.3,9700,306800,16350,weekly,2022-2-17T21:00:00.000,options,put
230,1644930300000,11.1,11.35,11.05,11.3,7700,306800,16350,weekly,2022-2-17T21:00:00.000,options,put
231,1644930360000,11.3,11.5,11.15,11.25,7800,300450,16350,weekly,2022-2-17T21:00:00.000,options,put
232,1644930420000,11.25,11.75,11.25,11.7,4650,300450,16350,weekly,2022-2-17T21:00:00.000,options,put
233,1644930480000,11.75,12.25,11.75,11.95,7750,300450,16350,weekly,2022-2-17T21:00:00.000,options,put
234,1644930540000,12.0,12.3,12.0,12.15,4400,298300,16350,weekly,2022-2-17T21:00:00.000,options,put
235,1644930600000,12.3,12.95,12.3,12.7,34500,298300,16350,weekly,2022-2-17T21:00:00.000,options,put
236,1644930660000,12.8,12.9,11.75,11.75,11800,298300,16350,weekly,2022-2-17T21:00:00.000,options,put
237,1644930720000,11.85,11.85,11.3,11.4,11600,308900,16350,weekly,2022-2-17T21:00:00.000,options,put
238,1644930780000,11.4,11.7,11.3,11.6,8650,308900,16350,weekly,2022-2-17T21:00:00.000,options,put
239,1644930840000,11.65,12.0,11.5,11.85,8650,308900,16350,weekly,2022-2-17T21:00:00.000,options,put
240,1644930900000,11.75,11.75,11.35,11.6,9600,308950,16350,weekly,2022-2-17T21:00:00.000,options,put
241,1644930960000,11.6,11.9,11.55,11.75,3300,308950,16350,weekly,2022-2-17T21:00:00.000,options,put
242,1644931020000,11.75,11.95,11.55,11.8,2650,308950,16350,weekly,2022-2-17T21:00:00.000,options,put
243,1644931080000,11.8,12.05,11.7,12.05,2300,309550,16350,weekly,2022-2-17T21:00:00.000,options,put
244,1644931140000,12.05,12.25,12.0,12.15,3200,309550,16350,weekly,2022-2-17T21:00:00.000,options,put
245,1644931200000,12.25,12.9,12.25,12.9,9000,309550,16350,weekly,2022-2-17T21:00:00.000,options,put
246,1644931260000,12.9,13.2,12.7,13.1,6350,309550,16350,weekly,2022-2-17T21:00:00.000,options,put
247,1644931320000,13.0,13.65,13.0,13.45,8450,309550,16350,weekly,2022-2-17T21:00:00.000,options,put
248,1644931380000,13.45,13.8,13.45,13.5,9600,309550,16350,weekly,2022-2-17T21:00:00.000,options,put
249,1644931440000,13.6,13.95,13.55,13.9,3900,310800,16350,weekly,2022-2-17T21:00:00.000,options,put
250,1644931500000,13.9,14.0,13.3,14.0,9200,310800,16350,weekly,2022-2-17T21:00:00.000,options,put
251,1644931560000,14.0,14.8,13.7,13.8,23450,310800,16350,weekly,2022-2-17T21:00:00.000,options,put
252,1644931620000,13.7,14.25,13.45,14.25,14300,315950,16350,weekly,2022-2-17T21:00:00.000,options,put
253,1644931680000,14.2,14.2,12.3,12.65,13100,315950,16350,weekly,2022-2-17T21:00:00.000,options,put
254,1644931740000,12.6,13.0,12.25,12.8,10100,315950,16350,weekly,2022-2-17T21:00:00.000,options,put
255,1644931800000,12.95,13.3,12.85,13.2,3300,321350,16350,weekly,2022-2-17T21:00:00.000,options,put
256,1644931860000,13.3,13.3,12.25,12.35,6950,321350,16350,weekly,2022-2-17T21:00:00.000,options,put
257,1644931920000,12.4,12.45,11.45,11.75,9500,321350,16350,weekly,2022-2-17T21:00:00.000,options,put
258,1644931980000,11.75,12.05,11.75,11.8,5950,320400,16350,weekly,2022-2-17T21:00:00.000,options,put
259,1644932040000,12.0,12.2,11.7,11.75,7300,320400,16350,weekly,2022-2-17T21:00:00.000,options,put
260,1644932100000,11.8,11.85,11.5,11.6,5900,320400,16350,weekly,2022-2-17T21:00:00.000,options,put
261,1644932160000,11.6,11.6,10.5,10.75,33700,321800,16350,weekly,2022-2-17T21:00:00.000,options,put
262,1644932220000,10.6,10.8,10.3,10.4,22750,321800,16350,weekly,2022-2-17T21:00:00.000,options,put
263,1644932280000,10.35,10.45,10.0,10.0,10800,321800,16350,weekly,2022-2-17T21:00:00.000,options,put
264,1644932340000,9.8,10.05,9.5,9.55,14400,299400,16350,weekly,2022-2-17T21:00:00.000,options,put
265,1644932400000,9.45,9.5,8.85,8.95,14450,299400,16350,weekly,2022-2-17T21:00:00.000,options,put
266,1644932460000,9.0,9.3,8.8,9.15,24800,299400,16350,weekly,2022-2-17T21:00:00.000,options,put
267,1644932520000,9.1,9.25,9.0,9.25,23500,303300,16350,weekly,2022-2-17T21:00:00.000,options,put
268,1644932580000,9.2,9.3,9.05,9.2,16600,303300,16350,weekly,2022-2-17T21:00:00.000,options,put
269,1644932640000,9.2,9.7,9.1,9.55,26850,303300,16350,weekly,2022-2-17T21:00:00.000,options,put
270,1644932700000,9.35,9.85,9.3,9.75,23950,299650,16350,weekly,2022-2-17T21:00:00.000,options,put
271,1644932760000,9.75,9.8,9.35,9.35,19550,299650,16350,weekly,2022-2-17T21:00:00.000,options,put
272,1644932820000,9.35,9.65,9.35,9.5,39600,299650,16350,weekly,2022-2-17T21:00:00.000,options,put
273,1644932880000,9.55,9.8,9.35,9.35,11900,309350,16350,weekly,2022-2-17T21:00:00.000,options,put
274,1644932940000,9.4,9.55,9.3,9.3,34550,309350,16350,weekly,2022-2-17T21:00:00.000,options,put
275,1644933000000,9.35,9.6,9.3,9.6,20650,309350,16350,weekly,2022-2-17T21:00:00.000,options,put
276,1644933060000,9.6,9.85,9.4,9.45,9750,325250,16350,weekly,2022-2-17T21:00:00.000,options,put
277,1644933120000,9.45,9.45,9.15,9.15,17500,325250,16350,weekly,2022-2-17T21:00:00.000,options,put
278,1644933180000,9.15,9.15,8.45,8.45,18100,325250,16350,weekly,2022-2-17T21:00:00.000,options,put
279,1644933240000,8.4,8.45,7.7,7.75,28050,320400,16350,weekly,2022-2-17T21:00:00.000,options,put
280,1644933300000,7.7,7.95,7.6,7.95,18350,320400,16350,weekly,2022-2-17T21:00:00.000,options,put
281,1644933360000,7.95,8.0,7.65,7.65,17800,320400,16350,weekly,2022-2-17T21:00:00.000,options,put
282,1644933420000,7.6,8.3,7.6,8.15,24100,331650,16350,weekly,2022-2-17T21:00:00.000,options,put
283,1644933480000,8.2,8.6,8.05,8.4,7800,331650,16350,weekly,2022-2-17T21:00:00.000,options,put
284,1644933540000,8.5,8.5,8.2,8.35,11800,331650,16350,weekly,2022-2-17T21:00:00.000,options,put
285,1644933600000,8.1,8.1,7.55,7.65,12750,332900,16350,weekly,2022-2-17T21:00:00.000,options,put
286,1644933660000,7.55,7.9,7.55,7.7,12950,332900,16350,weekly,2022-2-17T21:00:00.000,options,put
287,1644933720000,7.6,7.85,7.45,7.5,25500,332900,16350,weekly,2022-2-17T21:00:00.000,options,put
288,1644933780000,7.6,7.6,7.1,7.15,13000,336700,16350,weekly,2022-2-17T21:00:00.000,options,put
289,1644933840000,7.15,7.3,7.1,7.2,16600,336700,16350,weekly,2022-2-17T21:00:00.000,options,put
290,1644933900000,7.2,7.5,7.05,7.5,20650,336700,16350,weekly,2022-2-17T21:00:00.000,options,put
291,1644933960000,7.35,7.4,6.95,7.05,19350,342400,16350,weekly,2022-2-17T21:00:00.000,options,put
292,1644934020000,7.0,7.0,6.65,6.8,15150,342400,16350,weekly,2022-2-17T21:00:00.000,options,put
293,1644934080000,6.8,6.8,6.45,6.6,22500,342400,16350,weekly,2022-2-17T21:00:00.000,options,put
294,1644934140000,6.6,6.9,6.55,6.9,21950,338950,16350,weekly,2022-2-17T21:00:00.000,options,put
295,1644934200000,6.75,7.0,6.7,6.7,15950,338950,16350,weekly,2022-2-17T21:00:00.000,options,put
296,1644934260000,6.7,6.8,6.55,6.55,12100,338950,16350,weekly,2022-2-17T21:00:00.000,options,put
297,1644934320000,6.55,6.8,6.5,6.8,17400,326250,16350,weekly,2022-2-17T21:00:00.000,options,put
298,1644934380000,6.85,7.05,6.85,6.95,18050,326250,16350,weekly,2022-2-17T21:00:00.000,options,put
299,1644934440000,6.95,7.05,6.8,6.95,28750,326250,16350,weekly,2022-2-17T21:00:00.000,options,put
300,1644934500000,6.85,6.95,6.8,6.85,20200,320900,16350,weekly,2022-2-17T21:00:00.000,options,put
301,1644934560000,6.95,6.95,6.7,6.75,5550,320900,16350,weekly,2022-2-17T21:00:00.000,options,put
302,1644934620000,6.7,6.8,6.6,6.8,6050,320900,16350,weekly,2022-2-17T21:00:00.000,options,put
303,1644934680000,6.85,6.85,6.6,6.75,5850,310450,16350,weekly,2022-2-17T21:00:00.000,options,put
304,1644934740000,6.75,6.85,6.65,6.85,8150,310450,16350,weekly,2022-2-17T21:00:00.000,options,put
305,1644934800000,6.8,6.9,6.7,6.8,8850,310450,16350,weekly,2022-2-17T21:00:00.000,options,put
306,1644934860000,6.85,7.35,6.85,7.25,18650,295850,16350,weekly,2022-2-17T21:00:00.000,options,put
307,1644934920000,7.3,7.7,7.3,7.5,10150,295850,16350,weekly,2022-2-17T21:00:00.000,options,put
308,1644934980000,7.5,7.65,7.45,7.65,8600,295850,16350,weekly,2022-2-17T21:00:00.000,options,put
309,1644935040000,7.6,8.2,7.6,8.05,32450,281750,16350,weekly,2022-2-17T21:00:00.000,options,put
310,1644935100000,8.0,8.2,7.6,7.6,22650,281750,16350,weekly,2022-2-17T21:00:00.000,options,put
311,1644935160000,7.6,7.8,6.4,6.4,52650,281750,16350,weekly,2022-2-17T21:00:00.000,options,put
312,1644935220000,6.35,6.35,5.9,6.1,33350,280750,16350,weekly,2022-2-17T21:00:00.000,options,put
313,1644935280000,6.05,6.15,5.95,5.95,11450,280750,16350,weekly,2022-2-17T21:00:00.000,options,put
314,1644935340000,5.95,6.1,5.9,6.05,14850,280750,16350,weekly,2022-2-17T21:00:00.000,options,put
315,1644935400000,5.95,6.1,5.9,5.9,10550,272750,16350,weekly,2022-2-17T21:00:00.000,options,put
316,1644935460000,5.9,5.9,5.55,5.6,20400,272750,16350,weekly,2022-2-17T21:00:00.000,options,put
317,1644935520000,5.6,5.75,5.55,5.65,11600,272750,16350,weekly,2022-2-17T21:00:00.000,options,put
318,1644935580000,5.6,5.65,5.4,5.5,16650,270800,16350,weekly,2022-2-17T21:00:00.000,options,put
319,1644935640000,5.5,5.65,5.5,5.65,11450,270800,16350,weekly,2022-2-17T21:00:00.000,options,put
320,1644935700000,5.65,5.75,5.55,5.75,13500,270800,16350,weekly,2022-2-17T21:00:00.000,options,put
321,1644935760000,5.65,5.9,5.65,5.9,11500,274800,16350,weekly,2022-2-17T21:00:00.000,options,put
322,1644935820000,5.9,6.0,5.85,5.85,16400,274800,16350,weekly,2022-2-17T21:00:00.000,options,put
323,1644935880000,5.85,5.95,5.8,5.9,8850,274800,16350,weekly,2022-2-17T21:00:00.000,options,put
324,1644935940000,5.85,5.85,5.65,5.75,21150,278350,16350,weekly,2022-2-17T21:00:00.000,options,put
325,1644936000000,5.7,5.9,5.7,5.9,56150,278350,16350,weekly,2022-2-17T21:00:00.000,options,put
326,1644936060000,5.95,6.0,5.75,5.8,24250,278350,16350,weekly,2022-2-17T21:00:00.000,options,put
327,1644936120000,5.75,5.75,5.6,5.75,8500,312350,16350,weekly,2022-2-17T21:00:00.000,options,put
328,1644936180000,5.75,5.85,5.65,5.8,7900,312350,16350,weekly,2022-2-17T21:00:00.000,options,put
329,1644936240000,5.8,5.95,5.75,5.95,22400,312350,16350,weekly,2022-2-17T21:00:00.000,options,put
330,1644936300000,5.95,5.95,5.85,5.85,11400,317750,16350,weekly,2022-2-17T21:00:00.000,options,put
331,1644936360000,5.9,5.9,5.75,5.8,10100,317750,16350,weekly,2022-2-17T21:00:00.000,options,put
332,1644936420000,5.85,5.85,5.65,5.7,3900,317750,16350,weekly,2022-2-17T21:00:00.000,options,put
333,1644936480000,5.65,5.8,5.65,5.75,7350,308950,16350,weekly,2022-2-17T21:00:00.000,options,put
334,1644936540000,5.75,5.8,5.65,5.65,6850,308950,16350,weekly,2022-2-17T21:00:00.000,options,put
335,1644936600000,5.65,5.7,5.5,5.55,8800,308950,16350,weekly,2022-2-17T21:00:00.000,options,put
336,1644936660000,5.5,5.55,5.25,5.25,8000,298200,16350,weekly,2022-2-17T21:00:00.000,options,put
337,1644936720000,5.2,5.25,5.05,5.15,19850,298200,16350,weekly,2022-2-17T21:00:00.000,options,put
338,1644936780000,5.1,5.2,5.05,5.05,4600,298200,16350,weekly,2022-2-17T21:00:00.000,options,put
339,1644936840000,5.05,5.1,5.0,5.1,5650,262500,16350,weekly,2022-2-17T21:00:00.000,options,put
340,1644936900000,5.05,5.2,5.05,5.1,6000,262500,16350,weekly,2022-2-17T21:00:00.000,options,put
341,1644936960000,5.2,5.25,5.1,5.2,8650,262500,16350,weekly,2022-2-17T21:00:00.000,options,put
342,1644937020000,5.25,5.3,5.2,5.25,7100,265550,16350,weekly,2022-2-17T21:00:00.000,options,put
343,1644937080000,5.25,5.4,5.25,5.3,8850,265550,16350,weekly,2022-2-17T21:00:00.000,options,put
344,1644937140000,5.35,5.7,5.35,5.65,10550,265550,16350,weekly,2022-2-17T21:00:00.000,options,put
345,1644937200000,5.75,5.75,5.4,5.5,3300,267150,16350,weekly,2022-2-17T21:00:00.000,options,put
346,1644937260000,5.5,5.65,5.45,5.5,16400,267150,16350,weekly,2022-2-17T21:00:00.000,options,put
347,1644937320000,5.5,5.55,5.3,5.3,4600,267150,16350,weekly,2022-2-17T21:00:00.000,options,put
348,1644937380000,5.3,5.35,5.1,5.15,9350,267150,16350,weekly,2022-2-17T21:00:00.000,options,put
349,1644937440000,5.05,5.25,5.05,5.15,15600,267150,16350,weekly,2022-2-17T21:00:00.000,options,put
350,1644937500000,5.15,5.2,5.0,5.05,13750,267150,16350,weekly,2022-2-17T21:00:00.000,options,put
351,1644937560000,5.05,5.2,5.0,5.15,18350,259850,16350,weekly,2022-2-17T21:00:00.000,options,put
352,1644937620000,5.2,5.2,4.85,5.0,17700,259850,16350,weekly,2022-2-17T21:00:00.000,options,put
353,1644937680000,5.0,5.05,4.95,5.0,16300,259850,16350,weekly,2022-2-17T21:00:00.000,options,put
354,1644937740000,4.95,5.05,4.95,4.95,14300,254700,16350,weekly,2022-2-17T21:00:00.000,options,put
355,1644937800000,4.95,5.1,4.9,5.05,15000,254700,16350,weekly,2022-2-17T21:00:00.000,options,put
356,1644937860000,5.05,5.15,5.0,5.05,6250,254700,16350,weekly,2022-2-17T21:00:00.000,options,put
357,1644937920000,5.05,5.15,5.0,5.1,6150,254700,16350,weekly,2022-2-17T21:00:00.000,options,put
358,1644937980000,5.0,5.0,4.7,4.7,5050,242450,16350,weekly,2022-2-17T21:00:00.000,options,put
359,1644938040000,4.7,4.9,4.7,4.8,5550,242450,16350,weekly,2022-2-17T21:00:00.000,options,put
360,1644938100000,4.75,4.75,4.5,4.6,31350,255250,16350,weekly,2022-2-17T21:00:00.000,options,put
361,1644938160000,4.55,4.65,4.5,4.65,21300,255250,16350,weekly,2022-2-17T21:00:00.000,options,put
362,1644938220000,4.65,4.65,4.55,4.6,12600,255250,16350,weekly,2022-2-17T21:00:00.000,options,put
363,1644938280000,4.6,4.65,4.55,4.6,7650,254550,16350,weekly,2022-2-17T21:00:00.000,options,put
364,1644938340000,4.55,5.0,4.45,4.95,30550,254550,16350,weekly,2022-2-17T21:00:00.000,options,put
365,1644938400000,4.95,5.25,4.95,5.1,11450,254550,16350,weekly,2022-2-17T21:00:00.000,options,put
366,1644938460000,5.1,5.7,5.0,5.65,18100,263500,16350,weekly,2022-2-17T21:00:00.000,options,put
367,1644938520000,5.75,5.75,5.3,5.45,21750,263500,16350,weekly,2022-2-17T21:00:00.000,options,put
368,1644938580000,5.4,5.55,5.4,5.55,13000,263500,16350,weekly,2022-2-17T21:00:00.000,options,put
369,1644938640000,5.45,5.5,5.2,5.5,8100,232050,16350,weekly,2022-2-17T21:00:00.000,options,put
370,1644938700000,5.6,5.6,5.35,5.35,8150,232050,16350,weekly,2022-2-17T21:00:00.000,options,put
371,1644938760000,5.35,5.55,5.35,5.5,7100,232050,16350,weekly,2022-2-17T21:00:00.000,options,put
372,1644938820000,5.5,5.7,5.45,5.65,9500,232750,16350,weekly,2022-2-17T21:00:00.000,options,put
373,1644938880000,5.7,5.75,5.45,5.5,15600,232750,16350,weekly,2022-2-17T21:00:00.000,options,put
374,1644938940000,5.5,5.75,5.15,5.75,10750,232750,16350,weekly,2022-2-17T21:00:00.000,options,put
