,timestamp,open,high,low,close,volume,open_interest,strike,expiry_type,expiry,instrument,contract_type
0,1626686100000,200.35,237.95,179.0,233.25,89700,93675,15600,weekly,2021-7-22T21:00:00.000,options,call
1,1626686160000,233.5,233.5,212.7,215.0,23400,93675,15600,weekly,2021-7-22T21:00:00.000,options,call
2,1626686220000,215.0,217.2,213.95,216.15,30000,125775,15600,weekly,2021-7-22T21:00:00.000,options,call
3,1626686280000,216.85,216.85,213.0,215.05,10875,125775,15600,weekly,2021-7-22T21:00:00.000,options,call
4,1626686340000,215.3,215.55,211.7,214.65,15900,125775,15600,weekly,2021-7-22T21:00:00.000,options,call
5,1626686400000,215.8,216.85,210.6,212.25,16800,139350,15600,weekly,2021-7-22T21:00:00.000,options,call
6,1626686460000,214.55,225.35,213.35,224.1,26400,139350,15600,weekly,2021-7-22T21:00:00.000,options,call
7,1626686520000,224.5,231.15,224.5,230.5,19200,139350,15600,weekly,2021-7-22T21:00:00.000,options,call
8,1626686580000,230.5,230.5,225.0,230.05,10125,136425,15600,weekly,2021-7-22T21:00:00.000,options,call
9,1626686640000,230.05,237.45,228.55,236.75,28125,136425,15600,weekly,2021-7-22T21:00:00.000,options,call
10,1626686700000,237.6,237.6,231.25,234.75,16950,136425,15600,weekly,2021-7-22T21:00:00.000,options,call
11,1626686760000,235.0,240.6,234.0,239.5,11400,121650,15600,weekly,2021-7-22T21:00:00.000,options,call
12,1626686820000,240.65,240.95,235.05,236.45,4875,121650,15600,weekly,2021-7-22T21:00:00.000,options,call
13,1626686880000,235.95,235.95,227.65,227.65,6300,121650,15600,weekly,2021-7-22T21:00:00.000,options,call
14,1626686940000,228.1,240.9,228.1,238.8,12375,117825,15600,weekly,2021-7-22T21:00:00.000,options,call
15,1626687000000,238.9,245.0,235.0,235.0,11850,117825,15600,weekly,2021-7-22T21:00:00.000,options,call
16,1626687060000,234.0,234.0,227.3,229.75,7500,117825,15600,weekly,2021-7-22T21:00:00.000,options,call
17,1626687120000,229.75,231.05,227.7,228.2,7275,122625,15600,weekly,2021-7-22T21:00:00.000,options,call
18,1626687180000,228.2,230.2,225.8,226.65,7275,122625,15600,weekly,2021-7-22T21:00:00.000,options,call
19,1626687240000,226.65,229.6,224.5,227.8,17325,122625,15600,weekly,2021-7-22T21:00:00.000,options,call
20,1626687300000,226.8,228.0,222.7,223.05,13875,131625,15600,weekly,2021-7-22T21:00:00.000,options,call
21,1626687360000,224.05,224.7,220.35,222.75,14400,131625,15600,weekly,2021-7-22T21:00:00.000,options,call
22,1626687420000,223.2,227.45,223.2,227.1,8175,131625,15600,weekly,2021-7-22T21:00:00.000,options,call
23,1626687480000,227.1,230.8,227.1,230.8,9150,135525,15600,weekly,2021-7-22T21:00:00.000,options,call
24,1626687540000,230.95,236.15,230.15,233.95,10425,135525,15600,weekly,2021-7-22T21:00:00.000,options,call
25,1626687600000,233.0,233.3,229.4,230.65,18000,135525,15600,weekly,2021-7-22T21:00:00.000,options,call
26,1626687660000,230.85,234.85,230.45,234.7,6525,142725,15600,weekly,2021-7-22T21:00:00.000,options,call
27,1626687720000,235.0,235.7,233.0,233.0,12675,142725,15600,weekly,2021-7-22T21:00:00.000,options,call
28,1626687780000,233.7,234.4,233.0,233.9,5925,142725,15600,weekly,2021-7-22T21:00:00.000,options,call
29,1626687840000,233.65,233.65,228.35,228.35,3075,138000,15600,weekly,2021-7-22T21:00:00.000,options,call
30,1626687900000,228.65,232.3,228.2,230.0,8025,138000,15600,weekly,2021-7-22T21:00:00.000,options,call
31,1626687960000,229.0,229.1,225.05,225.05,3150,138000,15600,weekly,2021-7-22T21:00:00.000,options,call
32,1626688020000,225.05,226.55,224.35,226.4,5700,134400,15600,weekly,2021-7-22T21:00:00.000,options,call
33,1626688080000,227.2,228.75,226.85,228.4,3525,134400,15600,weekly,2021-7-22T21:00:00.000,options,call
34,1626688140000,231.0,233.9,230.3,233.2,7050,134400,15600,weekly,2021-7-22T21:00:00.000,options,call
35,1626688200000,233.2,233.65,229.55,231.3,7800,134100,15600,weekly,2021-7-22T21:00:00.000,options,call
36,1626688260000,231.0,233.7,231.0,233.0,3975,134100,15600,weekly,2021-7-22T21:00:00.000,options,call
37,1626688320000,233.0,235.7,233.0,234.95,5475,134100,15600,weekly,2021-7-22T21:00:00.000,options,call
38,1626688380000,234.75,235.15,232.65,233.5,5100,131550,15600,weekly,2021-7-22T21:00:00.000,options,call
39,1626688440000,233.0,233.0,229.7,232.9,7725,131550,15600,weekly,2021-7-22T21:00:00.000,options,call
40,1626688500000,232.9,233.0,231.15,231.25,2775,131550,15600,weekly,2021-7-22T21:00:00.000,options,call
41,1626688560000,231.55,234.0,230.55,233.45,6225,128775,15600,weekly,2021-7-22T21:00:00.000,options,call
42,1626688620000,235.0,235.0,232.65,234.8,2325,128775,15600,weekly,2021-7-22T21:00:00.000,options,call
43,1626688680000,233.75,235.85,233.75,235.85,7275,128775,15600,weekly,2021-7-22T21:00:00.000,options,call
44,1626688740000,235.85,238.15,235.0,237.2,9675,125100,15600,weekly,2021-7-22T21:00:00.000,options,call
45,1626688800000,237.0,237.0,233.75,233.75,2850,125100,15600,weekly,2021-7-22T21:00:00.000,options,call
46,1626688860000,233.8,233.8,232.0,233.15,1275,125100,15600,weekly,2021-7-22T21:00:00.000,options,call
47,1626688920000,233.8,235.7,233.6,235.5,2400,123150,15600,weekly,2021-7-22T21:00:00.000,options,call
48,1626688980000,235.6,238.6,235.5,238.3,1725,123150,15600,weekly,2021-7-22T21:00:00.000,options,call
49,1626689040000,239.55,245.8,238.65,244.6,21225,123150,15600,weekly,2021-7-22T21:00:00.000,options,call
50,1626689100000,244.8,245.95,241.9,243.4,5475,126600,15600,weekly,2021-7-22T21:00:00.000,options,call
51,1626689160000,243.85,243.85,237.7,240.0,3375,126600,15600,weekly,2021-7-22T21:00:00.000,options,call
52,1626689220000,239.55,239.85,235.15,236.65,5850,126600,15600,weekly,2021-7-22T21:00:00.000,options,call
53,1626689280000,236.65,239.5,236.65,239.5,450,124425,15600,weekly,2021-7-22T21:00:00.000,options,call
54,1626689340000,239.0,240.0,235.9,236.5,6900,124425,15600,weekly,2021-7-22T21:00:00.000,options,call
55,1626689400000,236.5,239.35,236.5,237.35,900,124425,15600,weekly,2021-7-22T21:00:00.000,options,call
56,1626689460000,237.35,240.0,237.35,238.6,10875,125700,15600,weekly,2021-7-22T21:00:00.000,options,call
57,1626689520000,238.6,238.6,235.25,236.55,2925,125700,15600,weekly,2021-7-22T21:00:00.000,options,call
58,1626689580000,236.55,238.3,234.05,234.85,5475,125700,15600,weekly,2021-7-22T21:00:00.000,options,call
59,1626689640000,234.85,235.25,232.55,233.0,9225,121950,15600,weekly,2021-7-22T21:00:00.000,options,call
60,1626689700000,233.0,235.5,230.45,235.5,7125,121950,15600,weekly,2021-7-22T21:00:00.000,options,call
61,1626689760000,235.5,236.15,234.0,234.55,5625,121950,15600,weekly,2021-7-22T21:00:00.000,options,call
62,1626689820000,234.55,235.4,233.0,234.0,9075,124050,15600,weekly,2021-7-22T21:00:00.000,options,call
63,1626689880000,234.0,234.0,229.6,230.0,10125,124050,15600,weekly,2021-7-22T21:00:00.000,options,call
64,1626689940000,230.0,230.5,228.0,228.0,3525,124050,15600,weekly,2021-7-22T21:00:00.000,options,call
65,1626690000000,228.0,228.0,226.0,226.0,3300,124725,15600,weekly,2021-7-22T21:00:00.000,options,call
66,1626690060000,226.5,226.8,225.0,225.0,5250,124725,15600,weekly,2021-7-22T21:00:00.000,options,call
67,1626690120000,225.0,225.55,224.25,224.7,2100,124725,15600,weekly,2021-7-22T21:00:00.000,options,call
68,1626690180000,224.7,229.4,224.7,229.15,2250,125625,15600,weekly,2021-7-22T21:00:00.000,options,call
69,1626690240000,228.7,231.0,228.65,230.5,3150,125625,15600,weekly,2021-7-22T21:00:00.000,options,call
70,1626690300000,230.5,232.2,229.65,231.75,1950,125625,15600,weekly,2021-7-22T21:00:00.000,options,call
71,1626690360000,231.75,231.75,227.0,227.0,1050,125100,15600,weekly,2021-7-22T21:00:00.000,options,call
72,1626690420000,227.0,227.35,225.85,226.4,2175,125100,15600,weekly,2021-7-22T21:00:00.000,options,call
73,1626690480000,226.4,228.45,225.35,225.75,1725,125100,15600,weekly,2021-7-22T21:00:00.000,options,call
74,1626690540000,225.75,230.15,225.75,230.15,900,125625,15600,weekly,2021-7-22T21:00:00.000,options,call
75,1626690600000,230.15,231.25,227.7,230.0,1200,125625,15600,weekly,2021-7-22T21:00:00.000,options,call
76,1626690660000,228.55,229.85,228.55,229.35,600,125625,15600,weekly,2021-7-22T21:00:00.000,options,call
77,1626690720000,229.35,229.35,227.0,227.4,375,124950,15600,weekly,2021-7-22T21:00:00.000,options,call
78,1626690780000,227.9,228.65,227.25,228.65,450,124950,15600,weekly,2021-7-22T21:00:00.000,options,call
79,1626690840000,228.95,232.7,228.95,230.0,1800,124950,15600,weekly,2021-7-22T21:00:00.000,options,call
80,1626690900000,230.0,230.25,229.25,229.95,525,124950,15600,weekly,2021-7-22T21:00:00.000,options,call
81,1626690960000,229.95,231.95,229.95,231.7,450,124275,15600,weekly,2021-7-22T21:00:00.000,options,call
82,1626691020000,231.7,236.8,231.7,236.8,11175,124275,15600,weekly,2021-7-22T21:00:00.000,options,call
83,1626691080000,237.0,241.45,236.8,237.75,15000,130500,15600,weekly,2021-7-22T21:00:00.000,options,call
84,1626691140000,237.75,239.25,237.35,238.5,4050,130500,15600,weekly,2021-7-22T21:00:00.000,options,call
85,1626691200000,238.5,239.25,238.2,238.2,1200,130500,15600,weekly,2021-7-22T21:00:00.000,options,call
86,1626691260000,238.2,238.2,235.75,237.0,1050,127725,15600,weekly,2021-7-22T21:00:00.000,options,call
87,1626691320000,237.0,237.0,235.95,237.0,375,127725,15600,weekly,2021-7-22T21:00:00.000,options,call
88,1626691380000,237.0,238.6,236.4,238.6,900,127725,15600,weekly,2021-7-22T21:00:00.000,options,call
89,1626691440000,238.6,238.6,237.2,237.2,450,127725,15600,weekly,2021-7-22T21:00:00.000,options,call
90,1626691500000,237.2,237.2,236.2,236.35,750,127950,15600,weekly,2021-7-22T21:00:00.000,options,call
91,1626691560000,236.35,236.35,234.3,234.3,675,127950,15600,weekly,2021-7-22T21:00:00.000,options,call
92,1626691620000,234.3,237.25,234.3,237.25,1650,127200,15600,weekly,2021-7-22T21:00:00.000,options,call
93,1626691680000,237.25,238.15,236.0,236.0,4125,127200,15600,weekly,2021-7-22T21:00:00.000,options,call
94,1626691740000,236.0,236.0,235.5,235.5,150,127200,15600,weekly,2021-7-22T21:00:00.000,options,call
95,1626691860000,235.5,235.5,230.75,231.3,2100,124350,15600,weekly,2021-7-22T21:00:00.000,options,call
96,1626691920000,231.3,234.75,230.9,234.0,1950,124350,15600,weekly,2021-7-22T21:00:00.000,options,call
97,1626691980000,234.0,234.05,233.9,233.9,150,124350,15600,weekly,2021-7-22T21:00:00.000,options,call
98,1626692040000,233.9,233.9,233.4,233.4,750,124125,15600,weekly,2021-7-22T21:00:00.000,options,call
99,1626692100000,232.2,233.1,231.0,232.2,525,124125,15600,weekly,2021-7-22T21:00:00.000,options,call
100,1626692160000,232.2,233.45,232.15,232.2,1200,124125,15600,weekly,2021-7-22T21:00:00.000,options,call
101,1626692220000,232.2,232.2,229.15,229.15,3975,124350,15600,weekly,2021-7-22T21:00:00.000,options,call
102,1626692280000,229.15,229.15,224.7,226.8,12900,124350,15600,weekly,2021-7-22T21:00:00.000,options,call
103,1626692340000,225.2,226.8,223.3,224.65,3150,123225,15600,weekly,2021-7-22T21:00:00.000,options,call
104,1626692400000,225.3,230.0,224.0,230.0,5250,123225,15600,weekly,2021-7-22T21:00:00.000,options,call
105,1626692460000,230.0,231.25,229.7,230.4,2175,123225,15600,weekly,2021-7-22T21:00:00.000,options,call
106,1626692520000,230.4,230.4,229.4,230.35,600,124050,15600,weekly,2021-7-22T21:00:00.000,options,call
107,1626692580000,230.35,231.55,229.65,231.0,525,124050,15600,weekly,2021-7-22T21:00:00.000,options,call
108,1626692640000,231.0,233.7,231.0,232.75,6075,124050,15600,weekly,2021-7-22T21:00:00.000,options,call
109,1626692700000,233.0,234.75,232.75,234.2,10575,125400,15600,weekly,2021-7-22T21:00:00.000,options,call
110,1626692760000,234.2,234.8,233.0,233.6,11100,125400,15600,weekly,2021-7-22T21:00:00.000,options,call
111,1626692820000,233.2,233.8,231.1,233.8,7725,125400,15600,weekly,2021-7-22T21:00:00.000,options,call
112,1626692880000,233.8,234.1,232.5,234.05,5325,137550,15600,weekly,2021-7-22T21:00:00.000,options,call
113,1626692940000,234.05,237.6,233.1,237.2,8625,137550,15600,weekly,2021-7-22T21:00:00.000,options,call
114,1626693000000,237.2,237.2,234.4,234.6,3450,137550,15600,weekly,2021-7-22T21:00:00.000,options,call
115,1626693060000,234.6,234.85,231.65,231.65,4050,136875,15600,weekly,2021-7-22T21:00:00.000,options,call
116,1626693120000,232.45,234.5,232.15,234.5,2325,136875,15600,weekly,2021-7-22T21:00:00.000,options,call
117,1626693180000,234.2,234.2,232.25,233.4,2550,136875,15600,weekly,2021-7-22T21:00:00.000,options,call
118,1626693240000,233.05,233.35,232.5,232.5,750,136725,15600,weekly,2021-7-22T21:00:00.000,options,call
119,1626693300000,232.5,235.5,232.5,233.8,2250,136725,15600,weekly,2021-7-22T21:00:00.000,options,call
120,1626693360000,233.8,236.35,233.8,234.0,1725,136725,15600,weekly,2021-7-22T21:00:00.000,options,call
121,1626693420000,234.6,235.6,233.55,233.8,2400,139200,15600,weekly,2021-7-22T21:00:00.000,options,call
122,1626693480000,233.8,233.8,229.6,229.6,7200,139200,15600,weekly,2021-7-22T21:00:00.000,options,call
123,1626693540000,230.1,230.1,228.35,229.4,3900,139200,15600,weekly,2021-7-22T21:00:00.000,options,call
124,1626693600000,229.8,233.7,229.8,232.5,4425,140925,15600,weekly,2021-7-22T21:00:00.000,options,call
125,1626693660000,232.5,232.5,231.4,231.4,1050,140925,15600,weekly,2021-7-22T21:00:00.000,options,call
126,1626693720000,230.4,230.9,229.6,230.35,675,140925,15600,weekly,2021-7-22T21:00:00.000,options,call
127,1626693780000,231.65,233.15,231.65,233.15,825,140925,15600,weekly,2021-7-22T21:00:00.000,options,call
128,1626693840000,233.05,233.05,231.05,231.5,1725,140925,15600,weekly,2021-7-22T21:00:00.000,options,call
129,1626693900000,231.85,232.1,231.85,232.1,225,140925,15600,weekly,2021-7-22T21:00:00.000,options,call
130,1626693960000,233.0,235.0,232.55,233.9,3825,139500,15600,weekly,2021-7-22T21:00:00.000,options,call
131,1626694020000,233.9,233.9,231.75,231.75,2550,139500,15600,weekly,2021-7-22T21:00:00.000,options,call
132,1626694080000,230.05,230.05,228.6,229.65,7725,139500,15600,weekly,2021-7-22T21:00:00.000,options,call
133,1626694140000,228.0,229.3,227.2,229.3,1350,139500,15600,weekly,2021-7-22T21:00:00.000,options,call
134,1626694200000,227.6,230.0,227.25,230.0,1575,135825,15600,weekly,2021-7-22T21:00:00.000,options,call
135,1626694260000,230.0,230.2,227.0,227.0,1350,135825,15600,weekly,2021-7-22T21:00:00.000,options,call
136,1626694320000,227.0,229.75,227.0,229.35,4875,135525,15600,weekly,2021-7-22T21:00:00.000,options,call
137,1626694380000,229.35,230.35,228.55,230.1,1725,135525,15600,weekly,2021-7-22T21:00:00.000,options,call
138,1626694440000,230.1,230.1,229.0,229.7,1650,135525,15600,weekly,2021-7-22T21:00:00.000,options,call
139,1626694500000,230.65,230.65,230.5,230.5,150,137925,15600,weekly,2021-7-22T21:00:00.000,options,call
140,1626694560000,230.5,231.7,230.5,231.55,7800,137925,15600,weekly,2021-7-22T21:00:00.000,options,call
141,1626694620000,231.75,234.0,231.75,233.5,3150,137925,15600,weekly,2021-7-22T21:00:00.000,options,call
142,1626694680000,233.2,235.25,233.0,235.25,2625,137925,15600,weekly,2021-7-22T21:00:00.000,options,call
143,1626694740000,235.35,235.35,234.15,234.15,600,139575,15600,weekly,2021-7-22T21:00:00.000,options,call
144,1626694800000,235.6,237.0,234.0,237.0,2100,139575,15600,weekly,2021-7-22T21:00:00.000,options,call
145,1626694860000,236.0,237.15,236.0,236.35,2850,139575,15600,weekly,2021-7-22T21:00:00.000,options,call
146,1626694920000,237.0,241.3,235.55,238.65,12075,137550,15600,weekly,2021-7-22T21:00:00.000,options,call
147,1626694980000,238.65,238.7,236.85,236.85,2625,137550,15600,weekly,2021-7-22T21:00:00.000,options,call
148,1626695040000,237.5,237.5,236.0,236.85,2250,136275,15600,weekly,2021-7-22T21:00:00.000,options,call
149,1626695100000,236.85,236.85,233.0,234.0,2025,136275,15600,weekly,2021-7-22T21:00:00.000,options,call
150,1626695160000,234.0,234.0,232.5,233.0,8175,136275,15600,weekly,2021-7-22T21:00:00.000,options,call
151,1626695220000,233.1,233.2,232.55,232.55,300,136275,15600,weekly,2021-7-22T21:00:00.000,options,call
152,1626695280000,232.55,232.55,230.45,230.9,6600,135075,15600,weekly,2021-7-22T21:00:00.000,options,call
153,1626695340000,231.1,233.4,231.1,233.4,300,135075,15600,weekly,2021-7-22T21:00:00.000,options,call
154,1626695400000,234.0,234.0,233.4,233.4,450,135075,15600,weekly,2021-7-22T21:00:00.000,options,call
155,1626695460000,233.35,233.35,233.35,233.35,75,135975,15600,weekly,2021-7-22T21:00:00.000,options,call
156,1626695520000,232.25,232.25,232.25,232.25,75,135975,15600,weekly,2021-7-22T21:00:00.000,options,call
157,1626695580000,234.45,234.45,230.55,233.75,5625,135975,15600,weekly,2021-7-22T21:00:00.000,options,call
158,1626695640000,233.7,233.75,232.45,233.15,2100,135675,15600,weekly,2021-7-22T21:00:00.000,options,call
159,1626695700000,232.95,233.6,232.7,233.6,825,135675,15600,weekly,2021-7-22T21:00:00.000,options,call
160,1626695760000,233.6,234.0,232.0,232.0,1275,135675,15600,weekly,2021-7-22T21:00:00.000,options,call
161,1626695820000,230.1,231.15,229.5,231.0,2025,135375,15600,weekly,2021-7-22T21:00:00.000,options,call
162,1626695880000,230.6,232.45,230.6,232.45,1650,135375,15600,weekly,2021-7-22T21:00:00.000,options,call
163,1626695940000,231.75,231.75,230.85,230.85,750,135375,15600,weekly,2021-7-22T21:00:00.000,options,call
164,1626696000000,230.85,230.85,229.0,229.0,3300,135450,15600,weekly,2021-7-22T21:00:00.000,options,call
165,1626696060000,228.0,228.0,226.0,226.0,2025,135450,15600,weekly,2021-7-22T21:00:00.000,options,call
166,1626696120000,227.0,227.45,225.95,227.45,3225,137700,15600,weekly,2021-7-22T21:00:00.000,options,call
167,1626696180000,227.4,230.0,227.0,229.55,5475,137700,15600,weekly,2021-7-22T21:00:00.000,options,call
168,1626696240000,228.3,228.3,228.3,228.3,150,137700,15600,weekly,2021-7-22T21:00:00.000,options,call
169,1626696300000,228.7,229.9,228.7,229.8,1050,137700,15600,weekly,2021-7-22T21:00:00.000,options,call
170,1626696360000,229.8,231.85,229.8,231.1,4950,136800,15600,weekly,2021-7-22T21:00:00.000,options,call
171,1626696420000,230.0,230.0,229.7,229.7,1125,136800,15600,weekly,2021-7-22T21:00:00.000,options,call
172,1626696480000,230.0,232.0,230.0,231.9,1725,136800,15600,weekly,2021-7-22T21:00:00.000,options,call
173,1626696540000,232.0,232.0,229.3,230.2,1650,135825,15600,weekly,2021-7-22T21:00:00.000,options,call
174,1626696600000,230.6,231.4,230.6,231.4,900,135825,15600,weekly,2021-7-22T21:00:00.000,options,call
175,1626696660000,232.05,232.25,230.0,230.0,1050,135825,15600,weekly,2021-7-22T21:00:00.000,options,call
176,1626696720000,230.0,230.25,228.35,230.25,1125,136575,15600,weekly,2021-7-22T21:00:00.000,options,call
177,1626696840000,231.7,232.5,231.7,232.5,2175,136575,15600,weekly,2021-7-22T21:00:00.000,options,call
178,1626696900000,230.65,230.65,229.35,230.0,750,135300,15600,weekly,2021-7-22T21:00:00.000,options,call
179,1626696960000,230.35,230.35,229.2,229.6,375,135300,15600,weekly,2021-7-22T21:00:00.000,options,call
180,1626697020000,229.95,229.95,227.0,227.0,2250,135300,15600,weekly,2021-7-22T21:00:00.000,options,call
181,1626697080000,227.0,228.4,227.0,228.0,1575,136350,15600,weekly,2021-7-22T21:00:00.000,options,call
182,1626697140000,228.75,228.75,227.5,228.5,1275,136350,15600,weekly,2021-7-22T21:00:00.000,options,call
183,1626697200000,228.2,229.35,228.2,229.35,525,136350,15600,weekly,2021-7-22T21:00:00.000,options,call
184,1626697260000,229.05,229.05,227.0,227.0,1425,137100,15600,weekly,2021-7-22T21:00:00.000,options,call
185,1626697320000,227.25,229.1,227.1,228.8,2025,137100,15600,weekly,2021-7-22T21:00:00.000,options,call
186,1626697380000,228.8,230.0,228.15,230.0,450,137100,15600,weekly,2021-7-22T21:00:00.000,options,call
187,1626697440000,230.0,230.0,228.4,228.4,750,137325,15600,weekly,2021-7-22T21:00:00.000,options,call
188,1626697500000,228.4,228.4,226.3,226.8,900,137325,15600,weekly,2021-7-22T21:00:00.000,options,call
189,1626697560000,227.3,227.3,218.45,222.55,9075,137325,15600,weekly,2021-7-22T21:00:00.000,options,call
190,1626697620000,222.4,223.05,219.6,223.05,6600,136875,15600,weekly,2021-7-22T21:00:00.000,options,call
191,1626697680000,223.1,224.25,221.5,224.25,1350,136875,15600,weekly,2021-7-22T21:00:00.000,options,call
192,1626697740000,222.9,222.9,219.0,220.05,2025,136875,15600,weekly,2021-7-22T21:00:00.000,options,call
193,1626697800000,219.95,219.95,215.0,215.25,5100,137400,15600,weekly,2021-7-22T21:00:00.000,options,call
194,1626697860000,215.2,216.85,209.85,211.5,14400,137400,15600,weekly,2021-7-22T21:00:00.000,options,call
195,1626697920000,208.95,215.45,208.95,215.0,7875,137400,15600,weekly,2021-7-22T21:00:00.000,options,call
196,1626697980000,214.75,217.45,214.75,217.25,13875,138900,15600,weekly,2021-7-22T21:00:00.000,options,call
197,1626698040000,216.65,217.35,214.0,215.55,2100,138900,15600,weekly,2021-7-22T21:00:00.000,options,call
198,1626698100000,212.75,213.35,211.25,211.25,2925,138900,15600,weekly,2021-7-22T21:00:00.000,options,call
199,1626698160000,211.9,212.9,211.55,212.0,3450,150525,15600,weekly,2021-7-22T21:00:00.000,options,call
200,1626698220000,212.0,212.0,209.55,211.55,4425,150525,15600,weekly,2021-7-22T21:00:00.000,options,call
201,1626698280000,212.0,213.5,204.15,204.15,12825,150525,15600,weekly,2021-7-22T21:00:00.000,options,call
202,1626698340000,204.05,205.6,198.55,199.7,15225,149550,15600,weekly,2021-7-22T21:00:00.000,options,call
203,1626698400000,199.5,199.5,193.85,199.2,18525,149550,15600,weekly,2021-7-22T21:00:00.000,options,call
204,1626698460000,199.15,202.6,198.4,201.75,26325,149550,15600,weekly,2021-7-22T21:00:00.000,options,call
205,1626698520000,201.25,202.9,200.85,202.9,11100,151575,15600,weekly,2021-7-22T21:00:00.000,options,call
206,1626698580000,202.9,202.95,200.1,201.7,8325,151575,15600,weekly,2021-7-22T21:00:00.000,options,call
207,1626698640000,200.3,200.45,196.8,198.8,5775,151575,15600,weekly,2021-7-22T21:00:00.000,options,call
208,1626698700000,198.45,200.75,197.0,199.8,9900,158250,15600,weekly,2021-7-22T21:00:00.000,options,call
209,1626698760000,198.7,202.7,197.65,200.7,17475,158250,15600,weekly,2021-7-22T21:00:00.000,options,call
210,1626698820000,201.6,203.45,200.0,202.35,13500,158250,15600,weekly,2021-7-22T21:00:00.000,options,call
211,1626698880000,201.4,202.0,195.85,195.85,8325,163800,15600,weekly,2021-7-22T21:00:00.000,options,call
212,1626698940000,196.55,196.55,189.9,194.9,18825,163800,15600,weekly,2021-7-22T21:00:00.000,options,call
213,1626699000000,192.6,194.0,190.0,190.2,8025,163800,15600,weekly,2021-7-22T21:00:00.000,options,call
214,1626699060000,190.35,193.1,189.6,192.4,5775,167475,15600,weekly,2021-7-22T21:00:00.000,options,call
215,1626699120000,192.4,193.6,191.4,191.4,13425,167475,15600,weekly,2021-7-22T21:00:00.000,options,call
216,1626699180000,191.4,191.4,185.5,187.65,12450,167475,15600,weekly,2021-7-22T21:00:00.000,options,call
217,1626699240000,187.65,190.45,182.0,182.0,15150,176775,15600,weekly,2021-7-22T21:00:00.000,options,call
218,1626699300000,182.0,187.0,180.55,182.1,13125,176775,15600,weekly,2021-7-22T21:00:00.000,options,call
219,1626699360000,181.0,185.9,181.0,184.3,19575,176775,15600,weekly,2021-7-22T21:00:00.000,options,call
220,1626699420000,184.9,184.9,176.4,178.25,22575,185925,15600,weekly,2021-7-22T21:00:00.000,options,call
221,1626699480000,178.0,183.6,178.0,181.9,15150,185925,15600,weekly,2021-7-22T21:00:00.000,options,call
222,1626699540000,180.5,185.4,180.5,185.0,10950,185925,15600,weekly,2021-7-22T21:00:00.000,options,call
223,1626699600000,184.85,190.85,182.0,190.15,20700,194550,15600,weekly,2021-7-22T21:00:00.000,options,call
224,1626699660000,189.95,189.95,182.7,183.75,9750,194550,15600,weekly,2021-7-22T21:00:00.000,options,call
225,1626699720000,184.35,185.3,181.0,181.0,13050,194550,15600,weekly,2021-7-22T21:00:00.000,options,call
226,1626699780000,180.9,182.3,180.05,180.3,5175,200175,15600,weekly,2021-7-22T21:00:00.000,options,call
227,1626699840000,180.3,181.2,175.0,175.7,11325,200175,15600,weekly,2021-7-22T21:00:00.000,options,call
228,1626699900000,173.25,173.85,167.1,169.7,59250,200175,15600,weekly,2021-7-22T21:00:00.000,options,call
229,1626699960000,169.95,169.95,162.0,163.3,58350,217275,15600,weekly,2021-7-22T21:00:00.000,options,call
230,1626700020000,163.15,166.75,162.6,163.1,21225,217275,15600,weekly,2021-7-22T21:00:00.000,options,call
231,1626700080000,163.3,168.35,163.25,165.95,16950,217275,15600,weekly,2021-7-22T21:00:00.000,options,call
232,1626700140000,165.6,167.65,162.55,164.85,17775,240675,15600,weekly,2021-7-22T21:00:00.000,options,call
233,1626700200000,165.5,169.2,161.7,168.8,26400,240675,15600,weekly,2021-7-22T21:00:00.000,options,call
234,1626700260000,168.8,172.85,167.2,171.65,37125,240675,15600,weekly,2021-7-22T21:00:00.000,options,call
235,1626700320000,171.4,176.25,171.4,174.5,28875,234000,15600,weekly,2021-7-22T21:00:00.000,options,call
236,1626700380000,174.05,176.45,173.25,175.05,14925,234000,15600,weekly,2021-7-22T21:00:00.000,options,call
237,1626700440000,175.0,180.15,175.0,179.6,26925,234000,15600,weekly,2021-7-22T21:00:00.000,options,call
238,1626700500000,178.7,181.45,175.55,181.35,11250,236775,15600,weekly,2021-7-22T21:00:00.000,options,call
239,1626700560000,181.45,181.8,176.95,177.1,16425,236775,15600,weekly,2021-7-22T21:00:00.000,options,call
240,1626700620000,177.25,180.1,175.8,180.0,12975,236775,15600,weekly,2021-7-22T21:00:00.000,options,call
241,1626700680000,180.0,182.55,176.3,182.55,14775,233475,15600,weekly,2021-7-22T21:00:00.000,options,call
242,1626700740000,182.95,182.95,179.05,182.1,6900,233475,15600,weekly,2021-7-22T21:00:00.000,options,call
243,1626700800000,182.1,182.5,179.25,182.0,17025,233475,15600,weekly,2021-7-22T21:00:00.000,options,call
244,1626700860000,181.55,187.3,181.2,186.8,33375,227625,15600,weekly,2021-7-22T21:00:00.000,options,call
245,1626700920000,186.9,186.9,182.0,182.0,10575,227625,15600,weekly,2021-7-22T21:00:00.000,options,call
246,1626700980000,182.0,184.7,181.85,184.5,9450,227625,15600,weekly,2021-7-22T21:00:00.000,options,call
247,1626701040000,185.1,185.5,181.9,185.0,6750,212925,15600,weekly,2021-7-22T21:00:00.000,options,call
248,1626701100000,184.0,186.4,179.55,180.5,12900,212925,15600,weekly,2021-7-22T21:00:00.000,options,call
249,1626701160000,180.8,182.05,178.95,180.8,9300,212925,15600,weekly,2021-7-22T21:00:00.000,options,call
250,1626701220000,180.8,182.75,179.4,180.8,7725,212175,15600,weekly,2021-7-22T21:00:00.000,options,call
251,1626701280000,180.8,183.5,180.0,182.55,5175,212175,15600,weekly,2021-7-22T21:00:00.000,options,call
252,1626701340000,182.55,182.55,178.45,178.95,5175,212175,15600,weekly,2021-7-22T21:00:00.000,options,call
253,1626701400000,180.05,182.0,179.4,181.55,22425,212775,15600,weekly,2021-7-22T21:00:00.000,options,call
254,1626701460000,181.55,184.0,181.15,182.55,19050,212775,15600,weekly,2021-7-22T21:00:00.000,options,call
255,1626701520000,183.7,183.7,181.0,182.5,14625,212775,15600,weekly,2021-7-22T21:00:00.000,options,call
256,1626701580000,181.5,181.5,178.0,178.0,15525,232575,15600,weekly,2021-7-22T21:00:00.000,options,call
257,1626701640000,178.2,178.2,171.2,178.15,40200,232575,15600,weekly,2021-7-22T21:00:00.000,options,call
258,1626701700000,177.75,179.3,177.0,177.5,4350,232575,15600,weekly,2021-7-22T21:00:00.000,options,call
259,1626701760000,177.8,180.65,177.8,178.6,7350,245700,15600,weekly,2021-7-22T21:00:00.000,options,call
260,1626701820000,178.6,181.9,178.4,181.35,2700,245700,15600,weekly,2021-7-22T21:00:00.000,options,call
261,1626701880000,181.05,182.9,180.95,182.35,3525,245700,15600,weekly,2021-7-22T21:00:00.000,options,call
262,1626701940000,182.2,182.35,173.5,173.5,25425,242850,15600,weekly,2021-7-22T21:00:00.000,options,call
263,1626702000000,173.5,173.5,168.4,172.0,20400,242850,15600,weekly,2021-7-22T21:00:00.000,options,call
264,1626702060000,173.0,176.55,172.55,176.4,12825,242850,15600,weekly,2021-7-22T21:00:00.000,options,call
265,1626702120000,176.65,181.35,176.5,180.25,16650,237750,15600,weekly,2021-7-22T21:00:00.000,options,call
266,1626702180000,180.25,181.45,179.5,180.3,12375,237750,15600,weekly,2021-7-22T21:00:00.000,options,call
267,1626702240000,181.0,181.0,177.0,177.0,7575,237750,15600,weekly,2021-7-22T21:00:00.000,options,call
268,1626702300000,177.0,180.0,176.0,180.0,9525,244725,15600,weekly,2021-7-22T21:00:00.000,options,call
269,1626702360000,180.35,180.35,177.4,177.4,4050,244725,15600,weekly,2021-7-22T21:00:00.000,options,call
270,1626702420000,176.6,180.0,173.15,174.2,25050,244725,15600,weekly,2021-7-22T21:00:00.000,options,call
271,1626702480000,173.55,175.5,173.55,174.5,4800,242625,15600,weekly,2021-7-22T21:00:00.000,options,call
272,1626702540000,176.0,177.8,176.0,177.8,3975,242625,15600,weekly,2021-7-22T21:00:00.000,options,call
273,1626702600000,176.45,176.45,173.6,175.4,9750,242625,15600,weekly,2021-7-22T21:00:00.000,options,call
274,1626702660000,177.15,179.45,177.15,178.65,8025,242775,15600,weekly,2021-7-22T21:00:00.000,options,call
275,1626702720000,178.95,180.55,178.95,180.55,6900,242775,15600,weekly,2021-7-22T21:00:00.000,options,call
276,1626702780000,179.95,181.25,175.3,176.05,10200,242775,15600,weekly,2021-7-22T21:00:00.000,options,call
277,1626702840000,176.05,176.95,172.0,172.0,9750,247725,15600,weekly,2021-7-22T21:00:00.000,options,call
278,1626702900000,172.25,172.5,167.4,172.5,16350,247725,15600,weekly,2021-7-22T21:00:00.000,options,call
279,1626702960000,172.15,173.85,169.3,173.85,16275,247725,15600,weekly,2021-7-22T21:00:00.000,options,call
280,1626703020000,173.0,173.0,169.4,170.85,6750,251550,15600,weekly,2021-7-22T21:00:00.000,options,call
281,1626703080000,172.3,174.2,171.85,173.5,8625,251550,15600,weekly,2021-7-22T21:00:00.000,options,call
282,1626703140000,173.65,174.2,170.85,171.0,3750,251550,15600,weekly,2021-7-22T21:00:00.000,options,call
283,1626703200000,173.1,173.4,167.35,171.6,9450,258750,15600,weekly,2021-7-22T21:00:00.000,options,call
284,1626703260000,172.0,183.25,172.0,182.85,24150,258750,15600,weekly,2021-7-22T21:00:00.000,options,call
285,1626703320000,181.8,181.8,177.65,179.3,16350,258750,15600,weekly,2021-7-22T21:00:00.000,options,call
286,1626703380000,178.6,183.0,178.5,183.0,8925,260700,15600,weekly,2021-7-22T21:00:00.000,options,call
287,1626703440000,183.0,183.1,175.0,177.3,12525,260700,15600,weekly,2021-7-22T21:00:00.000,options,call
288,1626703500000,177.3,179.45,173.5,173.5,10050,260700,15600,weekly,2021-7-22T21:00:00.000,options,call
289,1626703560000,173.75,179.7,173.75,175.6,22350,248775,15600,weekly,2021-7-22T21:00:00.000,options,call
290,1626703620000,178.65,182.25,177.5,180.65,12900,248775,15600,weekly,2021-7-22T21:00:00.000,options,call
291,1626703680000,180.65,182.8,177.0,179.1,6750,248775,15600,weekly,2021-7-22T21:00:00.000,options,call
292,1626703740000,180.1,180.25,172.0,172.05,15525,245175,15600,weekly,2021-7-22T21:00:00.000,options,call
293,1626703800000,173.5,174.7,168.7,170.65,30675,245175,15600,weekly,2021-7-22T21:00:00.000,options,call
294,1626703860000,169.9,173.95,169.9,170.85,9000,245175,15600,weekly,2021-7-22T21:00:00.000,options,call
295,1626703920000,170.85,173.1,169.8,171.15,5325,247500,15600,weekly,2021-7-22T21:00:00.000,options,call
296,1626703980000,171.15,173.55,171.15,172.0,4275,247500,15600,weekly,2021-7-22T21:00:00.000,options,call
297,1626704040000,172.5,172.95,170.0,171.3,2775,247500,15600,weekly,2021-7-22T21:00:00.000,options,call
298,1626704100000,172.25,172.25,163.05,163.05,22200,245850,15600,weekly,2021-7-22T21:00:00.000,options,call
299,1626704160000,163.55,166.5,163.0,164.0,8400,245850,15600,weekly,2021-7-22T21:00:00.000,options,call
300,1626704220000,163.5,165.3,162.0,164.15,9900,245850,15600,weekly,2021-7-22T21:00:00.000,options,call
301,1626704280000,164.45,164.8,161.15,163.75,11175,244875,15600,weekly,2021-7-22T21:00:00.000,options,call
302,1626704340000,163.6,166.85,163.0,163.0,11325,244875,15600,weekly,2021-7-22T21:00:00.000,options,call
303,1626704400000,163.8,164.35,160.0,160.85,15375,244875,15600,weekly,2021-7-22T21:00:00.000,options,call
304,1626704460000,161.4,163.65,158.5,162.0,15450,248250,15600,weekly,2021-7-22T21:00:00.000,options,call
305,1626704520000,162.0,166.85,161.9,166.35,9450,248250,15600,weekly,2021-7-22T21:00:00.000,options,call
306,1626704580000,166.95,171.9,166.6,168.45,19725,248250,15600,weekly,2021-7-22T21:00:00.000,options,call
307,1626704640000,167.05,168.3,164.25,165.1,11100,249450,15600,weekly,2021-7-22T21:00:00.000,options,call
308,1626704700000,164.8,166.35,160.9,165.0,16200,249450,15600,weekly,2021-7-22T21:00:00.000,options,call
309,1626704760000,164.45,164.8,157.4,159.65,15675,249450,15600,weekly,2021-7-22T21:00:00.000,options,call
310,1626704820000,158.0,159.45,156.5,158.9,14025,257700,15600,weekly,2021-7-22T21:00:00.000,options,call
311,1626704880000,157.65,158.25,152.9,158.25,35175,257700,15600,weekly,2021-7-22T21:00:00.000,options,call
312,1626704940000,158.4,161.35,158.3,159.8,16725,257700,15600,weekly,2021-7-22T21:00:00.000,options,call
313,1626705000000,159.15,159.15,154.55,158.95,12825,259650,15600,weekly,2021-7-22T21:00:00.000,options,call
314,1626705060000,159.0,159.55,154.45,158.7,20400,259650,15600,weekly,2021-7-22T21:00:00.000,options,call
315,1626705120000,158.85,158.85,154.4,155.9,19575,259650,15600,weekly,2021-7-22T21:00:00.000,options,call
316,1626705180000,155.65,157.65,154.4,157.65,9750,269925,15600,weekly,2021-7-22T21:00:00.000,options,call
317,1626705240000,156.15,159.75,156.15,158.1,13650,269925,15600,weekly,2021-7-22T21:00:00.000,options,call
318,1626705300000,158.65,158.65,153.75,153.75,9075,269925,15600,weekly,2021-7-22T21:00:00.000,options,call
319,1626705360000,154.0,154.0,151.05,151.8,25050,270225,15600,weekly,2021-7-22T21:00:00.000,options,call
320,1626705420000,151.9,153.0,148.4,151.1,31275,270225,15600,weekly,2021-7-22T21:00:00.000,options,call
321,1626705480000,151.55,153.9,149.4,149.4,21075,270225,15600,weekly,2021-7-22T21:00:00.000,options,call
322,1626705540000,149.0,151.0,147.7,150.15,26175,286050,15600,weekly,2021-7-22T21:00:00.000,options,call
323,1626705600000,150.75,152.05,145.95,145.95,29700,286050,15600,weekly,2021-7-22T21:00:00.000,options,call
324,1626705660000,147.6,150.5,145.65,146.35,23475,286050,15600,weekly,2021-7-22T21:00:00.000,options,call
325,1626705720000,145.55,149.7,145.55,148.5,17700,302475,15600,weekly,2021-7-22T21:00:00.000,options,call
326,1626705780000,148.15,148.95,145.2,146.45,26325,302475,15600,weekly,2021-7-22T21:00:00.000,options,call
327,1626705840000,146.7,146.7,143.75,145.4,31050,302475,15600,weekly,2021-7-22T21:00:00.000,options,call
328,1626705900000,144.0,153.35,142.65,153.35,63675,321225,15600,weekly,2021-7-22T21:00:00.000,options,call
329,1626705960000,153.8,161.2,152.9,160.4,108225,321225,15600,weekly,2021-7-22T21:00:00.000,options,call
330,1626706020000,157.5,158.5,154.75,157.3,36150,321225,15600,weekly,2021-7-22T21:00:00.000,options,call
331,1626706080000,157.3,158.75,156.3,156.3,22125,312300,15600,weekly,2021-7-22T21:00:00.000,options,call
332,1626706140000,156.2,160.35,156.1,157.0,18450,312300,15600,weekly,2021-7-22T21:00:00.000,options,call
333,1626706200000,158.85,165.0,158.85,161.15,61800,312300,15600,weekly,2021-7-22T21:00:00.000,options,call
334,1626706260000,161.65,164.85,160.5,160.6,70575,337425,15600,weekly,2021-7-22T21:00:00.000,options,call
335,1626706320000,160.5,160.95,154.45,157.45,50850,337425,15600,weekly,2021-7-22T21:00:00.000,options,call
336,1626706380000,157.4,160.0,156.3,158.3,44775,337425,15600,weekly,2021-7-22T21:00:00.000,options,call
337,1626706440000,158.0,161.55,157.95,161.4,29775,366525,15600,weekly,2021-7-22T21:00:00.000,options,call
338,1626706500000,161.4,164.0,158.4,161.5,35400,366525,15600,weekly,2021-7-22T21:00:00.000,options,call
339,1626706560000,161.9,163.0,159.75,163.0,15450,366525,15600,weekly,2021-7-22T21:00:00.000,options,call
340,1626706620000,163.0,164.0,161.35,164.0,13350,363750,15600,weekly,2021-7-22T21:00:00.000,options,call
341,1626706680000,164.0,166.25,163.9,165.4,37050,363750,15600,weekly,2021-7-22T21:00:00.000,options,call
342,1626706740000,165.2,165.8,164.0,164.75,19500,363750,15600,weekly,2021-7-22T21:00:00.000,options,call
343,1626706800000,164.95,168.4,157.75,157.75,65475,343575,15600,weekly,2021-7-22T21:00:00.000,options,call
344,1626706860000,157.75,159.45,156.45,159.0,26625,343575,15600,weekly,2021-7-22T21:00:00.000,options,call
345,1626706920000,159.0,162.0,157.9,162.0,25050,343575,15600,weekly,2021-7-22T21:00:00.000,options,call
346,1626706980000,161.6,166.5,161.6,162.8,18075,351525,15600,weekly,2021-7-22T21:00:00.000,options,call
347,1626707040000,164.7,166.55,162.6,166.55,19425,351525,15600,weekly,2021-7-22T21:00:00.000,options,call
348,1626707100000,166.5,166.7,161.05,165.5,20025,351525,15600,weekly,2021-7-22T21:00:00.000,options,call
349,1626707160000,165.05,166.0,162.9,164.05,10200,345975,15600,weekly,2021-7-22T21:00:00.000,options,call
350,1626707220000,164.7,172.4,164.7,169.55,61950,345975,15600,weekly,2021-7-22T21:00:00.000,options,call
351,1626707280000,170.6,172.25,168.2,169.0,27000,345975,15600,weekly,2021-7-22T21:00:00.000,options,call
352,1626707340000,169.0,171.0,168.6,170.9,28500,324450,15600,weekly,2021-7-22T21:00:00.000,options,call
353,1626707400000,171.4,172.0,164.65,165.05,33825,324450,15600,weekly,2021-7-22T21:00:00.000,options,call
354,1626707460000,164.75,169.35,164.75,168.45,11775,324450,15600,weekly,2021-7-22T21:00:00.000,options,call
355,1626707520000,168.65,171.25,168.35,170.85,15075,318450,15600,weekly,2021-7-22T21:00:00.000,options,call
356,1626707580000,171.0,174.05,171.0,172.4,18750,318450,15600,weekly,2021-7-22T21:00:00.000,options,call
357,1626707640000,172.4,173.3,169.55,170.35,15900,318450,15600,weekly,2021-7-22T21:00:00.000,options,call
358,1626707700000,170.0,174.05,170.0,172.0,12750,310425,15600,weekly,2021-7-22T21:00:00.000,options,call
359,1626707760000,172.0,172.75,169.35,169.65,12750,310425,15600,weekly,2021-7-22T21:00:00.000,options,call
360,1626707820000,169.4,172.5,169.4,172.25,9300,310425,15600,weekly,2021-7-22T21:00:00.000,options,call
361,1626707880000,172.35,172.7,170.5,170.8,13350,302100,15600,weekly,2021-7-22T21:00:00.000,options,call
362,1626707940000,172.0,173.5,171.45,173.35,24600,302100,15600,weekly,2021-7-22T21:00:00.000,options,call
363,1626708000000,173.85,177.0,173.7,174.95,28050,302100,15600,weekly,2021-7-22T21:00:00.000,options,call
364,1626708060000,175.1,177.5,174.9,175.5,30825,291975,15600,weekly,2021-7-22T21:00:00.000,options,call
365,1626708120000,175.9,176.5,175.0,175.9,45675,291975,15600,weekly,2021-7-22T21:00:00.000,options,call
366,1626708180000,176.0,181.3,176.0,181.3,25425,291975,15600,weekly,2021-7-22T21:00:00.000,options,call
367,1626708240000,180.9,183.65,180.6,180.6,16650,285600,15600,weekly,2021-7-22T21:00:00.000,options,call
368,1626708300000,181.0,182.35,177.5,177.5,37500,285600,15600,weekly,2021-7-22T21:00:00.000,options,call
369,1626708360000,177.25,179.7,177.25,179.0,7575,285600,15600,weekly,2021-7-22T21:00:00.000,options,call
370,1626708420000,179.8,181.0,179.8,179.85,12375,268425,15600,weekly,2021-7-22T21:00:00.000,options,call
371,1626708480000,179.9,180.45,178.6,178.6,4875,268425,15600,weekly,2021-7-22T21:00:00.000,options,call
372,1626708540000,179.05,180.95,177.95,179.8,14850,268425,15600,weekly,2021-7-22T21:00:00.000,options,call
