,timestamp,open,high,low,close,volume,open_interest,strike,expiry_type,expiry,instrument,contract_type
0,1626686100000,42.75,43.8,25.25,30.0,432525,1326600,15650,weekly,2021-7-22T21:00:00.000,options,put
1,1626686160000,30.35,32.3,28.5,29.7,361275,1326600,15650,weekly,2021-7-22T21:00:00.000,options,put
2,1626686220000,29.75,29.9,28.8,28.95,194625,1207425,15650,weekly,2021-7-22T21:00:00.000,options,put
3,1626686280000,28.9,29.15,27.1,27.1,247800,1207425,15650,weekly,2021-7-22T21:00:00.000,options,put
4,1626686340000,27.1,27.7,25.75,25.8,189300,1207425,15650,weekly,2021-7-22T21:00:00.000,options,put
5,1626686400000,25.4,26.7,24.3,26.45,194625,1201500,15650,weekly,2021-7-22T21:00:00.000,options,put
6,1626686460000,26.25,26.25,22.75,23.05,96525,1201500,15650,weekly,2021-7-22T21:00:00.000,options,put
7,1626686520000,22.8,22.85,21.8,21.9,114825,1201500,15650,weekly,2021-7-22T21:00:00.000,options,put
8,1626686580000,22.15,23.0,21.95,22.3,74775,1203000,15650,weekly,2021-7-22T21:00:00.000,options,put
9,1626686640000,22.05,22.4,21.25,21.25,42075,1203000,15650,weekly,2021-7-22T21:00:00.000,options,put
10,1626686700000,21.3,22.75,21.2,21.95,64800,1203000,15650,weekly,2021-7-22T21:00:00.000,options,put
11,1626686760000,21.9,22.85,21.4,21.55,56925,1232475,15650,weekly,2021-7-22T21:00:00.000,options,put
12,1626686820000,21.45,22.7,21.3,22.45,76425,1232475,15650,weekly,2021-7-22T21:00:00.000,options,put
13,1626686880000,22.25,22.9,22.15,22.8,72525,1232475,15650,weekly,2021-7-22T21:00:00.000,options,put
14,1626686940000,22.95,22.95,21.0,21.6,80250,1214100,15650,weekly,2021-7-22T21:00:00.000,options,put
15,1626687000000,21.45,21.45,19.5,21.0,98325,1214100,15650,weekly,2021-7-22T21:00:00.000,options,put
16,1626687060000,21.0,22.15,20.85,21.65,75375,1214100,15650,weekly,2021-7-22T21:00:00.000,options,put
17,1626687120000,21.85,22.2,21.25,22.1,54900,1224525,15650,weekly,2021-7-22T21:00:00.000,options,put
18,1626687180000,22.05,22.3,21.65,21.8,35700,1224525,15650,weekly,2021-7-22T21:00:00.000,options,put
19,1626687240000,21.8,22.2,21.5,21.8,59400,1224525,15650,weekly,2021-7-22T21:00:00.000,options,put
20,1626687300000,21.9,22.75,21.85,22.4,59475,1226550,15650,weekly,2021-7-22T21:00:00.000,options,put
21,1626687360000,22.4,23.15,22.3,22.8,61650,1226550,15650,weekly,2021-7-22T21:00:00.000,options,put
22,1626687420000,22.9,22.9,21.5,22.2,48225,1226550,15650,weekly,2021-7-22T21:00:00.000,options,put
23,1626687480000,22.3,22.3,21.2,21.45,38550,1220100,15650,weekly,2021-7-22T21:00:00.000,options,put
24,1626687540000,21.4,21.4,20.0,20.45,75525,1220100,15650,weekly,2021-7-22T21:00:00.000,options,put
25,1626687600000,20.6,20.8,20.05,20.1,70200,1220100,15650,weekly,2021-7-22T21:00:00.000,options,put
26,1626687660000,20.1,20.3,19.0,19.25,44175,1215900,15650,weekly,2021-7-22T21:00:00.000,options,put
27,1626687720000,19.2,19.55,18.6,19.35,70725,1215900,15650,weekly,2021-7-22T21:00:00.000,options,put
28,1626687780000,19.25,19.75,19.2,19.65,24225,1215900,15650,weekly,2021-7-22T21:00:00.000,options,put
29,1626687840000,19.65,20.25,19.35,20.25,30900,1224900,15650,weekly,2021-7-22T21:00:00.000,options,put
30,1626687900000,20.25,20.45,19.35,20.0,31275,1224900,15650,weekly,2021-7-22T21:00:00.000,options,put
31,1626687960000,20.0,20.7,19.8,20.6,20775,1224900,15650,weekly,2021-7-22T21:00:00.000,options,put
32,1626688020000,20.65,20.8,20.5,20.6,29775,1225350,15650,weekly,2021-7-22T21:00:00.000,options,put
33,1626688080000,20.5,20.55,19.75,19.75,36300,1225350,15650,weekly,2021-7-22T21:00:00.000,options,put
34,1626688140000,19.8,20.0,19.35,19.45,27075,1225350,15650,weekly,2021-7-22T21:00:00.000,options,put
35,1626688200000,19.4,20.05,19.2,19.85,23850,1236375,15650,weekly,2021-7-22T21:00:00.000,options,put
36,1626688260000,19.95,20.0,19.25,19.3,13725,1236375,15650,weekly,2021-7-22T21:00:00.000,options,put
37,1626688320000,19.3,19.35,18.55,18.85,33900,1236375,15650,weekly,2021-7-22T21:00:00.000,options,put
38,1626688380000,18.75,19.3,18.75,19.2,34650,1237200,15650,weekly,2021-7-22T21:00:00.000,options,put
39,1626688440000,19.2,19.65,19.05,19.2,22200,1237200,15650,weekly,2021-7-22T21:00:00.000,options,put
40,1626688500000,19.2,19.65,19.0,19.4,24825,1237200,15650,weekly,2021-7-22T21:00:00.000,options,put
41,1626688560000,19.25,19.45,18.8,18.8,33675,1247550,15650,weekly,2021-7-22T21:00:00.000,options,put
42,1626688620000,18.8,19.2,18.6,18.7,35775,1247550,15650,weekly,2021-7-22T21:00:00.000,options,put
43,1626688680000,18.7,19.0,18.45,18.55,21375,1247550,15650,weekly,2021-7-22T21:00:00.000,options,put
44,1626688740000,18.55,18.75,17.9,18.15,74250,1258725,15650,weekly,2021-7-22T21:00:00.000,options,put
45,1626688800000,18.15,18.8,18.15,18.65,60750,1258725,15650,weekly,2021-7-22T21:00:00.000,options,put
46,1626688860000,18.65,18.9,18.55,18.65,36075,1258725,15650,weekly,2021-7-22T21:00:00.000,options,put
47,1626688920000,18.6,18.65,18.35,18.5,32700,1268925,15650,weekly,2021-7-22T21:00:00.000,options,put
48,1626688980000,18.5,18.6,17.45,17.45,32475,1268925,15650,weekly,2021-7-22T21:00:00.000,options,put
49,1626689040000,17.5,17.85,16.45,16.85,181500,1268925,15650,weekly,2021-7-22T21:00:00.000,options,put
50,1626689100000,16.6,17.3,16.5,17.25,35625,1303500,15650,weekly,2021-7-22T21:00:00.000,options,put
51,1626689160000,17.15,17.7,16.9,17.15,50325,1303500,15650,weekly,2021-7-22T21:00:00.000,options,put
52,1626689220000,17.3,17.85,17.1,17.5,33000,1303500,15650,weekly,2021-7-22T21:00:00.000,options,put
53,1626689280000,17.4,17.65,16.85,16.85,27750,1293975,15650,weekly,2021-7-22T21:00:00.000,options,put
54,1626689340000,16.8,17.7,16.65,17.25,45450,1293975,15650,weekly,2021-7-22T21:00:00.000,options,put
55,1626689400000,17.15,17.3,16.75,17.0,36675,1293975,15650,weekly,2021-7-22T21:00:00.000,options,put
56,1626689460000,17.05,17.05,16.55,16.8,25875,1310100,15650,weekly,2021-7-22T21:00:00.000,options,put
57,1626689520000,16.8,17.4,16.75,17.1,21075,1310100,15650,weekly,2021-7-22T21:00:00.000,options,put
58,1626689580000,17.05,17.5,16.55,17.3,28275,1310100,15650,weekly,2021-7-22T21:00:00.000,options,put
59,1626689640000,17.3,17.7,17.25,17.65,50700,1308600,15650,weekly,2021-7-22T21:00:00.000,options,put
60,1626689700000,17.65,18.15,17.25,17.5,43350,1308600,15650,weekly,2021-7-22T21:00:00.000,options,put
61,1626689760000,17.35,17.95,17.2,17.7,41475,1308600,15650,weekly,2021-7-22T21:00:00.000,options,put
62,1626689820000,17.8,18.15,17.4,18.0,34800,1332750,15650,weekly,2021-7-22T21:00:00.000,options,put
63,1626689880000,18.0,18.75,17.95,18.7,41775,1332750,15650,weekly,2021-7-22T21:00:00.000,options,put
64,1626689940000,18.7,19.25,18.5,19.25,36525,1332750,15650,weekly,2021-7-22T21:00:00.000,options,put
65,1626690000000,19.3,19.55,19.0,19.3,46500,1344825,15650,weekly,2021-7-22T21:00:00.000,options,put
66,1626690060000,19.4,19.5,18.75,19.3,35025,1344825,15650,weekly,2021-7-22T21:00:00.000,options,put
67,1626690120000,19.25,19.35,18.95,19.15,32625,1344825,15650,weekly,2021-7-22T21:00:00.000,options,put
68,1626690180000,19.35,19.35,17.8,17.9,41850,1367625,15650,weekly,2021-7-22T21:00:00.000,options,put
69,1626690240000,17.9,18.1,17.35,17.4,48075,1367625,15650,weekly,2021-7-22T21:00:00.000,options,put
70,1626690300000,17.4,17.6,16.9,17.25,42075,1367625,15650,weekly,2021-7-22T21:00:00.000,options,put
71,1626690360000,17.35,18.05,17.15,18.05,42750,1358550,15650,weekly,2021-7-22T21:00:00.000,options,put
72,1626690420000,18.1,18.1,17.5,17.85,49200,1358550,15650,weekly,2021-7-22T21:00:00.000,options,put
73,1626690480000,17.85,18.1,17.45,17.95,33375,1358550,15650,weekly,2021-7-22T21:00:00.000,options,put
74,1626690540000,17.9,18.0,17.25,17.5,61125,1351125,15650,weekly,2021-7-22T21:00:00.000,options,put
75,1626690600000,17.7,17.85,17.1,17.6,37275,1351125,15650,weekly,2021-7-22T21:00:00.000,options,put
76,1626690660000,17.75,17.8,17.3,17.5,30750,1351125,15650,weekly,2021-7-22T21:00:00.000,options,put
77,1626690720000,17.65,18.1,17.6,17.85,37200,1345725,15650,weekly,2021-7-22T21:00:00.000,options,put
78,1626690780000,17.85,18.0,17.5,17.6,41925,1345725,15650,weekly,2021-7-22T21:00:00.000,options,put
79,1626690840000,17.4,17.6,16.75,17.25,34650,1345725,15650,weekly,2021-7-22T21:00:00.000,options,put
80,1626690900000,17.45,17.55,16.85,16.95,30150,1331700,15650,weekly,2021-7-22T21:00:00.000,options,put
81,1626690960000,16.95,17.15,16.7,16.85,23775,1331700,15650,weekly,2021-7-22T21:00:00.000,options,put
82,1626691020000,16.85,16.85,15.85,16.15,71550,1331700,15650,weekly,2021-7-22T21:00:00.000,options,put
83,1626691080000,16.05,16.15,15.2,15.9,54750,1300875,15650,weekly,2021-7-22T21:00:00.000,options,put
84,1626691140000,15.9,15.95,15.55,15.7,31725,1300875,15650,weekly,2021-7-22T21:00:00.000,options,put
85,1626691200000,15.7,16.1,15.65,15.9,26550,1300875,15650,weekly,2021-7-22T21:00:00.000,options,put
86,1626691260000,16.0,16.35,15.9,16.0,25050,1297200,15650,weekly,2021-7-22T21:00:00.000,options,put
87,1626691320000,15.95,16.25,15.85,16.2,17700,1297200,15650,weekly,2021-7-22T21:00:00.000,options,put
88,1626691380000,16.25,16.35,15.95,16.15,17025,1297200,15650,weekly,2021-7-22T21:00:00.000,options,put
89,1626691440000,16.15,16.2,16.0,16.1,20400,1305225,15650,weekly,2021-7-22T21:00:00.000,options,put
90,1626691500000,16.1,16.8,16.1,16.55,102075,1305225,15650,weekly,2021-7-22T21:00:00.000,options,put
91,1626691560000,16.5,16.8,16.5,16.6,18450,1305225,15650,weekly,2021-7-22T21:00:00.000,options,put
92,1626691620000,16.6,16.75,16.05,16.2,30075,1253775,15650,weekly,2021-7-22T21:00:00.000,options,put
93,1626691680000,16.05,16.55,16.0,16.4,20625,1253775,15650,weekly,2021-7-22T21:00:00.000,options,put
94,1626691740000,16.4,16.7,16.4,16.55,5700,1253775,15650,weekly,2021-7-22T21:00:00.000,options,put
95,1626691800000,16.55,16.7,16.4,16.4,9900,1244250,15650,weekly,2021-7-22T21:00:00.000,options,put
96,1626691860000,16.5,16.8,16.2,16.7,17925,1244250,15650,weekly,2021-7-22T21:00:00.000,options,put
97,1626691920000,16.7,16.85,16.2,16.35,21375,1244250,15650,weekly,2021-7-22T21:00:00.000,options,put
98,1626691980000,16.35,16.7,16.3,16.6,9675,1246350,15650,weekly,2021-7-22T21:00:00.000,options,put
99,1626692040000,16.5,16.7,16.35,16.55,19950,1246350,15650,weekly,2021-7-22T21:00:00.000,options,put
100,1626692100000,16.55,16.8,16.5,16.8,15975,1246350,15650,weekly,2021-7-22T21:00:00.000,options,put
101,1626692160000,16.8,17.0,16.65,16.95,12000,1251375,15650,weekly,2021-7-22T21:00:00.000,options,put
102,1626692220000,16.95,17.35,16.8,17.1,25650,1251375,15650,weekly,2021-7-22T21:00:00.000,options,put
103,1626692280000,17.2,18.4,17.1,18.2,77850,1251375,15650,weekly,2021-7-22T21:00:00.000,options,put
104,1626692340000,18.35,18.8,18.15,18.5,56025,1259100,15650,weekly,2021-7-22T21:00:00.000,options,put
105,1626692400000,18.55,18.6,17.0,17.0,61875,1259100,15650,weekly,2021-7-22T21:00:00.000,options,put
106,1626692460000,17.1,17.85,17.05,17.7,47400,1259100,15650,weekly,2021-7-22T21:00:00.000,options,put
107,1626692520000,17.8,17.8,17.2,17.5,10425,1278375,15650,weekly,2021-7-22T21:00:00.000,options,put
108,1626692580000,17.6,17.75,17.1,17.25,12900,1278375,15650,weekly,2021-7-22T21:00:00.000,options,put
109,1626692640000,17.25,17.25,16.6,16.65,16500,1278375,15650,weekly,2021-7-22T21:00:00.000,options,put
110,1626692700000,16.65,16.95,16.3,16.75,21075,1280850,15650,weekly,2021-7-22T21:00:00.000,options,put
111,1626692760000,16.75,17.05,16.7,17.05,19500,1280850,15650,weekly,2021-7-22T21:00:00.000,options,put
112,1626692820000,17.05,17.25,16.8,16.8,16050,1280850,15650,weekly,2021-7-22T21:00:00.000,options,put
113,1626692880000,16.8,17.3,16.8,16.95,6225,1290150,15650,weekly,2021-7-22T21:00:00.000,options,put
114,1626692940000,17.0,17.0,15.7,16.5,72825,1290150,15650,weekly,2021-7-22T21:00:00.000,options,put
115,1626693000000,16.4,16.9,16.2,16.75,28650,1290150,15650,weekly,2021-7-22T21:00:00.000,options,put
116,1626693060000,16.9,17.2,16.6,17.0,19950,1281225,15650,weekly,2021-7-22T21:00:00.000,options,put
117,1626693120000,17.05,17.25,16.5,16.75,18525,1281225,15650,weekly,2021-7-22T21:00:00.000,options,put
118,1626693180000,16.75,17.25,16.75,17.15,18675,1281225,15650,weekly,2021-7-22T21:00:00.000,options,put
119,1626693240000,17.0,17.25,16.85,17.0,14700,1277775,15650,weekly,2021-7-22T21:00:00.000,options,put
120,1626693300000,17.1,17.1,16.65,16.95,13725,1277775,15650,weekly,2021-7-22T21:00:00.000,options,put
121,1626693360000,16.95,16.95,16.4,16.9,8025,1277775,15650,weekly,2021-7-22T21:00:00.000,options,put
122,1626693420000,16.9,17.05,16.65,16.95,19875,1275825,15650,weekly,2021-7-22T21:00:00.000,options,put
123,1626693480000,17.0,18.0,16.95,17.75,51450,1275825,15650,weekly,2021-7-22T21:00:00.000,options,put
124,1626693540000,17.7,18.1,17.5,17.6,24450,1275825,15650,weekly,2021-7-22T21:00:00.000,options,put
125,1626693600000,17.55,17.7,16.9,17.0,13575,1283025,15650,weekly,2021-7-22T21:00:00.000,options,put
126,1626693660000,17.2,17.65,17.2,17.6,6600,1283025,15650,weekly,2021-7-22T21:00:00.000,options,put
127,1626693720000,17.55,17.95,17.45,17.65,14325,1283025,15650,weekly,2021-7-22T21:00:00.000,options,put
128,1626693780000,17.6,17.6,16.8,16.95,27000,1298925,15650,weekly,2021-7-22T21:00:00.000,options,put
129,1626693840000,16.95,17.85,16.95,17.55,20100,1298925,15650,weekly,2021-7-22T21:00:00.000,options,put
130,1626693900000,17.65,18.0,17.5,17.5,35175,1298925,15650,weekly,2021-7-22T21:00:00.000,options,put
131,1626693960000,17.45,17.45,16.85,17.15,31050,1293225,15650,weekly,2021-7-22T21:00:00.000,options,put
132,1626694020000,17.25,17.8,17.15,17.55,11550,1293225,15650,weekly,2021-7-22T21:00:00.000,options,put
133,1626694080000,17.55,18.7,17.55,18.6,77625,1293225,15650,weekly,2021-7-22T21:00:00.000,options,put
134,1626694140000,18.7,18.85,17.95,18.55,42150,1266300,15650,weekly,2021-7-22T21:00:00.000,options,put
135,1626694200000,18.6,18.9,17.9,17.9,27900,1266300,15650,weekly,2021-7-22T21:00:00.000,options,put
136,1626694260000,17.85,18.75,17.6,18.75,33150,1266300,15650,weekly,2021-7-22T21:00:00.000,options,put
137,1626694320000,18.6,18.65,17.95,18.25,30075,1266300,15650,weekly,2021-7-22T21:00:00.000,options,put
138,1626694380000,18.15,18.2,17.5,17.65,13125,1269750,15650,weekly,2021-7-22T21:00:00.000,options,put
139,1626694440000,17.75,18.15,17.6,18.0,18900,1269750,15650,weekly,2021-7-22T21:00:00.000,options,put
140,1626694500000,18.0,18.1,17.45,17.6,14850,1273725,15650,weekly,2021-7-22T21:00:00.000,options,put
141,1626694560000,17.55,17.75,17.35,17.7,13425,1273725,15650,weekly,2021-7-22T21:00:00.000,options,put
142,1626694620000,17.5,17.5,16.95,17.1,20550,1273725,15650,weekly,2021-7-22T21:00:00.000,options,put
143,1626694680000,17.1,17.35,16.7,16.85,18000,1277175,15650,weekly,2021-7-22T21:00:00.000,options,put
144,1626694740000,16.8,17.0,16.6,16.8,9000,1277175,15650,weekly,2021-7-22T21:00:00.000,options,put
145,1626694800000,16.9,17.2,16.55,16.55,15075,1277175,15650,weekly,2021-7-22T21:00:00.000,options,put
146,1626694860000,16.55,16.85,16.55,16.65,6900,1277175,15650,weekly,2021-7-22T21:00:00.000,options,put
147,1626694920000,16.7,16.85,16.0,16.6,102600,1277775,15650,weekly,2021-7-22T21:00:00.000,options,put
148,1626694980000,16.6,17.0,16.6,16.95,18150,1277775,15650,weekly,2021-7-22T21:00:00.000,options,put
149,1626695040000,16.85,17.2,16.75,17.1,22575,1291125,15650,weekly,2021-7-22T21:00:00.000,options,put
150,1626695100000,17.05,17.45,17.05,17.3,12825,1291125,15650,weekly,2021-7-22T21:00:00.000,options,put
151,1626695160000,17.25,17.55,17.25,17.45,9600,1291125,15650,weekly,2021-7-22T21:00:00.000,options,put
152,1626695220000,17.4,17.6,17.25,17.55,5925,1291125,15650,weekly,2021-7-22T21:00:00.000,options,put
153,1626695280000,17.5,18.0,17.5,17.65,36075,1293750,15650,weekly,2021-7-22T21:00:00.000,options,put
154,1626695340000,17.55,17.7,17.0,17.05,32175,1293750,15650,weekly,2021-7-22T21:00:00.000,options,put
155,1626695400000,17.15,17.15,16.7,17.0,9675,1288800,15650,weekly,2021-7-22T21:00:00.000,options,put
156,1626695460000,17.0,17.35,16.85,17.25,8175,1288800,15650,weekly,2021-7-22T21:00:00.000,options,put
157,1626695520000,17.25,17.55,17.1,17.15,10725,1288800,15650,weekly,2021-7-22T21:00:00.000,options,put
158,1626695580000,17.2,18.2,17.2,17.95,63375,1288800,15650,weekly,2021-7-22T21:00:00.000,options,put
159,1626695640000,17.95,18.15,17.75,17.85,22050,1287975,15650,weekly,2021-7-22T21:00:00.000,options,put
160,1626695700000,17.9,18.05,17.5,17.6,9975,1287975,15650,weekly,2021-7-22T21:00:00.000,options,put
161,1626695760000,17.65,17.95,17.35,17.7,23400,1287975,15650,weekly,2021-7-22T21:00:00.000,options,put
162,1626695820000,17.75,18.15,17.65,17.9,10125,1287525,15650,weekly,2021-7-22T21:00:00.000,options,put
163,1626695880000,18.0,18.0,17.5,17.5,7650,1287525,15650,weekly,2021-7-22T21:00:00.000,options,put
164,1626695940000,17.45,17.6,17.2,17.5,23400,1287525,15650,weekly,2021-7-22T21:00:00.000,options,put
165,1626696000000,17.5,18.15,17.5,18.0,26475,1298475,15650,weekly,2021-7-22T21:00:00.000,options,put
166,1626696060000,17.95,18.5,17.9,18.45,23775,1298475,15650,weekly,2021-7-22T21:00:00.000,options,put
167,1626696120000,18.4,18.55,18.2,18.3,20175,1298475,15650,weekly,2021-7-22T21:00:00.000,options,put
168,1626696180000,18.2,18.25,17.5,17.8,55800,1300575,15650,weekly,2021-7-22T21:00:00.000,options,put
169,1626696240000,17.9,18.25,17.8,18.0,20700,1300575,15650,weekly,2021-7-22T21:00:00.000,options,put
170,1626696300000,18.0,18.0,17.65,17.75,27825,1300575,15650,weekly,2021-7-22T21:00:00.000,options,put
171,1626696360000,17.8,17.8,17.25,17.65,20025,1323225,15650,weekly,2021-7-22T21:00:00.000,options,put
172,1626696420000,17.65,17.85,17.4,17.7,7950,1323225,15650,weekly,2021-7-22T21:00:00.000,options,put
173,1626696480000,17.7,17.7,17.05,17.25,12075,1323225,15650,weekly,2021-7-22T21:00:00.000,options,put
174,1626696540000,17.1,17.75,17.0,17.35,31050,1324800,15650,weekly,2021-7-22T21:00:00.000,options,put
175,1626696600000,17.3,17.4,17.15,17.3,9975,1324800,15650,weekly,2021-7-22T21:00:00.000,options,put
176,1626696660000,17.3,17.45,17.0,17.45,6150,1324800,15650,weekly,2021-7-22T21:00:00.000,options,put
177,1626696720000,17.3,17.85,17.3,17.55,7200,1329975,15650,weekly,2021-7-22T21:00:00.000,options,put
178,1626696780000,17.55,17.8,17.55,17.65,5925,1329975,15650,weekly,2021-7-22T21:00:00.000,options,put
179,1626696840000,17.75,17.75,17.15,17.2,8550,1329975,15650,weekly,2021-7-22T21:00:00.000,options,put
180,1626696900000,17.2,17.85,17.2,17.65,10125,1331475,15650,weekly,2021-7-22T21:00:00.000,options,put
181,1626696960000,17.65,17.8,17.55,17.8,4725,1331475,15650,weekly,2021-7-22T21:00:00.000,options,put
182,1626697020000,17.8,18.35,17.8,18.25,18375,1331475,15650,weekly,2021-7-22T21:00:00.000,options,put
183,1626697080000,18.35,18.65,18.25,18.5,15525,1333650,15650,weekly,2021-7-22T21:00:00.000,options,put
184,1626697140000,18.45,18.45,17.9,18.4,34050,1333650,15650,weekly,2021-7-22T21:00:00.000,options,put
185,1626697200000,18.4,18.4,17.9,17.9,8475,1333650,15650,weekly,2021-7-22T21:00:00.000,options,put
186,1626697260000,17.9,18.6,17.8,18.5,15225,1345275,15650,weekly,2021-7-22T21:00:00.000,options,put
187,1626697320000,18.4,18.5,17.85,18.15,24150,1345275,15650,weekly,2021-7-22T21:00:00.000,options,put
188,1626697380000,18.15,18.3,17.9,17.95,10575,1345275,15650,weekly,2021-7-22T21:00:00.000,options,put
189,1626697440000,18.0,18.1,17.8,18.1,11925,1350600,15650,weekly,2021-7-22T21:00:00.000,options,put
190,1626697500000,18.1,18.45,18.05,18.15,14700,1350600,15650,weekly,2021-7-22T21:00:00.000,options,put
191,1626697560000,18.25,19.85,18.15,19.05,122625,1350600,15650,weekly,2021-7-22T21:00:00.000,options,put
192,1626697620000,18.95,19.65,18.7,18.7,54675,1347225,15650,weekly,2021-7-22T21:00:00.000,options,put
193,1626697680000,18.75,19.45,18.75,18.95,24225,1347225,15650,weekly,2021-7-22T21:00:00.000,options,put
194,1626697740000,19.0,19.95,19.0,19.6,38625,1347225,15650,weekly,2021-7-22T21:00:00.000,options,put
195,1626697800000,19.35,20.4,19.25,20.4,81375,1353450,15650,weekly,2021-7-22T21:00:00.000,options,put
196,1626697860000,20.4,21.35,20.05,21.15,117150,1353450,15650,weekly,2021-7-22T21:00:00.000,options,put
197,1626697920000,21.4,22.05,20.35,20.7,143250,1353450,15650,weekly,2021-7-22T21:00:00.000,options,put
198,1626697980000,20.85,20.85,20.05,20.45,37800,1348425,15650,weekly,2021-7-22T21:00:00.000,options,put
199,1626698040000,20.5,21.15,20.35,20.8,21900,1348425,15650,weekly,2021-7-22T21:00:00.000,options,put
200,1626698100000,20.9,21.5,20.8,21.45,32925,1348425,15650,weekly,2021-7-22T21:00:00.000,options,put
201,1626698160000,21.4,21.55,21.0,21.05,31800,1345200,15650,weekly,2021-7-22T21:00:00.000,options,put
202,1626698220000,21.1,21.9,21.1,21.6,39975,1345200,15650,weekly,2021-7-22T21:00:00.000,options,put
203,1626698280000,21.5,24.3,21.15,24.05,167775,1345200,15650,weekly,2021-7-22T21:00:00.000,options,put
204,1626698340000,23.9,25.95,23.1,25.25,207600,1327650,15650,weekly,2021-7-22T21:00:00.000,options,put
205,1626698400000,25.45,27.2,25.2,25.65,192300,1327650,15650,weekly,2021-7-22T21:00:00.000,options,put
206,1626698460000,25.75,26.2,23.95,24.7,132450,1327650,15650,weekly,2021-7-22T21:00:00.000,options,put
207,1626698520000,24.65,24.9,24.05,24.05,60975,1334550,15650,weekly,2021-7-22T21:00:00.000,options,put
208,1626698580000,24.2,25.45,24.15,24.95,61875,1334550,15650,weekly,2021-7-22T21:00:00.000,options,put
209,1626698640000,25.1,27.15,25.05,26.45,93675,1334550,15650,weekly,2021-7-22T21:00:00.000,options,put
210,1626698700000,26.6,27.25,25.35,26.15,98775,1315050,15650,weekly,2021-7-22T21:00:00.000,options,put
211,1626698760000,26.3,26.85,25.0,25.65,90000,1315050,15650,weekly,2021-7-22T21:00:00.000,options,put
212,1626698820000,25.55,26.1,24.8,25.6,42075,1315050,15650,weekly,2021-7-22T21:00:00.000,options,put
213,1626698880000,25.4,27.05,25.4,27.05,61350,1318350,15650,weekly,2021-7-22T21:00:00.000,options,put
214,1626698940000,26.85,29.75,26.8,27.9,208050,1318350,15650,weekly,2021-7-22T21:00:00.000,options,put
215,1626699000000,27.9,28.9,27.0,28.9,106275,1318350,15650,weekly,2021-7-22T21:00:00.000,options,put
216,1626699060000,28.5,28.6,27.15,27.45,80025,1318125,15650,weekly,2021-7-22T21:00:00.000,options,put
217,1626699120000,27.4,27.8,27.0,27.7,69900,1318125,15650,weekly,2021-7-22T21:00:00.000,options,put
218,1626699180000,27.8,30.15,27.8,29.5,114225,1318125,15650,weekly,2021-7-22T21:00:00.000,options,put
219,1626699240000,29.5,31.65,28.75,31.65,189300,1311900,15650,weekly,2021-7-22T21:00:00.000,options,put
220,1626699300000,31.95,33.4,30.4,32.95,226650,1311900,15650,weekly,2021-7-22T21:00:00.000,options,put
221,1626699360000,33.0,33.15,31.2,32.05,129975,1311900,15650,weekly,2021-7-22T21:00:00.000,options,put
222,1626699420000,32.2,36.3,32.2,36.3,195900,1267125,15650,weekly,2021-7-22T21:00:00.000,options,put
223,1626699480000,36.3,36.35,33.75,34.2,168750,1267125,15650,weekly,2021-7-22T21:00:00.000,options,put
224,1626699540000,34.3,34.95,32.1,32.45,145875,1267125,15650,weekly,2021-7-22T21:00:00.000,options,put
225,1626699600000,32.25,34.0,29.9,29.9,141075,1269225,15650,weekly,2021-7-22T21:00:00.000,options,put
226,1626699660000,30.05,33.45,29.85,32.85,111375,1269225,15650,weekly,2021-7-22T21:00:00.000,options,put
227,1626699720000,32.4,35.05,31.7,34.95,103200,1269225,15650,weekly,2021-7-22T21:00:00.000,options,put
228,1626699780000,35.0,35.15,33.8,34.4,86475,1262550,15650,weekly,2021-7-22T21:00:00.000,options,put
229,1626699840000,34.7,38.35,34.2,38.35,216300,1262550,15650,weekly,2021-7-22T21:00:00.000,options,put
230,1626699900000,38.2,42.4,38.2,40.85,340950,1262550,15650,weekly,2021-7-22T21:00:00.000,options,put
231,1626699960000,40.9,48.7,40.9,47.65,314700,1251075,15650,weekly,2021-7-22T21:00:00.000,options,put
232,1626700020000,47.6,48.85,44.15,47.75,230925,1251075,15650,weekly,2021-7-22T21:00:00.000,options,put
233,1626700080000,48.0,48.0,42.95,45.35,198750,1251075,15650,weekly,2021-7-22T21:00:00.000,options,put
234,1626700140000,45.45,48.4,43.7,46.6,161025,1254750,15650,weekly,2021-7-22T21:00:00.000,options,put
235,1626700200000,46.2,49.3,43.6,44.35,158475,1254750,15650,weekly,2021-7-22T21:00:00.000,options,put
236,1626700260000,44.25,45.3,40.6,41.5,124725,1254750,15650,weekly,2021-7-22T21:00:00.000,options,put
237,1626700320000,41.5,41.5,37.75,40.0,194100,1303875,15650,weekly,2021-7-22T21:00:00.000,options,put
238,1626700380000,39.6,40.55,38.45,39.15,102900,1303875,15650,weekly,2021-7-22T21:00:00.000,options,put
239,1626700440000,39.2,39.2,35.95,36.0,150600,1303875,15650,weekly,2021-7-22T21:00:00.000,options,put
240,1626700500000,36.4,38.4,34.85,34.85,96975,1271775,15650,weekly,2021-7-22T21:00:00.000,options,put
241,1626700560000,34.9,37.0,34.55,36.25,133575,1271775,15650,weekly,2021-7-22T21:00:00.000,options,put
242,1626700620000,36.5,37.5,35.3,35.35,63675,1271775,15650,weekly,2021-7-22T21:00:00.000,options,put
243,1626700680000,35.75,37.1,33.35,33.5,73425,1288350,15650,weekly,2021-7-22T21:00:00.000,options,put
244,1626700740000,33.35,34.95,32.85,33.55,84300,1288350,15650,weekly,2021-7-22T21:00:00.000,options,put
245,1626700800000,33.45,34.8,32.4,32.7,76200,1288350,15650,weekly,2021-7-22T21:00:00.000,options,put
246,1626700860000,33.05,33.25,30.3,30.8,83850,1300575,15650,weekly,2021-7-22T21:00:00.000,options,put
247,1626700920000,30.65,32.6,30.4,32.35,60075,1300575,15650,weekly,2021-7-22T21:00:00.000,options,put
248,1626700980000,32.45,32.45,30.5,30.5,49350,1300575,15650,weekly,2021-7-22T21:00:00.000,options,put
249,1626701040000,30.3,31.8,30.3,30.85,79875,1328100,15650,weekly,2021-7-22T21:00:00.000,options,put
250,1626701100000,30.75,32.65,29.55,32.0,135150,1328100,15650,weekly,2021-7-22T21:00:00.000,options,put
251,1626701160000,32.1,33.0,31.6,32.55,77175,1328100,15650,weekly,2021-7-22T21:00:00.000,options,put
252,1626701220000,32.45,33.15,31.35,32.15,54150,1347750,15650,weekly,2021-7-22T21:00:00.000,options,put
253,1626701280000,32.25,33.3,31.55,32.8,55125,1347750,15650,weekly,2021-7-22T21:00:00.000,options,put
254,1626701340000,32.8,34.0,32.65,33.85,81525,1347750,15650,weekly,2021-7-22T21:00:00.000,options,put
255,1626701400000,33.8,33.8,31.75,31.85,72000,1370100,15650,weekly,2021-7-22T21:00:00.000,options,put
256,1626701460000,31.85,32.15,30.05,30.35,79950,1370100,15650,weekly,2021-7-22T21:00:00.000,options,put
257,1626701520000,30.4,31.7,30.15,30.75,60600,1370100,15650,weekly,2021-7-22T21:00:00.000,options,put
258,1626701580000,30.65,32.45,30.55,32.35,41475,1405050,15650,weekly,2021-7-22T21:00:00.000,options,put
259,1626701640000,32.3,33.95,31.8,31.8,88800,1405050,15650,weekly,2021-7-22T21:00:00.000,options,put
260,1626701700000,32.05,32.4,31.2,31.95,38325,1405050,15650,weekly,2021-7-22T21:00:00.000,options,put
261,1626701760000,31.8,31.95,29.9,31.05,76350,1417725,15650,weekly,2021-7-22T21:00:00.000,options,put
262,1626701820000,31.3,31.55,29.35,30.05,85425,1417725,15650,weekly,2021-7-22T21:00:00.000,options,put
263,1626701880000,30.2,30.35,28.8,29.1,65100,1417725,15650,weekly,2021-7-22T21:00:00.000,options,put
264,1626701940000,29.3,32.65,29.0,32.65,87600,1452675,15650,weekly,2021-7-22T21:00:00.000,options,put
265,1626702000000,32.8,34.8,32.7,33.95,117525,1452675,15650,weekly,2021-7-22T21:00:00.000,options,put
266,1626702060000,33.25,34.1,31.95,32.15,61650,1452675,15650,weekly,2021-7-22T21:00:00.000,options,put
267,1626702120000,32.15,32.2,29.8,31.15,116250,1466325,15650,weekly,2021-7-22T21:00:00.000,options,put
268,1626702180000,31.2,31.45,30.0,30.0,41625,1466325,15650,weekly,2021-7-22T21:00:00.000,options,put
269,1626702240000,30.05,31.5,29.9,31.5,56400,1466325,15650,weekly,2021-7-22T21:00:00.000,options,put
270,1626702300000,31.65,31.85,30.35,30.45,38250,1472775,15650,weekly,2021-7-22T21:00:00.000,options,put
271,1626702360000,30.55,31.7,30.25,31.7,27150,1472775,15650,weekly,2021-7-22T21:00:00.000,options,put
272,1626702420000,31.85,32.75,30.45,32.7,56325,1472775,15650,weekly,2021-7-22T21:00:00.000,options,put
273,1626702480000,33.0,33.15,32.1,32.3,41025,1480425,15650,weekly,2021-7-22T21:00:00.000,options,put
274,1626702540000,32.3,32.9,31.35,32.05,29775,1480425,15650,weekly,2021-7-22T21:00:00.000,options,put
275,1626702600000,32.0,33.25,31.9,32.2,26400,1480425,15650,weekly,2021-7-22T21:00:00.000,options,put
276,1626702660000,32.1,32.15,30.35,30.65,38850,1475175,15650,weekly,2021-7-22T21:00:00.000,options,put
277,1626702720000,30.65,30.95,29.7,30.15,47775,1475175,15650,weekly,2021-7-22T21:00:00.000,options,put
278,1626702780000,30.35,31.6,29.5,31.6,43725,1475175,15650,weekly,2021-7-22T21:00:00.000,options,put
279,1626702840000,31.85,33.05,30.9,32.95,88800,1482225,15650,weekly,2021-7-22T21:00:00.000,options,put
280,1626702900000,33.3,35.2,33.0,33.6,117000,1482225,15650,weekly,2021-7-22T21:00:00.000,options,put
281,1626702960000,33.75,35.15,32.85,32.85,61875,1482225,15650,weekly,2021-7-22T21:00:00.000,options,put
282,1626703020000,33.05,35.25,33.05,34.5,55950,1474650,15650,weekly,2021-7-22T21:00:00.000,options,put
283,1626703080000,34.65,34.65,32.9,33.0,52350,1474650,15650,weekly,2021-7-22T21:00:00.000,options,put
284,1626703140000,33.15,34.25,33.1,34.0,38175,1474650,15650,weekly,2021-7-22T21:00:00.000,options,put
285,1626703200000,33.7,35.95,33.15,34.2,72750,1461150,15650,weekly,2021-7-22T21:00:00.000,options,put
286,1626703260000,33.95,34.0,28.75,29.35,189525,1461150,15650,weekly,2021-7-22T21:00:00.000,options,put
287,1626703320000,29.35,31.35,29.35,31.0,105450,1461150,15650,weekly,2021-7-22T21:00:00.000,options,put
288,1626703380000,31.15,31.15,29.35,29.35,74175,1492275,15650,weekly,2021-7-22T21:00:00.000,options,put
289,1626703440000,29.2,31.85,29.1,30.55,84150,1492275,15650,weekly,2021-7-22T21:00:00.000,options,put
290,1626703500000,30.85,32.85,30.3,32.65,80925,1492275,15650,weekly,2021-7-22T21:00:00.000,options,put
291,1626703560000,32.2,32.45,30.55,31.6,77475,1483875,15650,weekly,2021-7-22T21:00:00.000,options,put
292,1626703620000,31.4,31.7,29.95,30.5,59025,1483875,15650,weekly,2021-7-22T21:00:00.000,options,put
293,1626703680000,30.5,31.8,30.1,31.5,57300,1483875,15650,weekly,2021-7-22T21:00:00.000,options,put
294,1626703740000,31.0,33.9,30.65,33.05,93750,1488375,15650,weekly,2021-7-22T21:00:00.000,options,put
295,1626703800000,33.4,35.25,32.45,35.0,149175,1488375,15650,weekly,2021-7-22T21:00:00.000,options,put
296,1626703860000,35.25,35.25,33.05,34.25,86400,1488375,15650,weekly,2021-7-22T21:00:00.000,options,put
297,1626703920000,34.25,35.25,33.6,34.3,49875,1494750,15650,weekly,2021-7-22T21:00:00.000,options,put
298,1626703980000,34.35,34.6,33.45,34.05,42150,1494750,15650,weekly,2021-7-22T21:00:00.000,options,put
299,1626704040000,33.95,35.25,33.4,34.0,46500,1494750,15650,weekly,2021-7-22T21:00:00.000,options,put
300,1626704100000,34.0,38.6,34.0,38.4,222225,1473000,15650,weekly,2021-7-22T21:00:00.000,options,put
301,1626704160000,38.05,39.0,37.15,37.95,107250,1473000,15650,weekly,2021-7-22T21:00:00.000,options,put
302,1626704220000,38.15,39.85,38.1,38.8,160125,1473000,15650,weekly,2021-7-22T21:00:00.000,options,put
303,1626704280000,38.85,40.55,38.4,38.9,162750,1417350,15650,weekly,2021-7-22T21:00:00.000,options,put
304,1626704340000,39.0,39.0,36.7,38.5,112575,1417350,15650,weekly,2021-7-22T21:00:00.000,options,put
305,1626704400000,38.7,40.15,38.0,40.15,92625,1417350,15650,weekly,2021-7-22T21:00:00.000,options,put
306,1626704460000,40.2,41.45,39.0,39.65,143775,1384950,15650,weekly,2021-7-22T21:00:00.000,options,put
307,1626704520000,39.6,39.85,36.4,36.6,103050,1384950,15650,weekly,2021-7-22T21:00:00.000,options,put
308,1626704580000,36.8,36.85,33.85,35.7,142950,1384950,15650,weekly,2021-7-22T21:00:00.000,options,put
309,1626704640000,35.75,37.2,35.5,37.0,45825,1373550,15650,weekly,2021-7-22T21:00:00.000,options,put
310,1626704700000,37.1,38.65,35.75,36.5,98250,1373550,15650,weekly,2021-7-22T21:00:00.000,options,put
311,1626704760000,36.7,40.75,36.65,40.0,130200,1373550,15650,weekly,2021-7-22T21:00:00.000,options,put
312,1626704820000,39.9,41.45,39.25,40.0,93300,1378950,15650,weekly,2021-7-22T21:00:00.000,options,put
313,1626704880000,40.05,42.25,39.5,39.65,147675,1378950,15650,weekly,2021-7-22T21:00:00.000,options,put
314,1626704940000,39.65,40.0,37.55,38.7,97125,1378950,15650,weekly,2021-7-22T21:00:00.000,options,put
315,1626705000000,38.75,41.2,38.25,38.65,100425,1395825,15650,weekly,2021-7-22T21:00:00.000,options,put
316,1626705060000,38.3,41.25,38.1,39.35,113625,1395825,15650,weekly,2021-7-22T21:00:00.000,options,put
317,1626705120000,39.35,41.3,38.9,40.8,103350,1395825,15650,weekly,2021-7-22T21:00:00.000,options,put
318,1626705180000,40.7,41.25,39.2,39.2,95100,1387425,15650,weekly,2021-7-22T21:00:00.000,options,put
319,1626705240000,39.3,39.85,38.6,39.1,84375,1387425,15650,weekly,2021-7-22T21:00:00.000,options,put
320,1626705300000,39.2,41.0,38.8,40.95,50400,1387425,15650,weekly,2021-7-22T21:00:00.000,options,put
321,1626705360000,41.3,42.9,41.05,41.8,125025,1391625,15650,weekly,2021-7-22T21:00:00.000,options,put
322,1626705420000,41.95,44.2,41.7,42.5,169275,1391625,15650,weekly,2021-7-22T21:00:00.000,options,put
323,1626705480000,42.45,43.8,41.05,43.55,85500,1391625,15650,weekly,2021-7-22T21:00:00.000,options,put
324,1626705540000,43.55,44.3,42.5,43.6,108825,1383600,15650,weekly,2021-7-22T21:00:00.000,options,put
325,1626705600000,44.0,44.6,42.1,44.5,116250,1383600,15650,weekly,2021-7-22T21:00:00.000,options,put
326,1626705660000,44.6,44.8,42.4,44.65,127800,1383600,15650,weekly,2021-7-22T21:00:00.000,options,put
327,1626705720000,44.9,45.1,43.05,43.8,113625,1365150,15650,weekly,2021-7-22T21:00:00.000,options,put
328,1626705780000,44.1,45.0,43.75,44.75,81225,1365150,15650,weekly,2021-7-22T21:00:00.000,options,put
329,1626705840000,44.6,45.35,44.3,44.55,91425,1365150,15650,weekly,2021-7-22T21:00:00.000,options,put
330,1626705900000,44.85,46.1,39.4,39.4,212550,1364625,15650,weekly,2021-7-22T21:00:00.000,options,put
331,1626705960000,40.0,40.55,35.2,35.4,334050,1364625,15650,weekly,2021-7-22T21:00:00.000,options,put
332,1626706020000,35.6,38.0,35.6,37.0,157650,1364625,15650,weekly,2021-7-22T21:00:00.000,options,put
333,1626706080000,37.0,37.5,36.1,37.5,70050,1319775,15650,weekly,2021-7-22T21:00:00.000,options,put
334,1626706140000,37.45,37.6,35.05,36.75,96225,1319775,15650,weekly,2021-7-22T21:00:00.000,options,put
335,1626706200000,35.95,35.95,32.6,34.5,133875,1319775,15650,weekly,2021-7-22T21:00:00.000,options,put
336,1626706260000,34.4,34.95,32.9,34.95,94425,1345575,15650,weekly,2021-7-22T21:00:00.000,options,put
337,1626706320000,34.85,37.25,34.55,35.9,95775,1345575,15650,weekly,2021-7-22T21:00:00.000,options,put
338,1626706380000,35.9,37.1,35.2,36.05,52200,1345575,15650,weekly,2021-7-22T21:00:00.000,options,put
339,1626706440000,36.15,36.5,34.35,34.6,39975,1346700,15650,weekly,2021-7-22T21:00:00.000,options,put
340,1626706500000,34.65,36.2,33.95,35.0,91275,1346700,15650,weekly,2021-7-22T21:00:00.000,options,put
341,1626706560000,35.0,36.15,34.35,34.65,41250,1346700,15650,weekly,2021-7-22T21:00:00.000,options,put
342,1626706620000,34.45,35.4,33.95,33.95,47475,1340025,15650,weekly,2021-7-22T21:00:00.000,options,put
343,1626706680000,33.95,34.25,33.15,33.55,57225,1340025,15650,weekly,2021-7-22T21:00:00.000,options,put
344,1626706740000,33.35,34.3,33.35,33.75,44250,1340025,15650,weekly,2021-7-22T21:00:00.000,options,put
345,1626706800000,33.4,35.5,31.55,35.5,155100,1358100,15650,weekly,2021-7-22T21:00:00.000,options,put
346,1626706860000,35.6,36.35,35.15,35.25,103575,1358100,15650,weekly,2021-7-22T21:00:00.000,options,put
347,1626706920000,35.45,35.55,34.0,34.05,102000,1358100,15650,weekly,2021-7-22T21:00:00.000,options,put
348,1626706980000,33.95,34.0,32.0,33.5,71175,1395825,15650,weekly,2021-7-22T21:00:00.000,options,put
349,1626707040000,33.55,33.95,31.9,31.9,95700,1395825,15650,weekly,2021-7-22T21:00:00.000,options,put
350,1626707100000,31.8,34.0,31.8,32.1,74325,1395825,15650,weekly,2021-7-22T21:00:00.000,options,put
351,1626707160000,32.25,33.0,31.6,32.0,71700,1414875,15650,weekly,2021-7-22T21:00:00.000,options,put
352,1626707220000,31.85,32.05,28.55,29.5,208500,1414875,15650,weekly,2021-7-22T21:00:00.000,options,put
353,1626707280000,29.25,29.3,27.85,28.95,133350,1414875,15650,weekly,2021-7-22T21:00:00.000,options,put
354,1626707340000,28.95,29.0,27.75,27.75,87750,1428750,15650,weekly,2021-7-22T21:00:00.000,options,put
355,1626707400000,27.6,29.25,27.4,29.1,130575,1428750,15650,weekly,2021-7-22T21:00:00.000,options,put
356,1626707460000,29.05,29.3,27.8,28.35,85950,1428750,15650,weekly,2021-7-22T21:00:00.000,options,put
357,1626707520000,28.3,28.45,26.8,27.05,88950,1399500,15650,weekly,2021-7-22T21:00:00.000,options,put
358,1626707580000,27.05,27.1,25.35,26.1,102825,1399500,15650,weekly,2021-7-22T21:00:00.000,options,put
359,1626707640000,26.3,27.2,25.8,26.65,75000,1399500,15650,weekly,2021-7-22T21:00:00.000,options,put
360,1626707700000,26.65,26.7,25.4,25.85,114525,1413975,15650,weekly,2021-7-22T21:00:00.000,options,put
361,1626707760000,25.9,26.7,25.3,26.5,66525,1413975,15650,weekly,2021-7-22T21:00:00.000,options,put
362,1626707820000,26.45,26.55,25.45,26.0,85800,1413975,15650,weekly,2021-7-22T21:00:00.000,options,put
363,1626707880000,25.7,26.25,25.45,25.85,58200,1420725,15650,weekly,2021-7-22T21:00:00.000,options,put
364,1626707940000,25.55,26.0,25.0,25.4,76275,1420725,15650,weekly,2021-7-22T21:00:00.000,options,put
365,1626708000000,25.1,25.2,24.2,25.05,163650,1420725,15650,weekly,2021-7-22T21:00:00.000,options,put
366,1626708060000,25.0,25.15,24.3,25.0,76725,1399350,15650,weekly,2021-7-22T21:00:00.000,options,put
367,1626708120000,24.95,25.0,24.15,24.6,86700,1399350,15650,weekly,2021-7-22T21:00:00.000,options,put
368,1626708180000,24.45,25.0,23.8,24.3,164925,1399350,15650,weekly,2021-7-22T21:00:00.000,options,put
369,1626708240000,24.35,24.95,24.3,24.8,102150,1373475,15650,weekly,2021-7-22T21:00:00.000,options,put
370,1626708300000,24.75,25.05,24.45,24.8,144000,1373475,15650,weekly,2021-7-22T21:00:00.000,options,put
371,1626708360000,24.65,25.2,24.6,25.0,88500,1373475,15650,weekly,2021-7-22T21:00:00.000,options,put
372,1626708420000,24.9,25.85,24.9,25.7,59550,1398600,15650,weekly,2021-7-22T21:00:00.000,options,put
373,1626708480000,25.7,26.5,25.55,26.5,73425,1398600,15650,weekly,2021-7-22T21:00:00.000,options,put
374,1626708540000,26.55,26.9,25.25,26.0,90975,1398600,15650,weekly,2021-7-22T21:00:00.000,options,put
