,timestamp,open,high,low,close,volume,open_interest,strike,expiry_type,expiry,instrument,contract_type
0,1618218900000,253.55,253.55,227.8,233.45,2775,7500,14450,weekly,2021-4-15T21:00:00.000,options,call
1,1618218960000,234.6,234.6,230.0,231.0,3525,7500,14450,weekly,2021-4-15T21:00:00.000,options,call
2,1618219020000,228.5,228.5,214.75,215.6,7650,12225,14450,weekly,2021-4-15T21:00:00.000,options,call
3,1618219080000,215.6,216.25,210.2,212.1,11100,12225,14450,weekly,2021-4-15T21:00:00.000,options,call
4,1618219140000,212.1,212.4,199.15,200.1,8550,12225,14450,weekly,2021-4-15T21:00:00.000,options,call
5,1618219200000,198.35,198.35,175.3,184.4,20325,29250,14450,weekly,2021-4-15T21:00:00.000,options,call
6,1618219260000,187.0,187.0,178.9,184.05,22500,29250,14450,weekly,2021-4-15T21:00:00.000,options,call
7,1618219320000,184.05,189.0,181.05,187.4,11850,29250,14450,weekly,2021-4-15T21:00:00.000,options,call
8,1618219380000,187.4,188.65,181.6,181.6,7275,50400,14450,weekly,2021-4-15T21:00:00.000,options,call
9,1618219440000,180.2,180.2,157.55,158.65,20175,50400,14450,weekly,2021-4-15T21:00:00.000,options,call
10,1618219500000,159.75,173.0,157.05,170.95,30750,50400,14450,weekly,2021-4-15T21:00:00.000,options,call
11,1618219560000,170.65,174.2,167.1,171.3,18000,59775,14450,weekly,2021-4-15T21:00:00.000,options,call
12,1618219620000,168.65,169.6,162.0,167.35,11025,59775,14450,weekly,2021-4-15T21:00:00.000,options,call
13,1618219680000,166.55,166.9,152.1,157.4,33000,59775,14450,weekly,2021-4-15T21:00:00.000,options,call
14,1618219740000,158.05,158.35,150.25,151.45,35700,79725,14450,weekly,2021-4-15T21:00:00.000,options,call
15,1618219800000,148.5,148.5,139.45,139.7,73200,79725,14450,weekly,2021-4-15T21:00:00.000,options,call
16,1618219860000,138.65,141.2,128.9,137.75,86325,79725,14450,weekly,2021-4-15T21:00:00.000,options,call
17,1618219920000,137.0,139.4,131.25,134.6,57975,97875,14450,weekly,2021-4-15T21:00:00.000,options,call
18,1618219980000,134.4,140.0,132.6,139.15,48900,97875,14450,weekly,2021-4-15T21:00:00.000,options,call
19,1618220040000,139.7,139.7,127.55,131.1,59250,97875,14450,weekly,2021-4-15T21:00:00.000,options,call
20,1618220100000,130.0,130.4,122.3,128.65,73425,135975,14450,weekly,2021-4-15T21:00:00.000,options,call
21,1618220160000,128.2,134.45,127.05,132.0,54900,135975,14450,weekly,2021-4-15T21:00:00.000,options,call
22,1618220220000,132.25,144.7,132.2,142.95,84975,135975,14450,weekly,2021-4-15T21:00:00.000,options,call
23,1618220280000,143.15,157.5,142.35,157.5,113325,171000,14450,weekly,2021-4-15T21:00:00.000,options,call
24,1618220340000,154.25,159.4,143.45,148.5,102225,171000,14450,weekly,2021-4-15T21:00:00.000,options,call
25,1618220400000,148.95,155.1,144.45,155.1,54675,171000,14450,weekly,2021-4-15T21:00:00.000,options,call
26,1618220460000,156.2,158.0,153.75,157.5,60975,207150,14450,weekly,2021-4-15T21:00:00.000,options,call
27,1618220520000,157.85,161.15,151.25,154.25,62325,207150,14450,weekly,2021-4-15T21:00:00.000,options,call
28,1618220580000,155.9,158.0,152.5,156.4,33075,207150,14450,weekly,2021-4-15T21:00:00.000,options,call
29,1618220640000,157.6,158.9,155.0,158.0,28350,209175,14450,weekly,2021-4-15T21:00:00.000,options,call
30,1618220700000,157.7,161.45,153.0,161.45,54525,209175,14450,weekly,2021-4-15T21:00:00.000,options,call
31,1618220760000,160.85,162.75,147.0,150.55,48525,209175,14450,weekly,2021-4-15T21:00:00.000,options,call
32,1618220820000,149.7,150.8,144.6,149.3,30300,221550,14450,weekly,2021-4-15T21:00:00.000,options,call
33,1618220880000,149.3,159.0,149.2,157.0,37950,221550,14450,weekly,2021-4-15T21:00:00.000,options,call
34,1618220940000,157.1,160.25,147.45,154.3,36150,221550,14450,weekly,2021-4-15T21:00:00.000,options,call
35,1618221000000,152.0,157.7,149.4,157.1,23400,223200,14450,weekly,2021-4-15T21:00:00.000,options,call
36,1618221060000,157.25,158.0,153.25,156.7,16125,223200,14450,weekly,2021-4-15T21:00:00.000,options,call
37,1618221120000,156.75,157.5,152.75,155.45,8625,223200,14450,weekly,2021-4-15T21:00:00.000,options,call
38,1618221180000,155.45,159.5,154.0,156.5,20175,256575,14450,weekly,2021-4-15T21:00:00.000,options,call
39,1618221240000,157.0,158.0,150.0,150.0,44550,256575,14450,weekly,2021-4-15T21:00:00.000,options,call
40,1618221300000,149.0,156.85,148.15,156.7,19050,256575,14450,weekly,2021-4-15T21:00:00.000,options,call
41,1618221360000,155.0,156.8,153.35,154.45,11625,246675,14450,weekly,2021-4-15T21:00:00.000,options,call
42,1618221420000,154.05,156.85,150.15,150.8,15300,246675,14450,weekly,2021-4-15T21:00:00.000,options,call
43,1618221480000,149.7,157.75,149.7,156.4,25725,246675,14450,weekly,2021-4-15T21:00:00.000,options,call
44,1618221540000,156.8,161.8,154.8,158.7,40575,243000,14450,weekly,2021-4-15T21:00:00.000,options,call
45,1618221600000,157.4,158.65,152.55,156.85,24675,243000,14450,weekly,2021-4-15T21:00:00.000,options,call
46,1618221660000,154.95,155.6,148.75,149.85,22350,243000,14450,weekly,2021-4-15T21:00:00.000,options,call
47,1618221720000,149.0,149.85,144.65,146.3,21450,245925,14450,weekly,2021-4-15T21:00:00.000,options,call
48,1618221780000,148.15,149.35,144.25,144.25,9525,245925,14450,weekly,2021-4-15T21:00:00.000,options,call
49,1618221840000,144.25,145.0,139.3,142.95,38475,245925,14450,weekly,2021-4-15T21:00:00.000,options,call
50,1618221900000,142.45,145.65,140.0,144.45,31425,262575,14450,weekly,2021-4-15T21:00:00.000,options,call
51,1618221960000,143.9,144.1,140.75,143.05,19650,262575,14450,weekly,2021-4-15T21:00:00.000,options,call
52,1618222020000,141.4,145.4,140.0,144.75,30150,262575,14450,weekly,2021-4-15T21:00:00.000,options,call
53,1618222080000,145.65,149.95,145.55,149.95,22050,274800,14450,weekly,2021-4-15T21:00:00.000,options,call
54,1618222140000,150.0,151.0,147.2,147.6,47100,274800,14450,weekly,2021-4-15T21:00:00.000,options,call
55,1618222200000,147.9,147.9,142.45,143.85,13875,274800,14450,weekly,2021-4-15T21:00:00.000,options,call
56,1618222260000,141.0,142.6,138.0,142.05,36375,272475,14450,weekly,2021-4-15T21:00:00.000,options,call
57,1618222320000,143.0,143.95,140.0,140.0,18300,272475,14450,weekly,2021-4-15T21:00:00.000,options,call
58,1618222380000,140.6,141.85,137.5,137.5,23400,272475,14450,weekly,2021-4-15T21:00:00.000,options,call
59,1618222440000,137.95,138.5,133.4,133.4,27600,281850,14450,weekly,2021-4-15T21:00:00.000,options,call
60,1618222500000,133.85,133.85,125.3,126.35,83925,281850,14450,weekly,2021-4-15T21:00:00.000,options,call
61,1618222560000,126.25,131.0,124.85,125.0,50700,281850,14450,weekly,2021-4-15T21:00:00.000,options,call
62,1618222620000,126.0,128.6,122.1,127.1,63525,297675,14450,weekly,2021-4-15T21:00:00.000,options,call
63,1618222680000,126.95,131.95,126.95,130.65,42375,297675,14450,weekly,2021-4-15T21:00:00.000,options,call
64,1618222740000,130.75,131.4,127.9,130.5,42900,297675,14450,weekly,2021-4-15T21:00:00.000,options,call
65,1618222800000,129.25,133.0,127.65,131.5,29475,325950,14450,weekly,2021-4-15T21:00:00.000,options,call
66,1618222860000,131.5,133.75,127.05,128.1,50100,325950,14450,weekly,2021-4-15T21:00:00.000,options,call
67,1618222920000,126.5,130.0,125.6,128.4,24675,325950,14450,weekly,2021-4-15T21:00:00.000,options,call
68,1618222980000,128.4,131.5,124.8,130.0,37725,350850,14450,weekly,2021-4-15T21:00:00.000,options,call
69,1618223040000,129.4,130.4,127.0,128.25,23925,350850,14450,weekly,2021-4-15T21:00:00.000,options,call
70,1618223100000,128.25,129.55,124.35,127.45,23550,350850,14450,weekly,2021-4-15T21:00:00.000,options,call
71,1618223160000,128.35,128.35,124.65,125.9,20400,367725,14450,weekly,2021-4-15T21:00:00.000,options,call
72,1618223220000,125.25,131.4,124.05,130.0,31425,367725,14450,weekly,2021-4-15T21:00:00.000,options,call
73,1618223280000,130.65,130.65,126.95,127.25,17325,367725,14450,weekly,2021-4-15T21:00:00.000,options,call
74,1618223340000,126.5,129.3,125.15,128.45,21000,386325,14450,weekly,2021-4-15T21:00:00.000,options,call
75,1618223400000,128.4,128.4,121.15,126.0,70050,386325,14450,weekly,2021-4-15T21:00:00.000,options,call
76,1618223460000,126.4,129.9,125.8,129.4,31275,386325,14450,weekly,2021-4-15T21:00:00.000,options,call
77,1618223520000,129.4,131.0,128.0,129.2,27675,397650,14450,weekly,2021-4-15T21:00:00.000,options,call
78,1618223580000,129.2,130.1,127.05,128.85,18150,397650,14450,weekly,2021-4-15T21:00:00.000,options,call
79,1618223640000,128.8,129.9,127.35,127.5,11250,397650,14450,weekly,2021-4-15T21:00:00.000,options,call
80,1618223700000,126.05,128.25,124.1,124.7,37200,407775,14450,weekly,2021-4-15T21:00:00.000,options,call
81,1618223760000,124.65,125.05,119.3,121.2,76350,407775,14450,weekly,2021-4-15T21:00:00.000,options,call
82,1618223820000,121.0,122.05,115.05,118.7,95775,407775,14450,weekly,2021-4-15T21:00:00.000,options,call
83,1618223880000,118.4,118.4,110.35,116.15,93525,482325,14450,weekly,2021-4-15T21:00:00.000,options,call
84,1618223940000,115.55,116.45,113.0,114.9,40500,482325,14450,weekly,2021-4-15T21:00:00.000,options,call
85,1618224000000,114.5,114.5,108.0,109.95,61725,482325,14450,weekly,2021-4-15T21:00:00.000,options,call
86,1618224060000,108.55,112.9,106.25,112.35,66075,511200,14450,weekly,2021-4-15T21:00:00.000,options,call
87,1618224120000,113.45,119.2,112.8,118.15,66150,511200,14450,weekly,2021-4-15T21:00:00.000,options,call
88,1618224180000,118.2,119.75,115.8,118.6,47925,511200,14450,weekly,2021-4-15T21:00:00.000,options,call
89,1618224240000,118.4,119.8,115.6,118.7,34500,519825,14450,weekly,2021-4-15T21:00:00.000,options,call
90,1618224300000,118.8,122.6,118.75,122.6,68925,519825,14450,weekly,2021-4-15T21:00:00.000,options,call
91,1618224360000,122.45,126.65,118.8,125.25,85950,519825,14450,weekly,2021-4-15T21:00:00.000,options,call
92,1618224420000,126.0,126.4,122.8,124.4,43125,521475,14450,weekly,2021-4-15T21:00:00.000,options,call
93,1618224480000,124.5,128.55,124.5,127.2,46050,521475,14450,weekly,2021-4-15T21:00:00.000,options,call
94,1618224540000,126.9,131.15,126.1,129.6,86700,521475,14450,weekly,2021-4-15T21:00:00.000,options,call
95,1618224600000,129.6,132.95,126.85,130.85,93300,511200,14450,weekly,2021-4-15T21:00:00.000,options,call
96,1618224660000,131.85,132.0,127.75,130.1,60000,511200,14450,weekly,2021-4-15T21:00:00.000,options,call
97,1618224720000,130.25,130.7,127.85,127.85,24600,511200,14450,weekly,2021-4-15T21:00:00.000,options,call
98,1618224780000,128.15,131.75,127.65,127.8,41175,517200,14450,weekly,2021-4-15T21:00:00.000,options,call
99,1618224840000,127.05,130.4,124.1,129.15,57675,517200,14450,weekly,2021-4-15T21:00:00.000,options,call
100,1618224900000,129.35,130.3,124.5,124.6,28725,517200,14450,weekly,2021-4-15T21:00:00.000,options,call
101,1618224960000,125.9,128.0,123.75,127.6,29025,530475,14450,weekly,2021-4-15T21:00:00.000,options,call
102,1618225020000,128.8,128.8,125.55,126.5,26700,530475,14450,weekly,2021-4-15T21:00:00.000,options,call
103,1618225080000,126.95,129.5,125.5,129.15,20025,530475,14450,weekly,2021-4-15T21:00:00.000,options,call
104,1618225140000,129.0,133.9,127.55,133.65,59925,516150,14450,weekly,2021-4-15T21:00:00.000,options,call
105,1618225200000,134.55,134.55,129.95,131.4,54000,516150,14450,weekly,2021-4-15T21:00:00.000,options,call
106,1618225260000,131.05,131.35,126.8,129.8,32325,516150,14450,weekly,2021-4-15T21:00:00.000,options,call
107,1618225320000,129.05,130.0,127.2,128.8,17700,519075,14450,weekly,2021-4-15T21:00:00.000,options,call
108,1618225380000,128.75,129.75,126.85,126.85,23625,519075,14450,weekly,2021-4-15T21:00:00.000,options,call
109,1618225440000,126.85,128.85,126.85,128.75,18075,519075,14450,weekly,2021-4-15T21:00:00.000,options,call
110,1618225500000,128.6,128.9,124.45,127.7,22500,527100,14450,weekly,2021-4-15T21:00:00.000,options,call
111,1618225560000,126.7,126.9,123.3,124.0,27525,527100,14450,weekly,2021-4-15T21:00:00.000,options,call
112,1618225620000,123.75,125.65,122.85,125.2,19575,527100,14450,weekly,2021-4-15T21:00:00.000,options,call
113,1618225680000,125.1,126.75,124.7,125.35,18375,524325,14450,weekly,2021-4-15T21:00:00.000,options,call
114,1618225740000,125.7,125.75,123.0,124.0,24825,524325,14450,weekly,2021-4-15T21:00:00.000,options,call
115,1618225800000,123.55,125.5,118.95,125.2,69225,524325,14450,weekly,2021-4-15T21:00:00.000,options,call
116,1618225860000,125.2,126.15,122.25,123.0,26775,531825,14450,weekly,2021-4-15T21:00:00.000,options,call
117,1618225920000,123.0,123.7,120.0,122.0,20325,531825,14450,weekly,2021-4-15T21:00:00.000,options,call
118,1618225980000,122.0,122.0,119.3,121.55,26025,531825,14450,weekly,2021-4-15T21:00:00.000,options,call
119,1618226040000,120.45,120.45,116.95,120.15,43800,533250,14450,weekly,2021-4-15T21:00:00.000,options,call
120,1618226100000,119.75,121.7,118.65,119.95,26250,533250,14450,weekly,2021-4-15T21:00:00.000,options,call
121,1618226160000,119.65,120.8,118.0,119.0,22950,533250,14450,weekly,2021-4-15T21:00:00.000,options,call
122,1618226220000,118.85,119.15,117.3,118.85,29925,535725,14450,weekly,2021-4-15T21:00:00.000,options,call
123,1618226280000,119.0,121.6,116.8,120.75,32925,535725,14450,weekly,2021-4-15T21:00:00.000,options,call
124,1618226340000,120.5,121.35,118.25,119.55,31875,535725,14450,weekly,2021-4-15T21:00:00.000,options,call
125,1618226400000,119.55,119.6,117.0,118.25,34500,561150,14450,weekly,2021-4-15T21:00:00.000,options,call
126,1618226460000,118.35,120.3,117.25,119.1,12825,561150,14450,weekly,2021-4-15T21:00:00.000,options,call
127,1618226520000,119.1,121.1,118.55,120.0,17475,561150,14450,weekly,2021-4-15T21:00:00.000,options,call
128,1618226580000,120.0,121.3,118.75,118.75,22125,560100,14450,weekly,2021-4-15T21:00:00.000,options,call
129,1618226640000,118.85,120.3,116.3,119.8,32625,560100,14450,weekly,2021-4-15T21:00:00.000,options,call
130,1618226700000,120.85,120.85,116.55,118.3,25200,560100,14450,weekly,2021-4-15T21:00:00.000,options,call
131,1618226760000,118.3,119.45,116.55,117.0,24225,564750,14450,weekly,2021-4-15T21:00:00.000,options,call
132,1618226820000,117.0,117.5,112.4,115.15,85350,564750,14450,weekly,2021-4-15T21:00:00.000,options,call
133,1618226880000,115.95,116.0,113.5,114.0,25800,564750,14450,weekly,2021-4-15T21:00:00.000,options,call
134,1618226940000,114.45,115.95,110.25,110.25,57750,574425,14450,weekly,2021-4-15T21:00:00.000,options,call
135,1618227000000,110.7,116.1,108.9,115.45,93675,574425,14450,weekly,2021-4-15T21:00:00.000,options,call
136,1618227060000,115.45,115.9,113.65,115.2,37575,574425,14450,weekly,2021-4-15T21:00:00.000,options,call
137,1618227120000,115.0,116.25,113.3,113.95,33825,584025,14450,weekly,2021-4-15T21:00:00.000,options,call
138,1618227180000,113.7,115.4,111.5,112.3,36750,584025,14450,weekly,2021-4-15T21:00:00.000,options,call
139,1618227240000,112.1,113.0,108.95,108.95,84150,584025,14450,weekly,2021-4-15T21:00:00.000,options,call
140,1618227300000,109.55,111.9,107.4,108.45,105750,594450,14450,weekly,2021-4-15T21:00:00.000,options,call
141,1618227360000,107.6,109.45,104.0,109.25,71325,594450,14450,weekly,2021-4-15T21:00:00.000,options,call
142,1618227420000,109.55,112.95,109.2,110.95,94725,594450,14450,weekly,2021-4-15T21:00:00.000,options,call
143,1618227480000,110.9,114.1,110.9,113.05,39450,608100,14450,weekly,2021-4-15T21:00:00.000,options,call
144,1618227540000,112.85,114.0,111.5,111.6,58275,608100,14450,weekly,2021-4-15T21:00:00.000,options,call
145,1618227600000,111.55,111.85,107.05,107.5,53325,608100,14450,weekly,2021-4-15T21:00:00.000,options,call
146,1618227660000,107.8,109.2,106.3,106.5,33600,629625,14450,weekly,2021-4-15T21:00:00.000,options,call
147,1618227720000,106.75,107.25,103.2,104.35,66150,629625,14450,weekly,2021-4-15T21:00:00.000,options,call
148,1618227780000,104.15,105.1,100.85,102.95,79725,629625,14450,weekly,2021-4-15T21:00:00.000,options,call
149,1618227840000,102.5,106.45,101.95,106.2,62775,640425,14450,weekly,2021-4-15T21:00:00.000,options,call
150,1618227900000,106.5,107.5,103.45,106.2,47175,640425,14450,weekly,2021-4-15T21:00:00.000,options,call
151,1618227960000,106.1,110.0,105.2,109.5,62325,640425,14450,weekly,2021-4-15T21:00:00.000,options,call
152,1618228020000,109.7,109.85,107.25,108.35,33075,646875,14450,weekly,2021-4-15T21:00:00.000,options,call
153,1618228080000,107.6,110.4,107.15,110.4,25950,646875,14450,weekly,2021-4-15T21:00:00.000,options,call
154,1618228140000,111.0,111.0,107.7,108.4,15900,646875,14450,weekly,2021-4-15T21:00:00.000,options,call
155,1618228200000,108.55,109.3,105.45,105.5,39375,655275,14450,weekly,2021-4-15T21:00:00.000,options,call
156,1618228260000,105.4,108.0,104.1,104.8,33300,655275,14450,weekly,2021-4-15T21:00:00.000,options,call
157,1618228320000,105.0,105.75,102.9,104.25,33675,655275,14450,weekly,2021-4-15T21:00:00.000,options,call
158,1618228380000,104.0,106.5,104.0,105.0,31800,665175,14450,weekly,2021-4-15T21:00:00.000,options,call
159,1618228440000,105.05,106.0,98.65,101.6,81675,665175,14450,weekly,2021-4-15T21:00:00.000,options,call
160,1618228500000,101.95,102.0,98.95,99.5,64425,665175,14450,weekly,2021-4-15T21:00:00.000,options,call
161,1618228560000,99.0,101.55,96.9,101.05,71550,681375,14450,weekly,2021-4-15T21:00:00.000,options,call
162,1618228620000,100.7,102.35,99.75,99.85,42525,681375,14450,weekly,2021-4-15T21:00:00.000,options,call
163,1618228680000,99.85,100.25,98.05,99.6,33375,681375,14450,weekly,2021-4-15T21:00:00.000,options,call
164,1618228740000,100.25,100.25,98.75,99.6,35775,707475,14450,weekly,2021-4-15T21:00:00.000,options,call
165,1618228800000,99.75,99.75,95.0,97.3,79275,707475,14450,weekly,2021-4-15T21:00:00.000,options,call
166,1618228860000,97.25,97.6,94.1,96.0,43725,707475,14450,weekly,2021-4-15T21:00:00.000,options,call
167,1618228920000,94.75,95.8,92.8,94.0,53925,706575,14450,weekly,2021-4-15T21:00:00.000,options,call
168,1618228980000,94.3,97.0,93.95,95.55,58125,706575,14450,weekly,2021-4-15T21:00:00.000,options,call
169,1618229040000,95.3,96.3,90.3,91.4,62025,706575,14450,weekly,2021-4-15T21:00:00.000,options,call
170,1618229100000,91.25,93.35,88.0,89.95,90825,721350,14450,weekly,2021-4-15T21:00:00.000,options,call
171,1618229160000,89.8,89.8,85.2,87.6,107475,721350,14450,weekly,2021-4-15T21:00:00.000,options,call
172,1618229220000,87.3,90.9,87.0,89.55,85875,721350,14450,weekly,2021-4-15T21:00:00.000,options,call
173,1618229280000,89.9,92.25,87.6,89.05,54225,721350,14450,weekly,2021-4-15T21:00:00.000,options,call
174,1618229340000,88.35,88.7,82.75,83.0,72000,738150,14450,weekly,2021-4-15T21:00:00.000,options,call
175,1618229400000,82.7,88.2,82.4,88.2,70275,738150,14450,weekly,2021-4-15T21:00:00.000,options,call
176,1618229460000,88.1,88.8,84.55,87.5,51825,738150,14450,weekly,2021-4-15T21:00:00.000,options,call
177,1618229520000,87.45,88.35,85.05,87.5,62400,748950,14450,weekly,2021-4-15T21:00:00.000,options,call
178,1618229580000,87.7,91.75,87.4,90.75,69000,748950,14450,weekly,2021-4-15T21:00:00.000,options,call
179,1618229640000,90.95,92.8,89.85,91.6,37575,748950,14450,weekly,2021-4-15T21:00:00.000,options,call
180,1618229700000,91.75,94.25,90.4,92.2,47775,753975,14450,weekly,2021-4-15T21:00:00.000,options,call
181,1618229760000,92.0,95.2,92.0,93.25,59325,753975,14450,weekly,2021-4-15T21:00:00.000,options,call
182,1618229820000,93.3,96.65,92.2,96.15,52950,753975,14450,weekly,2021-4-15T21:00:00.000,options,call
183,1618229880000,96.2,96.7,90.25,91.85,31725,746175,14450,weekly,2021-4-15T21:00:00.000,options,call
184,1618229940000,91.9,92.25,87.7,88.6,39375,746175,14450,weekly,2021-4-15T21:00:00.000,options,call
185,1618230000000,89.05,89.05,85.0,88.35,40275,746175,14450,weekly,2021-4-15T21:00:00.000,options,call
186,1618230060000,88.25,92.1,88.15,92.1,28425,723300,14450,weekly,2021-4-15T21:00:00.000,options,call
187,1618230120000,92.5,94.5,90.25,93.35,42975,723300,14450,weekly,2021-4-15T21:00:00.000,options,call
188,1618230180000,93.0,94.0,89.55,89.55,16800,723300,14450,weekly,2021-4-15T21:00:00.000,options,call
189,1618230240000,89.65,93.4,89.15,93.0,23475,705525,14450,weekly,2021-4-15T21:00:00.000,options,call
190,1618230300000,92.7,93.95,91.15,93.0,14250,705525,14450,weekly,2021-4-15T21:00:00.000,options,call
191,1618230360000,93.5,98.35,92.7,96.5,64725,705525,14450,weekly,2021-4-15T21:00:00.000,options,call
192,1618230420000,96.55,97.2,90.7,91.5,35775,695775,14450,weekly,2021-4-15T21:00:00.000,options,call
193,1618230480000,91.75,93.0,90.6,92.4,21525,695775,14450,weekly,2021-4-15T21:00:00.000,options,call
194,1618230540000,91.65,95.45,91.65,94.7,29100,695775,14450,weekly,2021-4-15T21:00:00.000,options,call
195,1618230600000,93.95,94.05,90.75,94.05,40200,701475,14450,weekly,2021-4-15T21:00:00.000,options,call
196,1618230660000,94.85,96.05,89.45,90.55,54975,701475,14450,weekly,2021-4-15T21:00:00.000,options,call
197,1618230720000,92.0,93.1,88.65,89.5,22650,701475,14450,weekly,2021-4-15T21:00:00.000,options,call
198,1618230780000,88.7,90.0,87.1,89.1,26775,714300,14450,weekly,2021-4-15T21:00:00.000,options,call
199,1618230840000,88.6,89.35,85.25,86.05,29025,714300,14450,weekly,2021-4-15T21:00:00.000,options,call
200,1618230900000,86.55,87.8,83.2,87.8,42975,714300,14450,weekly,2021-4-15T21:00:00.000,options,call
201,1618230960000,87.45,91.75,86.85,91.45,29025,715275,14450,weekly,2021-4-15T21:00:00.000,options,call
202,1618231020000,91.55,92.3,90.0,91.3,24075,715275,14450,weekly,2021-4-15T21:00:00.000,options,call
203,1618231080000,91.1,92.8,89.3,92.8,17625,715275,14450,weekly,2021-4-15T21:00:00.000,options,call
204,1618231140000,92.85,94.95,91.45,93.5,25425,712125,14450,weekly,2021-4-15T21:00:00.000,options,call
205,1618231200000,94.0,95.65,91.9,93.15,32175,712125,14450,weekly,2021-4-15T21:00:00.000,options,call
206,1618231260000,93.0,95.6,91.15,93.45,33975,712125,14450,weekly,2021-4-15T21:00:00.000,options,call
207,1618231320000,93.2,96.55,93.15,96.25,28425,699000,14450,weekly,2021-4-15T21:00:00.000,options,call
208,1618231380000,95.55,97.8,93.6,97.8,42525,699000,14450,weekly,2021-4-15T21:00:00.000,options,call
209,1618231440000,97.6,98.4,95.65,97.85,49650,699000,14450,weekly,2021-4-15T21:00:00.000,options,call
210,1618231500000,97.4,99.8,95.2,95.2,67575,707925,14450,weekly,2021-4-15T21:00:00.000,options,call
211,1618231560000,95.2,96.05,91.25,92.45,32850,707925,14450,weekly,2021-4-15T21:00:00.000,options,call
212,1618231620000,92.95,92.95,89.15,90.3,26250,707925,14450,weekly,2021-4-15T21:00:00.000,options,call
213,1618231680000,90.35,93.5,90.35,92.8,24975,717450,14450,weekly,2021-4-15T21:00:00.000,options,call
214,1618231740000,92.8,93.4,91.4,92.75,15150,717450,14450,weekly,2021-4-15T21:00:00.000,options,call
215,1618231800000,91.8,94.25,90.95,93.85,21375,717450,14450,weekly,2021-4-15T21:00:00.000,options,call
216,1618231860000,94.2,94.25,92.3,93.05,15150,709650,14450,weekly,2021-4-15T21:00:00.000,options,call
217,1618231920000,93.15,93.15,88.6,90.5,46050,709650,14450,weekly,2021-4-15T21:00:00.000,options,call
218,1618231980000,90.2,90.2,86.25,87.95,45525,709650,14450,weekly,2021-4-15T21:00:00.000,options,call
219,1618232040000,87.95,87.95,85.25,87.35,32775,711600,14450,weekly,2021-4-15T21:00:00.000,options,call
220,1618232100000,87.15,87.6,85.4,87.35,20250,711600,14450,weekly,2021-4-15T21:00:00.000,options,call
221,1618232160000,87.35,88.15,85.3,86.8,21975,711600,14450,weekly,2021-4-15T21:00:00.000,options,call
222,1618232220000,86.75,88.5,85.9,86.0,19650,718350,14450,weekly,2021-4-15T21:00:00.000,options,call
223,1618232280000,86.35,87.15,84.45,86.35,24825,718350,14450,weekly,2021-4-15T21:00:00.000,options,call
224,1618232340000,86.25,89.0,86.25,86.45,14850,718350,14450,weekly,2021-4-15T21:00:00.000,options,call
225,1618232400000,86.45,91.75,85.25,91.15,28725,726675,14450,weekly,2021-4-15T21:00:00.000,options,call
226,1618232460000,91.45,91.8,89.95,91.2,17475,726675,14450,weekly,2021-4-15T21:00:00.000,options,call
227,1618232520000,91.1,92.85,89.85,91.75,32250,726675,14450,weekly,2021-4-15T21:00:00.000,options,call
228,1618232580000,91.25,91.35,87.7,87.7,13500,709125,14450,weekly,2021-4-15T21:00:00.000,options,call
229,1618232640000,87.85,89.3,86.25,89.2,10200,709125,14450,weekly,2021-4-15T21:00:00.000,options,call
230,1618232700000,89.2,89.45,86.8,88.35,6525,709125,14450,weekly,2021-4-15T21:00:00.000,options,call
231,1618232760000,89.0,90.9,88.8,90.15,11550,710625,14450,weekly,2021-4-15T21:00:00.000,options,call
232,1618232820000,90.15,90.85,86.8,87.0,14250,710625,14450,weekly,2021-4-15T21:00:00.000,options,call
233,1618232880000,87.0,87.45,85.8,86.4,15825,710625,14450,weekly,2021-4-15T21:00:00.000,options,call
234,1618232940000,86.4,86.65,84.55,85.0,31650,725400,14450,weekly,2021-4-15T21:00:00.000,options,call
235,1618233000000,84.9,87.0,83.35,86.55,31275,725400,14450,weekly,2021-4-15T21:00:00.000,options,call
236,1618233060000,86.45,88.35,86.0,88.1,27150,725400,14450,weekly,2021-4-15T21:00:00.000,options,call
237,1618233120000,88.1,90.7,87.9,89.65,35100,723450,14450,weekly,2021-4-15T21:00:00.000,options,call
238,1618233180000,89.65,90.3,88.25,88.85,7500,723450,14450,weekly,2021-4-15T21:00:00.000,options,call
239,1618233240000,88.85,90.05,86.6,86.75,18300,723450,14450,weekly,2021-4-15T21:00:00.000,options,call
240,1618233300000,87.7,89.4,84.4,88.8,29475,727350,14450,weekly,2021-4-15T21:00:00.000,options,call
241,1618233360000,89.25,89.25,85.8,86.15,9825,727350,14450,weekly,2021-4-15T21:00:00.000,options,call
242,1618233420000,85.5,86.6,83.5,86.4,23850,727350,14450,weekly,2021-4-15T21:00:00.000,options,call
243,1618233480000,86.4,86.6,82.05,85.6,33675,732750,14450,weekly,2021-4-15T21:00:00.000,options,call
244,1618233540000,85.85,88.2,85.6,87.8,27975,732750,14450,weekly,2021-4-15T21:00:00.000,options,call
245,1618233600000,87.8,89.5,86.2,88.35,25575,732750,14450,weekly,2021-4-15T21:00:00.000,options,call
246,1618233660000,88.35,90.85,87.7,88.25,33000,725175,14450,weekly,2021-4-15T21:00:00.000,options,call
247,1618233720000,88.35,88.4,84.1,84.65,28200,725175,14450,weekly,2021-4-15T21:00:00.000,options,call
248,1618233780000,85.0,86.8,83.7,84.15,26100,725175,14450,weekly,2021-4-15T21:00:00.000,options,call
249,1618233840000,83.6,86.0,83.4,84.45,19650,739950,14450,weekly,2021-4-15T21:00:00.000,options,call
250,1618233900000,84.25,84.75,81.05,82.65,45225,739950,14450,weekly,2021-4-15T21:00:00.000,options,call
251,1618233960000,83.45,83.45,77.7,79.1,94425,739950,14450,weekly,2021-4-15T21:00:00.000,options,call
252,1618234020000,79.05,80.45,74.65,76.7,87450,761700,14450,weekly,2021-4-15T21:00:00.000,options,call
253,1618234080000,77.05,78.5,75.35,77.4,54600,761700,14450,weekly,2021-4-15T21:00:00.000,options,call
254,1618234140000,77.55,87.0,77.5,86.05,90675,761700,14450,weekly,2021-4-15T21:00:00.000,options,call
255,1618234200000,86.2,90.9,85.85,89.5,145275,752175,14450,weekly,2021-4-15T21:00:00.000,options,call
256,1618234260000,89.0,89.55,85.5,86.35,42750,752175,14450,weekly,2021-4-15T21:00:00.000,options,call
257,1618234320000,86.2,86.7,83.4,83.4,27975,752175,14450,weekly,2021-4-15T21:00:00.000,options,call
258,1618234380000,82.8,86.5,82.6,86.5,45525,741075,14450,weekly,2021-4-15T21:00:00.000,options,call
259,1618234440000,87.0,88.9,85.35,85.6,37500,741075,14450,weekly,2021-4-15T21:00:00.000,options,call
260,1618234500000,85.7,88.2,84.65,88.2,23100,741075,14450,weekly,2021-4-15T21:00:00.000,options,call
261,1618234560000,88.2,88.9,83.85,85.1,22875,747750,14450,weekly,2021-4-15T21:00:00.000,options,call
262,1618234620000,85.1,86.0,80.45,80.45,27750,747750,14450,weekly,2021-4-15T21:00:00.000,options,call
263,1618234680000,80.6,83.5,80.3,82.9,18750,747750,14450,weekly,2021-4-15T21:00:00.000,options,call
264,1618234740000,82.85,84.4,80.95,84.4,51975,753750,14450,weekly,2021-4-15T21:00:00.000,options,call
265,1618234800000,83.55,87.0,83.1,87.0,33300,753750,14450,weekly,2021-4-15T21:00:00.000,options,call
266,1618234860000,87.4,88.45,85.5,86.65,21150,753750,14450,weekly,2021-4-15T21:00:00.000,options,call
267,1618234920000,86.65,87.0,81.85,82.7,29775,753450,14450,weekly,2021-4-15T21:00:00.000,options,call
268,1618234980000,82.7,82.8,78.6,81.25,42000,753450,14450,weekly,2021-4-15T21:00:00.000,options,call
269,1618235040000,80.6,81.65,78.5,80.5,39675,753450,14450,weekly,2021-4-15T21:00:00.000,options,call
270,1618235100000,81.0,82.35,78.0,80.05,38700,779625,14450,weekly,2021-4-15T21:00:00.000,options,call
271,1618235160000,80.6,82.6,79.45,82.5,21450,779625,14450,weekly,2021-4-15T21:00:00.000,options,call
272,1618235220000,83.05,83.05,81.45,82.0,13875,779625,14450,weekly,2021-4-15T21:00:00.000,options,call
273,1618235280000,82.55,82.7,78.7,79.85,18150,782175,14450,weekly,2021-4-15T21:00:00.000,options,call
274,1618235340000,79.85,81.0,78.6,78.8,10275,782175,14450,weekly,2021-4-15T21:00:00.000,options,call
275,1618235400000,78.8,81.2,78.8,80.0,22725,782175,14450,weekly,2021-4-15T21:00:00.000,options,call
276,1618235460000,80.0,80.0,77.05,80.0,26475,791100,14450,weekly,2021-4-15T21:00:00.000,options,call
277,1618235520000,79.8,81.35,79.0,79.6,20250,791100,14450,weekly,2021-4-15T21:00:00.000,options,call
278,1618235580000,79.35,80.0,77.0,79.2,19875,791100,14450,weekly,2021-4-15T21:00:00.000,options,call
279,1618235640000,79.5,80.95,78.75,79.75,18375,796725,14450,weekly,2021-4-15T21:00:00.000,options,call
280,1618235700000,79.6,80.0,76.85,78.45,14475,796725,14450,weekly,2021-4-15T21:00:00.000,options,call
281,1618235760000,78.75,80.6,78.45,79.35,18150,796725,14450,weekly,2021-4-15T21:00:00.000,options,call
282,1618235820000,79.35,80.5,78.3,79.6,12825,798150,14450,weekly,2021-4-15T21:00:00.000,options,call
283,1618235880000,79.8,80.6,78.9,79.4,16200,798150,14450,weekly,2021-4-15T21:00:00.000,options,call
284,1618235940000,79.1,81.2,79.0,79.6,22050,798150,14450,weekly,2021-4-15T21:00:00.000,options,call
285,1618236000000,79.5,81.35,77.4,77.8,33975,792300,14450,weekly,2021-4-15T21:00:00.000,options,call
286,1618236060000,77.8,80.8,77.75,79.7,21675,792300,14450,weekly,2021-4-15T21:00:00.000,options,call
287,1618236120000,79.7,79.8,76.3,79.3,28875,792300,14450,weekly,2021-4-15T21:00:00.000,options,call
288,1618236180000,79.55,81.45,79.5,80.6,27750,789450,14450,weekly,2021-4-15T21:00:00.000,options,call
289,1618236240000,80.55,86.0,80.55,86.0,61275,789450,14450,weekly,2021-4-15T21:00:00.000,options,call
290,1618236300000,87.15,87.6,83.0,84.8,77925,789450,14450,weekly,2021-4-15T21:00:00.000,options,call
291,1618236360000,85.0,85.0,82.4,83.85,34350,759825,14450,weekly,2021-4-15T21:00:00.000,options,call
292,1618236420000,83.85,85.35,82.1,82.1,26250,759825,14450,weekly,2021-4-15T21:00:00.000,options,call
293,1618236480000,82.0,84.75,82.0,84.5,12150,759825,14450,weekly,2021-4-15T21:00:00.000,options,call
294,1618236540000,85.0,85.5,82.25,84.25,24225,760800,14450,weekly,2021-4-15T21:00:00.000,options,call
295,1618236600000,83.95,85.45,81.65,81.75,26850,760800,14450,weekly,2021-4-15T21:00:00.000,options,call
296,1618236660000,81.75,82.6,77.15,77.9,46800,760800,14450,weekly,2021-4-15T21:00:00.000,options,call
297,1618236720000,77.9,80.25,77.3,78.2,28500,764475,14450,weekly,2021-4-15T21:00:00.000,options,call
298,1618236780000,77.55,79.5,77.5,77.65,19725,764475,14450,weekly,2021-4-15T21:00:00.000,options,call
299,1618236840000,77.8,79.1,77.8,78.7,14775,764475,14450,weekly,2021-4-15T21:00:00.000,options,call
300,1618236900000,79.05,81.5,78.5,81.0,23475,771300,14450,weekly,2021-4-15T21:00:00.000,options,call
301,1618236960000,81.05,85.1,81.05,84.5,52800,771300,14450,weekly,2021-4-15T21:00:00.000,options,call
302,1618237020000,84.5,86.1,82.35,83.2,48225,771300,14450,weekly,2021-4-15T21:00:00.000,options,call
303,1618237080000,81.7,82.85,78.1,79.8,41250,770400,14450,weekly,2021-4-15T21:00:00.000,options,call
304,1618237140000,79.0,81.85,78.3,81.15,30975,770400,14450,weekly,2021-4-15T21:00:00.000,options,call
305,1618237200000,80.4,83.0,80.0,80.95,19125,770400,14450,weekly,2021-4-15T21:00:00.000,options,call
306,1618237260000,80.75,82.55,79.1,81.6,17400,772950,14450,weekly,2021-4-15T21:00:00.000,options,call
307,1618237320000,81.6,81.75,79.2,80.85,10800,772950,14450,weekly,2021-4-15T21:00:00.000,options,call
308,1618237380000,81.1,81.65,79.9,81.0,7800,772950,14450,weekly,2021-4-15T21:00:00.000,options,call
309,1618237440000,81.0,82.95,80.0,82.15,27750,771450,14450,weekly,2021-4-15T21:00:00.000,options,call
310,1618237500000,82.3,83.55,79.75,79.75,27675,771450,14450,weekly,2021-4-15T21:00:00.000,options,call
311,1618237560000,79.75,80.25,78.25,79.2,29400,771450,14450,weekly,2021-4-15T21:00:00.000,options,call
312,1618237620000,78.65,81.05,78.65,80.65,15000,774225,14450,weekly,2021-4-15T21:00:00.000,options,call
313,1618237680000,80.65,83.5,80.5,80.65,20700,774225,14450,weekly,2021-4-15T21:00:00.000,options,call
314,1618237740000,80.65,82.6,80.2,82.45,11625,774225,14450,weekly,2021-4-15T21:00:00.000,options,call
315,1618237800000,82.55,84.95,78.1,78.65,70875,774900,14450,weekly,2021-4-15T21:00:00.000,options,call
316,1618237860000,78.25,79.55,66.7,68.9,127950,774900,14450,weekly,2021-4-15T21:00:00.000,options,call
317,1618237920000,68.8,68.8,62.5,67.9,120300,774900,14450,weekly,2021-4-15T21:00:00.000,options,call
318,1618237980000,68.05,72.7,68.05,69.4,74025,780825,14450,weekly,2021-4-15T21:00:00.000,options,call
319,1618238040000,70.0,70.25,64.9,67.85,73875,780825,14450,weekly,2021-4-15T21:00:00.000,options,call
320,1618238100000,67.7,71.6,67.5,69.0,39750,780825,14450,weekly,2021-4-15T21:00:00.000,options,call
321,1618238160000,69.15,70.6,66.8,67.55,32625,771750,14450,weekly,2021-4-15T21:00:00.000,options,call
322,1618238220000,68.0,70.2,66.75,66.75,29850,771750,14450,weekly,2021-4-15T21:00:00.000,options,call
323,1618238280000,67.0,67.35,64.85,66.95,56850,771750,14450,weekly,2021-4-15T21:00:00.000,options,call
324,1618238340000,67.05,69.45,67.05,68.7,44625,780000,14450,weekly,2021-4-15T21:00:00.000,options,call
325,1618238400000,68.55,69.9,68.1,69.5,24525,780000,14450,weekly,2021-4-15T21:00:00.000,options,call
326,1618238460000,69.65,70.0,66.8,67.0,30675,780000,14450,weekly,2021-4-15T21:00:00.000,options,call
327,1618238520000,66.6,69.0,65.4,68.55,48975,786900,14450,weekly,2021-4-15T21:00:00.000,options,call
328,1618238580000,68.35,68.9,66.7,68.65,28275,786900,14450,weekly,2021-4-15T21:00:00.000,options,call
329,1618238640000,68.8,69.5,67.9,67.9,25425,786900,14450,weekly,2021-4-15T21:00:00.000,options,call
330,1618238700000,68.3,70.8,67.6,67.9,49875,793050,14450,weekly,2021-4-15T21:00:00.000,options,call
331,1618238760000,67.85,69.1,64.55,68.45,36975,793050,14450,weekly,2021-4-15T21:00:00.000,options,call
332,1618238820000,68.4,69.7,65.85,68.75,33525,793050,14450,weekly,2021-4-15T21:00:00.000,options,call
333,1618238880000,68.45,68.85,65.5,65.5,31425,794700,14450,weekly,2021-4-15T21:00:00.000,options,call
334,1618238940000,65.05,66.15,58.55,59.75,80325,794700,14450,weekly,2021-4-15T21:00:00.000,options,call
335,1618239000000,59.75,66.25,59.75,65.6,57975,794700,14450,weekly,2021-4-15T21:00:00.000,options,call
336,1618239060000,65.65,68.0,65.2,65.4,27600,814275,14450,weekly,2021-4-15T21:00:00.000,options,call
337,1618239120000,65.35,67.3,63.65,63.7,37725,814275,14450,weekly,2021-4-15T21:00:00.000,options,call
338,1618239180000,62.65,65.5,62.65,64.7,38775,814275,14450,weekly,2021-4-15T21:00:00.000,options,call
339,1618239240000,65.2,66.15,61.85,64.0,45525,807675,14450,weekly,2021-4-15T21:00:00.000,options,call
340,1618239300000,63.9,64.9,62.3,64.15,34800,807675,14450,weekly,2021-4-15T21:00:00.000,options,call
341,1618239360000,63.95,64.0,61.3,62.25,32700,807675,14450,weekly,2021-4-15T21:00:00.000,options,call
342,1618239420000,62.0,62.0,59.0,59.2,73425,814950,14450,weekly,2021-4-15T21:00:00.000,options,call
343,1618239480000,58.9,59.55,56.5,58.6,86625,814950,14450,weekly,2021-4-15T21:00:00.000,options,call
344,1618239540000,58.8,61.35,58.8,60.5,61125,814950,14450,weekly,2021-4-15T21:00:00.000,options,call
345,1618239600000,60.9,65.5,60.9,64.45,80775,786675,14450,weekly,2021-4-15T21:00:00.000,options,call
346,1618239660000,64.1,65.0,61.4,64.3,32700,786675,14450,weekly,2021-4-15T21:00:00.000,options,call
347,1618239720000,64.15,65.0,63.0,64.3,35625,786675,14450,weekly,2021-4-15T21:00:00.000,options,call
348,1618239780000,64.0,66.5,63.9,64.95,61050,758775,14450,weekly,2021-4-15T21:00:00.000,options,call
349,1618239840000,64.95,65.5,63.8,65.4,26325,758775,14450,weekly,2021-4-15T21:00:00.000,options,call
350,1618239900000,65.5,69.0,63.15,64.0,70800,758775,14450,weekly,2021-4-15T21:00:00.000,options,call
351,1618239960000,63.95,65.75,62.3,62.85,35550,742950,14450,weekly,2021-4-15T21:00:00.000,options,call
352,1618240020000,63.1,65.55,62.9,64.35,22650,742950,14450,weekly,2021-4-15T21:00:00.000,options,call
353,1618240080000,64.0,67.55,64.0,65.15,39225,742950,14450,weekly,2021-4-15T21:00:00.000,options,call
354,1618240140000,64.8,66.4,64.8,65.55,24750,732075,14450,weekly,2021-4-15T21:00:00.000,options,call
355,1618240200000,65.75,68.35,64.9,64.9,64575,732075,14450,weekly,2021-4-15T21:00:00.000,options,call
356,1618240260000,65.05,69.15,65.05,67.05,37275,732075,14450,weekly,2021-4-15T21:00:00.000,options,call
357,1618240320000,67.1,69.55,67.05,67.75,44550,702450,14450,weekly,2021-4-15T21:00:00.000,options,call
358,1618240380000,67.9,70.75,67.9,70.7,34350,702450,14450,weekly,2021-4-15T21:00:00.000,options,call
359,1618240440000,70.75,77.75,70.75,75.75,94050,702450,14450,weekly,2021-4-15T21:00:00.000,options,call
360,1618240500000,75.75,81.5,75.75,79.65,93300,681975,14450,weekly,2021-4-15T21:00:00.000,options,call
361,1618240560000,79.7,85.0,79.65,82.7,89700,681975,14450,weekly,2021-4-15T21:00:00.000,options,call
362,1618240620000,81.95,83.0,80.05,81.55,52725,681975,14450,weekly,2021-4-15T21:00:00.000,options,call
363,1618240680000,82.0,85.65,80.3,82.5,68025,678675,14450,weekly,2021-4-15T21:00:00.000,options,call
364,1618240740000,82.8,84.85,82.55,84.3,27075,678675,14450,weekly,2021-4-15T21:00:00.000,options,call
365,1618240800000,84.0,84.5,79.0,79.05,55575,678675,14450,weekly,2021-4-15T21:00:00.000,options,call
366,1618240860000,78.95,80.85,78.05,78.05,39600,672225,14450,weekly,2021-4-15T21:00:00.000,options,call
367,1618240920000,78.35,80.6,78.35,80.5,68250,672225,14450,weekly,2021-4-15T21:00:00.000,options,call
368,1618240980000,80.6,82.5,80.35,82.5,23175,672225,14450,weekly,2021-4-15T21:00:00.000,options,call
369,1618241040000,82.0,83.0,81.9,82.85,29025,631500,14450,weekly,2021-4-15T21:00:00.000,options,call
370,1618241100000,82.7,84.5,82.6,83.4,63600,631500,14450,weekly,2021-4-15T21:00:00.000,options,call
371,1618241160000,83.45,84.45,83.0,83.7,19125,631500,14450,weekly,2021-4-15T21:00:00.000,options,call
372,1618241220000,83.65,84.65,83.6,83.75,30375,600000,14450,weekly,2021-4-15T21:00:00.000,options,call
373,1618241280000,83.9,84.5,83.55,84.1,34575,600000,14450,weekly,2021-4-15T21:00:00.000,options,call
374,1618241340000,84.4,84.95,83.4,84.1,43125,600000,14450,weekly,2021-4-15T21:00:00.000,options,call
