,timestamp,open,high,low,close,volume,open_interest,strike,expiry_type,expiry,instrument,contract_type
0,1526615640000,675.2,675.2,675.2,675.2,40,,26600,weekly,2018-5-24T21:00:00.000,options,put
1,1526615700000,675.2,675.2,675.2,675.2,0,,26600,weekly,2018-5-24T21:00:00.000,options,put
2,1526615760000,675.2,675.2,675.2,675.2,0,,26600,weekly,2018-5-24T21:00:00.000,options,put
3,1526615820000,675.2,675.2,675.2,675.2,0,,26600,weekly,2018-5-24T21:00:00.000,options,put
4,1526615880000,675.2,675.2,675.2,675.2,0,,26600,weekly,2018-5-24T21:00:00.000,options,put
5,1526615940000,675.2,675.2,675.2,675.2,0,,26600,weekly,2018-5-24T21:00:00.000,options,put
6,1526616000000,675.2,675.2,675.2,675.2,0,,26600,weekly,2018-5-24T21:00:00.000,options,put
7,1526616060000,675.2,675.2,675.2,675.2,0,,26600,weekly,2018-5-24T21:00:00.000,options,put
8,1526616120000,675.2,675.2,675.2,675.2,0,,26600,weekly,2018-5-24T21:00:00.000,options,put
9,1526616180000,675.2,675.2,675.2,675.2,0,,26600,weekly,2018-5-24T21:00:00.000,options,put
10,1526616240000,675.2,675.2,660.0,660.0,400,,26600,weekly,2018-5-24T21:00:00.000,options,put
11,1526616300000,654.0,654.0,645.0,645.0,1200,,26600,weekly,2018-5-24T21:00:00.000,options,put
12,1526616360000,645.0,649.85,645.0,649.85,40,,26600,weekly,2018-5-24T21:00:00.000,options,put
13,1526616420000,649.85,649.85,649.85,649.85,0,,26600,weekly,2018-5-24T21:00:00.000,options,put
14,1526616480000,649.85,655.05,649.85,655.05,400,,26600,weekly,2018-5-24T21:00:00.000,options,put
15,1526616540000,655.05,655.05,655.05,655.05,0,,26600,weekly,2018-5-24T21:00:00.000,options,put
16,1526616600000,655.05,664.1,655.05,664.1,40,,26600,weekly,2018-5-24T21:00:00.000,options,put
17,1526616660000,664.1,664.1,664.1,664.1,0,,26600,weekly,2018-5-24T21:00:00.000,options,put
18,1526616720000,664.1,664.1,664.1,664.1,0,,26600,weekly,2018-5-24T21:00:00.000,options,put
19,1526616780000,664.1,664.1,664.1,664.1,0,,26600,weekly,2018-5-24T21:00:00.000,options,put
20,1526616840000,664.1,664.1,664.1,664.1,0,,26600,weekly,2018-5-24T21:00:00.000,options,put
21,1526616900000,664.1,664.1,664.1,664.1,0,,26600,weekly,2018-5-24T21:00:00.000,options,put
22,1526616960000,664.1,664.1,664.1,664.1,0,,26600,weekly,2018-5-24T21:00:00.000,options,put
23,1526617020000,664.1,664.1,664.1,664.1,0,,26600,weekly,2018-5-24T21:00:00.000,options,put
24,1526617080000,664.1,664.1,664.1,664.1,0,,26600,weekly,2018-5-24T21:00:00.000,options,put
25,1526617140000,664.1,664.1,664.1,664.1,0,,26600,weekly,2018-5-24T21:00:00.000,options,put
26,1526617200000,664.1,664.1,664.1,664.1,0,,26600,weekly,2018-5-24T21:00:00.000,options,put
27,1526617260000,664.1,664.1,664.1,664.1,0,,26600,weekly,2018-5-24T21:00:00.000,options,put
28,1526617320000,664.1,664.1,664.1,664.1,0,,26600,weekly,2018-5-24T21:00:00.000,options,put
29,1526617380000,664.1,664.1,664.1,664.1,0,,26600,weekly,2018-5-24T21:00:00.000,options,put
30,1526617440000,664.1,664.1,664.1,664.1,0,,26600,weekly,2018-5-24T21:00:00.000,options,put
31,1526617500000,664.1,664.1,664.1,664.1,0,,26600,weekly,2018-5-24T21:00:00.000,options,put
32,1526617560000,664.1,664.1,664.1,664.1,0,,26600,weekly,2018-5-24T21:00:00.000,options,put
33,1526617620000,664.1,671.9,664.1,671.9,40,,26600,weekly,2018-5-24T21:00:00.000,options,put
34,1526617680000,671.9,671.9,671.9,671.9,0,,26600,weekly,2018-5-24T21:00:00.000,options,put
35,1526617740000,671.9,671.9,671.9,671.9,0,,26600,weekly,2018-5-24T21:00:00.000,options,put
36,1526617800000,671.9,671.9,671.9,671.9,0,,26600,weekly,2018-5-24T21:00:00.000,options,put
37,1526617860000,671.9,682.15,671.9,682.15,40,,26600,weekly,2018-5-24T21:00:00.000,options,put
38,1526617920000,682.15,682.15,682.15,682.15,0,,26600,weekly,2018-5-24T21:00:00.000,options,put
39,1526617980000,682.15,682.15,682.15,682.15,0,,26600,weekly,2018-5-24T21:00:00.000,options,put
40,1526618040000,682.15,682.15,682.15,682.15,0,,26600,weekly,2018-5-24T21:00:00.000,options,put
41,1526618100000,682.15,682.15,682.15,682.15,0,,26600,weekly,2018-5-24T21:00:00.000,options,put
42,1526618160000,682.15,682.15,682.15,682.15,0,,26600,weekly,2018-5-24T21:00:00.000,options,put
43,1526618220000,682.15,682.15,660.85,660.85,40,,26600,weekly,2018-5-24T21:00:00.000,options,put
44,1526618280000,660.85,660.85,660.85,660.85,0,,26600,weekly,2018-5-24T21:00:00.000,options,put
45,1526618340000,660.85,660.85,660.85,660.85,0,,26600,weekly,2018-5-24T21:00:00.000,options,put
46,1526618400000,660.85,660.85,660.85,660.85,0,,26600,weekly,2018-5-24T21:00:00.000,options,put
47,1526618460000,660.85,660.85,660.85,660.85,0,,26600,weekly,2018-5-24T21:00:00.000,options,put
48,1526618520000,660.85,660.85,660.85,660.85,0,,26600,weekly,2018-5-24T21:00:00.000,options,put
49,1526618580000,660.85,660.85,660.85,660.85,0,,26600,weekly,2018-5-24T21:00:00.000,options,put
50,1526618640000,660.85,660.85,660.85,660.85,0,,26600,weekly,2018-5-24T21:00:00.000,options,put
51,1526618700000,660.85,660.85,660.85,660.85,0,,26600,weekly,2018-5-24T21:00:00.000,options,put
52,1526618760000,660.85,721.0,660.85,721.0,200,,26600,weekly,2018-5-24T21:00:00.000,options,put
53,1526618820000,721.0,721.0,721.0,721.0,0,,26600,weekly,2018-5-24T21:00:00.000,options,put
54,1526618880000,721.0,721.0,721.0,721.0,0,,26600,weekly,2018-5-24T21:00:00.000,options,put
55,1526618940000,721.0,721.0,721.0,721.0,0,,26600,weekly,2018-5-24T21:00:00.000,options,put
56,1526619000000,721.0,721.0,721.0,721.0,0,,26600,weekly,2018-5-24T21:00:00.000,options,put
57,1526619060000,721.0,721.0,721.0,721.0,0,,26600,weekly,2018-5-24T21:00:00.000,options,put
58,1526619120000,721.0,721.0,721.0,721.0,0,,26600,weekly,2018-5-24T21:00:00.000,options,put
59,1526619180000,721.0,721.0,721.0,721.0,0,,26600,weekly,2018-5-24T21:00:00.000,options,put
60,1526619240000,721.0,721.0,721.0,721.0,0,,26600,weekly,2018-5-24T21:00:00.000,options,put
61,1526619300000,721.0,721.0,721.0,721.0,0,,26600,weekly,2018-5-24T21:00:00.000,options,put
62,1526619360000,721.0,721.0,721.0,721.0,0,,26600,weekly,2018-5-24T21:00:00.000,options,put
63,1526619420000,721.0,721.0,721.0,721.0,0,,26600,weekly,2018-5-24T21:00:00.000,options,put
64,1526619480000,721.0,721.0,721.0,721.0,0,,26600,weekly,2018-5-24T21:00:00.000,options,put
65,1526619540000,721.0,721.0,721.0,721.0,0,,26600,weekly,2018-5-24T21:00:00.000,options,put
66,1526619600000,721.0,721.0,721.0,721.0,0,,26600,weekly,2018-5-24T21:00:00.000,options,put
67,1526619660000,721.0,721.0,685.3,685.3,40,,26600,weekly,2018-5-24T21:00:00.000,options,put
68,1526619720000,685.3,685.3,685.3,685.3,0,,26600,weekly,2018-5-24T21:00:00.000,options,put
69,1526619780000,685.3,685.3,685.3,685.3,0,,26600,weekly,2018-5-24T21:00:00.000,options,put
70,1526619840000,685.3,685.3,684.0,684.0,40,,26600,weekly,2018-5-24T21:00:00.000,options,put
71,1526619900000,684.0,684.0,684.0,684.0,0,,26600,weekly,2018-5-24T21:00:00.000,options,put
72,1526619960000,684.0,684.0,684.0,684.0,0,,26600,weekly,2018-5-24T21:00:00.000,options,put
73,1526620020000,684.0,684.0,684.0,684.0,0,,26600,weekly,2018-5-24T21:00:00.000,options,put
74,1526620080000,684.0,684.0,684.0,684.0,0,,26600,weekly,2018-5-24T21:00:00.000,options,put
75,1526620140000,684.0,684.0,684.0,684.0,0,,26600,weekly,2018-5-24T21:00:00.000,options,put
76,1526620200000,684.0,684.0,684.0,684.0,0,,26600,weekly,2018-5-24T21:00:00.000,options,put
77,1526620260000,684.0,719.0,684.0,719.0,40,,26600,weekly,2018-5-24T21:00:00.000,options,put
78,1526620320000,719.0,719.0,719.0,719.0,0,,26600,weekly,2018-5-24T21:00:00.000,options,put
79,1526620380000,719.0,719.0,719.0,719.0,0,,26600,weekly,2018-5-24T21:00:00.000,options,put
80,1526620440000,719.0,719.0,719.0,719.0,0,,26600,weekly,2018-5-24T21:00:00.000,options,put
81,1526620500000,719.0,719.0,719.0,719.0,0,,26600,weekly,2018-5-24T21:00:00.000,options,put
82,1526620560000,719.0,719.0,719.0,719.0,0,,26600,weekly,2018-5-24T21:00:00.000,options,put
83,1526620620000,719.0,719.0,719.0,719.0,0,,26600,weekly,2018-5-24T21:00:00.000,options,put
84,1526620680000,719.0,719.0,719.0,719.0,0,,26600,weekly,2018-5-24T21:00:00.000,options,put
85,1526620740000,719.0,719.0,719.0,719.0,0,,26600,weekly,2018-5-24T21:00:00.000,options,put
86,1526620800000,719.0,719.0,719.0,719.0,0,,26600,weekly,2018-5-24T21:00:00.000,options,put
87,1526620860000,719.0,719.0,719.0,719.0,0,,26600,weekly,2018-5-24T21:00:00.000,options,put
88,1526620920000,719.0,719.0,719.0,719.0,0,,26600,weekly,2018-5-24T21:00:00.000,options,put
89,1526620980000,719.0,719.0,719.0,719.0,0,,26600,weekly,2018-5-24T21:00:00.000,options,put
90,1526621040000,719.0,719.0,719.0,719.0,0,,26600,weekly,2018-5-24T21:00:00.000,options,put
91,1526621100000,719.0,719.0,719.0,719.0,0,,26600,weekly,2018-5-24T21:00:00.000,options,put
92,1526621160000,719.0,719.0,719.0,719.0,0,,26600,weekly,2018-5-24T21:00:00.000,options,put
93,1526621220000,719.0,719.0,719.0,719.0,0,,26600,weekly,2018-5-24T21:00:00.000,options,put
94,1526621280000,719.0,719.0,658.7,658.7,40,,26600,weekly,2018-5-24T21:00:00.000,options,put
95,1526621340000,658.7,658.7,658.7,658.7,0,,26600,weekly,2018-5-24T21:00:00.000,options,put
96,1526621400000,658.7,658.7,658.7,658.7,0,,26600,weekly,2018-5-24T21:00:00.000,options,put
97,1526621460000,658.7,658.7,658.7,658.7,0,,26600,weekly,2018-5-24T21:00:00.000,options,put
98,1526621520000,658.7,658.7,658.7,658.7,0,,26600,weekly,2018-5-24T21:00:00.000,options,put
99,1526621580000,658.7,658.7,658.7,658.7,0,,26600,weekly,2018-5-24T21:00:00.000,options,put
100,1526621640000,658.7,658.7,658.7,658.7,0,,26600,weekly,2018-5-24T21:00:00.000,options,put
101,1526621700000,658.7,658.7,658.7,658.7,0,,26600,weekly,2018-5-24T21:00:00.000,options,put
102,1526621760000,658.7,658.7,658.7,658.7,0,,26600,weekly,2018-5-24T21:00:00.000,options,put
103,1526621820000,658.7,658.7,658.7,658.7,0,,26600,weekly,2018-5-24T21:00:00.000,options,put
104,1526621880000,658.7,658.7,658.7,658.7,0,,26600,weekly,2018-5-24T21:00:00.000,options,put
105,1526621940000,658.7,658.7,658.7,658.7,0,,26600,weekly,2018-5-24T21:00:00.000,options,put
106,1526622000000,658.7,658.7,658.7,658.7,0,,26600,weekly,2018-5-24T21:00:00.000,options,put
107,1526622060000,658.7,658.7,658.7,658.7,0,,26600,weekly,2018-5-24T21:00:00.000,options,put
108,1526622120000,658.7,658.7,658.7,658.7,0,,26600,weekly,2018-5-24T21:00:00.000,options,put
109,1526622180000,658.7,658.7,658.7,658.7,0,,26600,weekly,2018-5-24T21:00:00.000,options,put
110,1526622240000,658.7,658.7,658.7,658.7,0,,26600,weekly,2018-5-24T21:00:00.000,options,put
111,1526622300000,658.7,658.7,658.7,658.7,0,,26600,weekly,2018-5-24T21:00:00.000,options,put
112,1526622360000,658.7,658.7,658.7,658.7,0,,26600,weekly,2018-5-24T21:00:00.000,options,put
113,1526622420000,658.7,658.7,658.7,658.7,0,,26600,weekly,2018-5-24T21:00:00.000,options,put
114,1526622480000,658.7,658.7,658.7,658.7,0,,26600,weekly,2018-5-24T21:00:00.000,options,put
115,1526622540000,658.7,658.7,658.7,658.7,0,,26600,weekly,2018-5-24T21:00:00.000,options,put
116,1526622600000,658.7,658.7,658.7,658.7,0,,26600,weekly,2018-5-24T21:00:00.000,options,put
117,1526622660000,658.7,658.7,658.7,658.7,0,,26600,weekly,2018-5-24T21:00:00.000,options,put
118,1526622720000,658.7,718.0,658.7,718.0,200,,26600,weekly,2018-5-24T21:00:00.000,options,put
119,1526622780000,718.0,718.0,718.0,718.0,0,,26600,weekly,2018-5-24T21:00:00.000,options,put
120,1526622840000,718.0,718.0,704.0,704.0,160,,26600,weekly,2018-5-24T21:00:00.000,options,put
121,1526622900000,704.0,704.0,704.0,704.0,0,,26600,weekly,2018-5-24T21:00:00.000,options,put
122,1526622960000,704.0,704.0,686.75,686.75,40,,26600,weekly,2018-5-24T21:00:00.000,options,put
123,1526623020000,686.75,686.75,686.75,686.75,0,,26600,weekly,2018-5-24T21:00:00.000,options,put
124,1526623080000,686.75,701.0,686.75,701.0,40,,26600,weekly,2018-5-24T21:00:00.000,options,put
125,1526623140000,701.0,701.0,701.0,701.0,40,,26600,weekly,2018-5-24T21:00:00.000,options,put
126,1526623200000,701.0,701.0,701.0,701.0,0,,26600,weekly,2018-5-24T21:00:00.000,options,put
127,1526623260000,701.0,701.0,701.0,701.0,0,,26600,weekly,2018-5-24T21:00:00.000,options,put
128,1526623320000,701.0,701.0,701.0,701.0,0,,26600,weekly,2018-5-24T21:00:00.000,options,put
129,1526623380000,701.0,701.0,701.0,701.0,0,,26600,weekly,2018-5-24T21:00:00.000,options,put
130,1526623440000,701.0,701.0,701.0,701.0,0,,26600,weekly,2018-5-24T21:00:00.000,options,put
131,1526623500000,701.0,701.0,701.0,701.0,0,,26600,weekly,2018-5-24T21:00:00.000,options,put
132,1526623560000,701.0,701.0,701.0,701.0,0,,26600,weekly,2018-5-24T21:00:00.000,options,put
133,1526623620000,701.0,701.0,701.0,701.0,0,,26600,weekly,2018-5-24T21:00:00.000,options,put
134,1526623680000,701.0,701.0,701.0,701.0,0,,26600,weekly,2018-5-24T21:00:00.000,options,put
135,1526623740000,701.0,701.0,701.0,701.0,0,,26600,weekly,2018-5-24T21:00:00.000,options,put
136,1526623800000,701.0,701.0,701.0,701.0,0,,26600,weekly,2018-5-24T21:00:00.000,options,put
137,1526623860000,701.0,701.0,701.0,701.0,0,,26600,weekly,2018-5-24T21:00:00.000,options,put
138,1526623920000,701.0,701.0,701.0,701.0,0,,26600,weekly,2018-5-24T21:00:00.000,options,put
139,1526623980000,701.0,701.0,701.0,701.0,0,,26600,weekly,2018-5-24T21:00:00.000,options,put
140,1526624040000,701.0,701.0,701.0,701.0,0,,26600,weekly,2018-5-24T21:00:00.000,options,put
141,1526624100000,701.0,701.0,701.0,701.0,0,,26600,weekly,2018-5-24T21:00:00.000,options,put
142,1526624160000,701.0,719.0,701.0,719.0,120,,26600,weekly,2018-5-24T21:00:00.000,options,put
143,1526624220000,719.0,719.0,719.0,719.0,0,,26600,weekly,2018-5-24T21:00:00.000,options,put
144,1526624280000,719.0,719.0,719.0,719.0,0,,26600,weekly,2018-5-24T21:00:00.000,options,put
145,1526624340000,719.0,719.0,719.0,719.0,0,,26600,weekly,2018-5-24T21:00:00.000,options,put
146,1526624400000,719.0,719.0,719.0,719.0,0,,26600,weekly,2018-5-24T21:00:00.000,options,put
147,1526624460000,719.0,728.0,719.0,728.0,80,,26600,weekly,2018-5-24T21:00:00.000,options,put
148,1526624520000,728.0,738.0,728.0,738.0,160,,26600,weekly,2018-5-24T21:00:00.000,options,put
149,1526624580000,738.0,738.0,729.4,729.4,40,,26600,weekly,2018-5-24T21:00:00.000,options,put
150,1526624640000,729.4,729.4,729.4,729.4,0,,26600,weekly,2018-5-24T21:00:00.000,options,put
151,1526624700000,729.4,729.4,729.4,729.4,0,,26600,weekly,2018-5-24T21:00:00.000,options,put
152,1526624760000,729.4,729.4,729.4,729.4,0,,26600,weekly,2018-5-24T21:00:00.000,options,put
153,1526624820000,729.4,729.4,729.4,729.4,0,,26600,weekly,2018-5-24T21:00:00.000,options,put
154,1526624880000,729.4,729.4,729.4,729.4,0,,26600,weekly,2018-5-24T21:00:00.000,options,put
155,1526624940000,729.4,729.4,729.4,729.4,0,,26600,weekly,2018-5-24T21:00:00.000,options,put
156,1526625000000,729.4,729.4,729.4,729.4,0,,26600,weekly,2018-5-24T21:00:00.000,options,put
157,1526625060000,729.4,729.4,729.4,729.4,0,,26600,weekly,2018-5-24T21:00:00.000,options,put
158,1526625120000,729.4,729.4,729.4,729.4,0,,26600,weekly,2018-5-24T21:00:00.000,options,put
159,1526625180000,729.4,729.4,729.4,729.4,0,,26600,weekly,2018-5-24T21:00:00.000,options,put
160,1526625240000,729.4,729.4,729.4,729.4,0,,26600,weekly,2018-5-24T21:00:00.000,options,put
161,1526625300000,729.4,729.4,729.4,729.4,0,,26600,weekly,2018-5-24T21:00:00.000,options,put
162,1526625360000,729.4,729.4,729.4,729.4,0,,26600,weekly,2018-5-24T21:00:00.000,options,put
163,1526625420000,729.4,729.4,729.4,729.4,0,,26600,weekly,2018-5-24T21:00:00.000,options,put
164,1526625480000,729.4,729.4,729.4,729.4,0,,26600,weekly,2018-5-24T21:00:00.000,options,put
165,1526625540000,729.4,729.4,729.4,729.4,0,,26600,weekly,2018-5-24T21:00:00.000,options,put
166,1526625600000,729.4,729.4,729.4,729.4,0,,26600,weekly,2018-5-24T21:00:00.000,options,put
167,1526625660000,729.4,729.4,729.4,729.4,0,,26600,weekly,2018-5-24T21:00:00.000,options,put
168,1526625720000,729.4,729.4,729.4,729.4,0,,26600,weekly,2018-5-24T21:00:00.000,options,put
169,1526625780000,729.4,729.4,729.4,729.4,0,,26600,weekly,2018-5-24T21:00:00.000,options,put
170,1526625840000,729.4,729.4,729.4,729.4,0,,26600,weekly,2018-5-24T21:00:00.000,options,put
171,1526625900000,729.4,729.4,729.4,729.4,0,,26600,weekly,2018-5-24T21:00:00.000,options,put
172,1526625960000,729.4,729.4,729.4,729.4,0,,26600,weekly,2018-5-24T21:00:00.000,options,put
173,1526626020000,729.4,729.4,729.4,729.4,0,,26600,weekly,2018-5-24T21:00:00.000,options,put
174,1526626080000,729.4,729.4,729.4,729.4,0,,26600,weekly,2018-5-24T21:00:00.000,options,put
175,1526626140000,729.4,729.4,729.4,729.4,0,,26600,weekly,2018-5-24T21:00:00.000,options,put
176,1526626200000,729.4,729.4,729.4,729.4,0,,26600,weekly,2018-5-24T21:00:00.000,options,put
177,1526626260000,729.4,729.4,729.4,729.4,0,,26600,weekly,2018-5-24T21:00:00.000,options,put
178,1526626320000,729.4,729.4,729.4,729.4,0,,26600,weekly,2018-5-24T21:00:00.000,options,put
179,1526626380000,729.4,729.4,729.4,729.4,0,,26600,weekly,2018-5-24T21:00:00.000,options,put
180,1526626440000,729.4,729.4,729.4,729.4,0,,26600,weekly,2018-5-24T21:00:00.000,options,put
181,1526626500000,729.4,729.4,691.0,691.0,40,,26600,weekly,2018-5-24T21:00:00.000,options,put
182,1526626560000,691.0,691.0,691.0,691.0,0,,26600,weekly,2018-5-24T21:00:00.000,options,put
183,1526626620000,691.0,691.0,691.0,691.0,0,,26600,weekly,2018-5-24T21:00:00.000,options,put
184,1526626680000,691.0,691.0,691.0,691.0,0,,26600,weekly,2018-5-24T21:00:00.000,options,put
185,1526626740000,691.0,691.0,691.0,691.0,0,,26600,weekly,2018-5-24T21:00:00.000,options,put
186,1526626800000,691.0,691.0,691.0,691.0,0,,26600,weekly,2018-5-24T21:00:00.000,options,put
187,1526626860000,691.0,691.0,691.0,691.0,0,,26600,weekly,2018-5-24T21:00:00.000,options,put
188,1526626920000,691.0,691.0,691.0,691.0,0,,26600,weekly,2018-5-24T21:00:00.000,options,put
189,1526626980000,691.0,691.0,691.0,691.0,0,,26600,weekly,2018-5-24T21:00:00.000,options,put
190,1526627040000,691.0,691.0,691.0,691.0,0,,26600,weekly,2018-5-24T21:00:00.000,options,put
191,1526627100000,691.0,691.0,691.0,691.0,0,,26600,weekly,2018-5-24T21:00:00.000,options,put
192,1526627160000,691.0,691.0,691.0,691.0,0,,26600,weekly,2018-5-24T21:00:00.000,options,put
193,1526627220000,691.0,691.0,691.0,691.0,0,,26600,weekly,2018-5-24T21:00:00.000,options,put
194,1526627280000,691.0,691.0,691.0,691.0,0,,26600,weekly,2018-5-24T21:00:00.000,options,put
195,1526627340000,691.0,691.0,691.0,691.0,0,,26600,weekly,2018-5-24T21:00:00.000,options,put
196,1526627400000,691.0,691.0,691.0,691.0,0,,26600,weekly,2018-5-24T21:00:00.000,options,put
197,1526627460000,691.0,691.0,691.0,691.0,0,,26600,weekly,2018-5-24T21:00:00.000,options,put
198,1526627520000,691.0,691.0,691.0,691.0,0,,26600,weekly,2018-5-24T21:00:00.000,options,put
199,1526627580000,691.0,691.0,691.0,691.0,0,,26600,weekly,2018-5-24T21:00:00.000,options,put
200,1526627640000,691.0,691.0,691.0,691.0,0,,26600,weekly,2018-5-24T21:00:00.000,options,put
201,1526627700000,691.0,691.0,691.0,691.0,0,,26600,weekly,2018-5-24T21:00:00.000,options,put
202,1526627760000,691.0,691.0,691.0,691.0,0,,26600,weekly,2018-5-24T21:00:00.000,options,put
203,1526627820000,691.0,691.0,691.0,691.0,0,,26600,weekly,2018-5-24T21:00:00.000,options,put
204,1526627880000,691.0,691.0,691.0,691.0,0,,26600,weekly,2018-5-24T21:00:00.000,options,put
205,1526627940000,691.0,691.0,691.0,691.0,0,,26600,weekly,2018-5-24T21:00:00.000,options,put
206,1526628000000,691.0,691.0,691.0,691.0,0,,26600,weekly,2018-5-24T21:00:00.000,options,put
207,1526628060000,691.0,691.0,691.0,691.0,0,,26600,weekly,2018-5-24T21:00:00.000,options,put
208,1526628120000,691.0,691.0,691.0,691.0,0,,26600,weekly,2018-5-24T21:00:00.000,options,put
209,1526628180000,691.0,691.0,691.0,691.0,0,,26600,weekly,2018-5-24T21:00:00.000,options,put
210,1526628240000,691.0,691.0,691.0,691.0,0,,26600,weekly,2018-5-24T21:00:00.000,options,put
211,1526628300000,691.0,691.0,691.0,691.0,0,,26600,weekly,2018-5-24T21:00:00.000,options,put
212,1526628360000,691.0,691.0,691.0,691.0,0,,26600,weekly,2018-5-24T21:00:00.000,options,put
213,1526628420000,691.0,691.0,691.0,691.0,0,,26600,weekly,2018-5-24T21:00:00.000,options,put
214,1526628480000,691.0,691.0,691.0,691.0,0,,26600,weekly,2018-5-24T21:00:00.000,options,put
215,1526628540000,691.0,691.0,691.0,691.0,0,,26600,weekly,2018-5-24T21:00:00.000,options,put
216,1526628600000,691.0,691.0,691.0,691.0,0,,26600,weekly,2018-5-24T21:00:00.000,options,put
217,1526628660000,691.0,691.0,691.0,691.0,0,,26600,weekly,2018-5-24T21:00:00.000,options,put
218,1526628720000,691.0,691.0,691.0,691.0,0,,26600,weekly,2018-5-24T21:00:00.000,options,put
219,1526628780000,691.0,691.0,691.0,691.0,0,,26600,weekly,2018-5-24T21:00:00.000,options,put
220,1526628840000,691.0,691.0,691.0,691.0,0,,26600,weekly,2018-5-24T21:00:00.000,options,put
221,1526628900000,691.0,691.0,691.0,691.0,0,,26600,weekly,2018-5-24T21:00:00.000,options,put
222,1526628960000,691.0,691.0,691.0,691.0,0,,26600,weekly,2018-5-24T21:00:00.000,options,put
223,1526629020000,691.0,691.0,691.0,691.0,0,,26600,weekly,2018-5-24T21:00:00.000,options,put
224,1526629080000,691.0,691.0,691.0,691.0,0,,26600,weekly,2018-5-24T21:00:00.000,options,put
225,1526629140000,691.0,691.0,691.0,691.0,0,,26600,weekly,2018-5-24T21:00:00.000,options,put
226,1526629200000,691.0,691.0,691.0,691.0,0,,26600,weekly,2018-5-24T21:00:00.000,options,put
227,1526629260000,691.0,691.0,691.0,691.0,0,,26600,weekly,2018-5-24T21:00:00.000,options,put
228,1526629320000,691.0,691.0,691.0,691.0,0,,26600,weekly,2018-5-24T21:00:00.000,options,put
229,1526629380000,691.0,691.0,691.0,691.0,0,,26600,weekly,2018-5-24T21:00:00.000,options,put
230,1526629440000,691.0,691.0,691.0,691.0,0,,26600,weekly,2018-5-24T21:00:00.000,options,put
231,1526629500000,691.0,691.0,691.0,691.0,0,,26600,weekly,2018-5-24T21:00:00.000,options,put
232,1526629560000,691.0,691.0,691.0,691.0,0,,26600,weekly,2018-5-24T21:00:00.000,options,put
233,1526629620000,691.0,691.0,691.0,691.0,0,,26600,weekly,2018-5-24T21:00:00.000,options,put
234,1526629680000,691.0,691.0,691.0,691.0,0,,26600,weekly,2018-5-24T21:00:00.000,options,put
235,1526629740000,691.0,691.0,691.0,691.0,0,,26600,weekly,2018-5-24T21:00:00.000,options,put
236,1526629800000,691.0,691.0,691.0,691.0,0,,26600,weekly,2018-5-24T21:00:00.000,options,put
237,1526629860000,691.0,691.0,691.0,691.0,0,,26600,weekly,2018-5-24T21:00:00.000,options,put
238,1526629920000,691.0,691.0,691.0,691.0,0,,26600,weekly,2018-5-24T21:00:00.000,options,put
239,1526629980000,691.0,691.0,691.0,691.0,0,,26600,weekly,2018-5-24T21:00:00.000,options,put
240,1526630040000,691.0,691.0,691.0,691.0,0,,26600,weekly,2018-5-24T21:00:00.000,options,put
241,1526630100000,691.0,691.0,691.0,691.0,0,,26600,weekly,2018-5-24T21:00:00.000,options,put
242,1526630160000,691.0,691.0,691.0,691.0,0,,26600,weekly,2018-5-24T21:00:00.000,options,put
243,1526630220000,691.0,691.0,691.0,691.0,0,,26600,weekly,2018-5-24T21:00:00.000,options,put
244,1526630280000,691.0,691.0,691.0,691.0,0,,26600,weekly,2018-5-24T21:00:00.000,options,put
245,1526630340000,691.0,691.0,691.0,691.0,0,,26600,weekly,2018-5-24T21:00:00.000,options,put
246,1526630400000,691.0,691.0,691.0,691.0,0,,26600,weekly,2018-5-24T21:00:00.000,options,put
247,1526630460000,691.0,691.0,691.0,691.0,0,,26600,weekly,2018-5-24T21:00:00.000,options,put
248,1526630520000,691.0,691.0,691.0,691.0,0,,26600,weekly,2018-5-24T21:00:00.000,options,put
249,1526630580000,691.0,691.0,691.0,691.0,0,,26600,weekly,2018-5-24T21:00:00.000,options,put
250,1526630640000,691.0,691.0,691.0,691.0,0,,26600,weekly,2018-5-24T21:00:00.000,options,put
251,1526630700000,691.0,691.0,691.0,691.0,0,,26600,weekly,2018-5-24T21:00:00.000,options,put
252,1526630760000,691.0,691.0,691.0,691.0,0,,26600,weekly,2018-5-24T21:00:00.000,options,put
253,1526630820000,691.0,691.0,691.0,691.0,0,,26600,weekly,2018-5-24T21:00:00.000,options,put
254,1526630880000,691.0,691.0,691.0,691.0,0,,26600,weekly,2018-5-24T21:00:00.000,options,put
255,1526630940000,691.0,691.0,691.0,691.0,0,,26600,weekly,2018-5-24T21:00:00.000,options,put
256,1526631000000,691.0,691.0,691.0,691.0,0,,26600,weekly,2018-5-24T21:00:00.000,options,put
257,1526631060000,691.0,691.0,691.0,691.0,0,,26600,weekly,2018-5-24T21:00:00.000,options,put
258,1526631120000,691.0,691.0,691.0,691.0,0,,26600,weekly,2018-5-24T21:00:00.000,options,put
259,1526631180000,691.0,691.0,691.0,691.0,0,,26600,weekly,2018-5-24T21:00:00.000,options,put
260,1526631240000,691.0,691.0,691.0,691.0,0,,26600,weekly,2018-5-24T21:00:00.000,options,put
261,1526631300000,691.0,691.0,691.0,691.0,0,,26600,weekly,2018-5-24T21:00:00.000,options,put
262,1526631360000,691.0,691.0,691.0,691.0,0,,26600,weekly,2018-5-24T21:00:00.000,options,put
263,1526631420000,691.0,691.0,691.0,691.0,0,,26600,weekly,2018-5-24T21:00:00.000,options,put
264,1526631480000,691.0,691.0,691.0,691.0,0,,26600,weekly,2018-5-24T21:00:00.000,options,put
265,1526631540000,691.0,691.0,691.0,691.0,0,,26600,weekly,2018-5-24T21:00:00.000,options,put
266,1526631600000,691.0,691.0,691.0,691.0,0,,26600,weekly,2018-5-24T21:00:00.000,options,put
267,1526631660000,691.0,691.0,691.0,691.0,0,,26600,weekly,2018-5-24T21:00:00.000,options,put
268,1526631720000,691.0,691.0,691.0,691.0,0,,26600,weekly,2018-5-24T21:00:00.000,options,put
269,1526631780000,691.0,691.0,691.0,691.0,0,,26600,weekly,2018-5-24T21:00:00.000,options,put
270,1526631840000,691.0,691.0,691.0,691.0,0,,26600,weekly,2018-5-24T21:00:00.000,options,put
271,1526631900000,691.0,691.0,691.0,691.0,0,,26600,weekly,2018-5-24T21:00:00.000,options,put
272,1526631960000,691.0,691.0,691.0,691.0,0,,26600,weekly,2018-5-24T21:00:00.000,options,put
273,1526632020000,691.0,691.0,691.0,691.0,0,,26600,weekly,2018-5-24T21:00:00.000,options,put
274,1526632080000,691.0,691.0,691.0,691.0,0,,26600,weekly,2018-5-24T21:00:00.000,options,put
275,1526632140000,691.0,691.0,691.0,691.0,0,,26600,weekly,2018-5-24T21:00:00.000,options,put
276,1526632200000,691.0,691.0,691.0,691.0,0,,26600,weekly,2018-5-24T21:00:00.000,options,put
277,1526632260000,691.0,691.0,691.0,691.0,0,,26600,weekly,2018-5-24T21:00:00.000,options,put
278,1526632320000,691.0,691.0,691.0,691.0,0,,26600,weekly,2018-5-24T21:00:00.000,options,put
279,1526632380000,691.0,691.0,691.0,691.0,0,,26600,weekly,2018-5-24T21:00:00.000,options,put
280,1526632440000,691.0,691.0,691.0,691.0,0,,26600,weekly,2018-5-24T21:00:00.000,options,put
281,1526632500000,691.0,691.0,691.0,691.0,0,,26600,weekly,2018-5-24T21:00:00.000,options,put
282,1526632560000,691.0,691.0,691.0,691.0,0,,26600,weekly,2018-5-24T21:00:00.000,options,put
283,1526632620000,691.0,691.0,691.0,691.0,0,,26600,weekly,2018-5-24T21:00:00.000,options,put
284,1526632680000,691.0,691.0,691.0,691.0,0,,26600,weekly,2018-5-24T21:00:00.000,options,put
285,1526632740000,691.0,691.0,691.0,691.0,0,,26600,weekly,2018-5-24T21:00:00.000,options,put
286,1526632800000,691.0,691.0,691.0,691.0,0,,26600,weekly,2018-5-24T21:00:00.000,options,put
287,1526632860000,691.0,691.0,691.0,691.0,0,,26600,weekly,2018-5-24T21:00:00.000,options,put
288,1526632920000,691.0,691.0,691.0,691.0,0,,26600,weekly,2018-5-24T21:00:00.000,options,put
289,1526632980000,691.0,691.0,691.0,691.0,0,,26600,weekly,2018-5-24T21:00:00.000,options,put
290,1526633040000,691.0,691.0,691.0,691.0,0,,26600,weekly,2018-5-24T21:00:00.000,options,put
291,1526633100000,691.0,691.0,691.0,691.0,0,,26600,weekly,2018-5-24T21:00:00.000,options,put
292,1526633160000,691.0,691.0,691.0,691.0,0,,26600,weekly,2018-5-24T21:00:00.000,options,put
293,1526633220000,691.0,691.0,691.0,691.0,0,,26600,weekly,2018-5-24T21:00:00.000,options,put
294,1526633280000,691.0,691.0,691.0,691.0,0,,26600,weekly,2018-5-24T21:00:00.000,options,put
295,1526633340000,691.0,691.0,691.0,691.0,0,,26600,weekly,2018-5-24T21:00:00.000,options,put
296,1526633400000,691.0,691.0,691.0,691.0,0,,26600,weekly,2018-5-24T21:00:00.000,options,put
297,1526633460000,691.0,691.0,691.0,691.0,0,,26600,weekly,2018-5-24T21:00:00.000,options,put
298,1526633520000,691.0,691.0,691.0,691.0,0,,26600,weekly,2018-5-24T21:00:00.000,options,put
299,1526633580000,691.0,691.0,691.0,691.0,0,,26600,weekly,2018-5-24T21:00:00.000,options,put
300,1526633640000,691.0,691.0,691.0,691.0,0,,26600,weekly,2018-5-24T21:00:00.000,options,put
301,1526633700000,691.0,691.0,691.0,691.0,0,,26600,weekly,2018-5-24T21:00:00.000,options,put
302,1526633760000,691.0,691.0,691.0,691.0,0,,26600,weekly,2018-5-24T21:00:00.000,options,put
303,1526633820000,691.0,691.0,691.0,691.0,0,,26600,weekly,2018-5-24T21:00:00.000,options,put
304,1526633880000,691.0,691.0,691.0,691.0,0,,26600,weekly,2018-5-24T21:00:00.000,options,put
305,1526633940000,691.0,691.0,691.0,691.0,0,,26600,weekly,2018-5-24T21:00:00.000,options,put
306,1526634000000,691.0,704.6,687.35,704.6,80,,26600,weekly,2018-5-24T21:00:00.000,options,put
307,1526634060000,704.6,704.6,704.6,704.6,0,,26600,weekly,2018-5-24T21:00:00.000,options,put
308,1526634120000,704.6,704.6,704.6,704.6,0,,26600,weekly,2018-5-24T21:00:00.000,options,put
309,1526634180000,704.6,704.6,704.6,704.6,0,,26600,weekly,2018-5-24T21:00:00.000,options,put
310,1526634240000,704.6,704.6,704.6,704.6,0,,26600,weekly,2018-5-24T21:00:00.000,options,put
311,1526634300000,704.6,704.6,704.6,704.6,0,,26600,weekly,2018-5-24T21:00:00.000,options,put
312,1526634360000,704.6,704.6,704.6,704.6,0,,26600,weekly,2018-5-24T21:00:00.000,options,put
313,1526634420000,704.6,704.6,704.6,704.6,0,,26600,weekly,2018-5-24T21:00:00.000,options,put
314,1526634480000,704.6,704.6,704.6,704.6,0,,26600,weekly,2018-5-24T21:00:00.000,options,put
315,1526634540000,704.6,704.6,704.6,704.6,0,,26600,weekly,2018-5-24T21:00:00.000,options,put
316,1526634600000,704.6,704.6,704.6,704.6,0,,26600,weekly,2018-5-24T21:00:00.000,options,put
317,1526634660000,704.6,704.6,704.6,704.6,0,,26600,weekly,2018-5-24T21:00:00.000,options,put
318,1526634720000,704.6,704.6,704.6,704.6,0,,26600,weekly,2018-5-24T21:00:00.000,options,put
319,1526634780000,704.6,704.6,704.6,704.6,0,,26600,weekly,2018-5-24T21:00:00.000,options,put
320,1526634840000,704.6,704.6,704.6,704.6,0,,26600,weekly,2018-5-24T21:00:00.000,options,put
321,1526634900000,704.6,704.6,704.6,704.6,0,,26600,weekly,2018-5-24T21:00:00.000,options,put
322,1526634960000,704.6,704.6,704.6,704.6,0,,26600,weekly,2018-5-24T21:00:00.000,options,put
323,1526635020000,704.6,704.6,704.6,704.6,0,,26600,weekly,2018-5-24T21:00:00.000,options,put
324,1526635080000,704.6,704.6,704.6,704.6,0,,26600,weekly,2018-5-24T21:00:00.000,options,put
325,1526635140000,704.6,737.65,704.6,737.65,40,,26600,weekly,2018-5-24T21:00:00.000,options,put
326,1526635200000,737.65,755.0,737.65,755.0,40,,26600,weekly,2018-5-24T21:00:00.000,options,put
327,1526635260000,755.0,766.15,755.0,766.15,40,,26600,weekly,2018-5-24T21:00:00.000,options,put
328,1526635320000,766.15,766.15,766.15,766.15,0,,26600,weekly,2018-5-24T21:00:00.000,options,put
329,1526635380000,766.15,766.15,766.15,766.15,0,,26600,weekly,2018-5-24T21:00:00.000,options,put
330,1526635440000,766.15,766.15,752.1,752.1,120,,26600,weekly,2018-5-24T21:00:00.000,options,put
331,1526635500000,752.1,752.1,740.0,740.0,80,,26600,weekly,2018-5-24T21:00:00.000,options,put
332,1526635560000,740.0,740.0,740.0,740.0,0,,26600,weekly,2018-5-24T21:00:00.000,options,put
333,1526635620000,740.0,740.0,740.0,740.0,0,,26600,weekly,2018-5-24T21:00:00.000,options,put
334,1526635680000,740.0,744.35,740.0,744.35,40,,26600,weekly,2018-5-24T21:00:00.000,options,put
335,1526635740000,744.35,744.35,744.35,744.35,0,,26600,weekly,2018-5-24T21:00:00.000,options,put
336,1526635800000,744.35,744.35,744.35,744.35,0,,26600,weekly,2018-5-24T21:00:00.000,options,put
337,1526635860000,744.35,770.25,744.35,770.25,40,,26600,weekly,2018-5-24T21:00:00.000,options,put
338,1526635920000,770.25,770.25,770.25,770.25,0,,26600,weekly,2018-5-24T21:00:00.000,options,put
339,1526635980000,770.25,770.25,750.1,750.1,240,,26600,weekly,2018-5-24T21:00:00.000,options,put
340,1526636040000,750.1,750.1,750.1,750.1,0,,26600,weekly,2018-5-24T21:00:00.000,options,put
341,1526636100000,750.1,768.85,750.1,768.85,40,,26600,weekly,2018-5-24T21:00:00.000,options,put
342,1526636160000,768.85,768.85,768.85,768.85,0,,26600,weekly,2018-5-24T21:00:00.000,options,put
343,1526636220000,768.85,768.85,768.85,768.85,0,,26600,weekly,2018-5-24T21:00:00.000,options,put
344,1526636280000,768.85,768.85,768.85,768.85,0,,26600,weekly,2018-5-24T21:00:00.000,options,put
345,1526636340000,768.85,768.85,768.85,768.85,0,,26600,weekly,2018-5-24T21:00:00.000,options,put
346,1526636400000,768.85,768.85,732.5,732.5,80,,26600,weekly,2018-5-24T21:00:00.000,options,put
347,1526636460000,732.5,732.5,732.5,732.5,0,,26600,weekly,2018-5-24T21:00:00.000,options,put
348,1526636520000,732.5,732.5,732.5,732.5,0,,26600,weekly,2018-5-24T21:00:00.000,options,put
349,1526636580000,732.5,732.5,732.5,732.5,0,,26600,weekly,2018-5-24T21:00:00.000,options,put
350,1526636640000,732.5,732.5,732.5,732.5,0,,26600,weekly,2018-5-24T21:00:00.000,options,put
351,1526636700000,732.5,732.5,732.5,732.5,0,,26600,weekly,2018-5-24T21:00:00.000,options,put
352,1526636760000,732.5,732.5,732.5,732.5,0,,26600,weekly,2018-5-24T21:00:00.000,options,put
353,1526636820000,732.5,732.5,732.5,732.5,0,,26600,weekly,2018-5-24T21:00:00.000,options,put
354,1526636880000,732.5,732.5,732.5,732.5,0,,26600,weekly,2018-5-24T21:00:00.000,options,put
355,1526636940000,732.5,732.5,732.5,732.5,0,,26600,weekly,2018-5-24T21:00:00.000,options,put
356,1526637000000,732.5,732.5,732.5,732.5,0,,26600,weekly,2018-5-24T21:00:00.000,options,put
357,1526637060000,732.5,732.5,732.5,732.5,0,,26600,weekly,2018-5-24T21:00:00.000,options,put
358,1526637120000,732.5,732.5,732.5,732.5,0,,26600,weekly,2018-5-24T21:00:00.000,options,put
359,1526637180000,732.5,732.5,732.5,732.5,0,,26600,weekly,2018-5-24T21:00:00.000,options,put
360,1526637240000,732.5,732.5,732.5,732.5,0,,26600,weekly,2018-5-24T21:00:00.000,options,put
361,1526637300000,732.5,732.5,732.5,732.5,0,,26600,weekly,2018-5-24T21:00:00.000,options,put
362,1526637360000,732.5,732.5,732.5,732.5,0,,26600,weekly,2018-5-24T21:00:00.000,options,put
363,1526637420000,732.5,732.5,681.0,681.0,80,,26600,weekly,2018-5-24T21:00:00.000,options,put
364,1526637480000,681.0,681.0,681.0,681.0,0,,26600,weekly,2018-5-24T21:00:00.000,options,put
365,1526637540000,681.0,681.0,681.0,681.0,0,,26600,weekly,2018-5-24T21:00:00.000,options,put
366,1526637600000,681.0,681.0,681.0,681.0,0,,26600,weekly,2018-5-24T21:00:00.000,options,put
