,timestamp,open,high,low,close,volume,open_interest,strike,expiry_type,expiry,instrument,contract_type
0,1603098900000,380.0,380.0,227.0,241.1,19650,,11700,weekly,2020-10-29T21:00:00.000,options,call
1,1603098960000,240.3,242.25,235.35,236.0,9675,,11700,weekly,2020-10-29T21:00:00.000,options,call
2,1603099020000,236.0,239.0,234.35,239.0,7500,,11700,weekly,2020-10-29T21:00:00.000,options,call
3,1603099080000,239.0,240.2,236.05,240.2,2400,,11700,weekly,2020-10-29T21:00:00.000,options,call
4,1603099140000,240.3,243.5,239.6,241.9,9825,,11700,weekly,2020-10-29T21:00:00.000,options,call
5,1603099200000,244.5,249.45,243.5,248.95,13200,,11700,weekly,2020-10-29T21:00:00.000,options,call
6,1603099260000,249.0,249.75,244.7,246.1,7875,,11700,weekly,2020-10-29T21:00:00.000,options,call
7,1603099320000,245.55,245.55,243.85,244.15,3900,,11700,weekly,2020-10-29T21:00:00.000,options,call
8,1603099380000,242.0,242.0,238.1,238.1,4650,,11700,weekly,2020-10-29T21:00:00.000,options,call
9,1603099440000,237.05,237.05,230.0,230.6,2925,,11700,weekly,2020-10-29T21:00:00.000,options,call
10,1603099500000,231.3,235.0,228.5,234.35,4950,,11700,weekly,2020-10-29T21:00:00.000,options,call
11,1603099560000,235.5,240.0,233.35,240.0,1875,,11700,weekly,2020-10-29T21:00:00.000,options,call
12,1603099620000,240.0,242.75,239.2,241.2,10875,,11700,weekly,2020-10-29T21:00:00.000,options,call
13,1603099680000,241.2,241.2,235.4,235.8,1575,,11700,weekly,2020-10-29T21:00:00.000,options,call
14,1603099740000,235.8,236.3,231.25,234.0,3675,,11700,weekly,2020-10-29T21:00:00.000,options,call
15,1603099800000,233.9,236.65,232.5,232.6,1800,,11700,weekly,2020-10-29T21:00:00.000,options,call
16,1603099860000,231.8,238.45,227.65,238.05,9000,,11700,weekly,2020-10-29T21:00:00.000,options,call
17,1603099920000,238.05,240.0,236.4,239.35,2775,,11700,weekly,2020-10-29T21:00:00.000,options,call
18,1603099980000,237.2,240.0,237.0,237.6,1575,,11700,weekly,2020-10-29T21:00:00.000,options,call
19,1603100040000,237.6,240.0,235.6,240.0,1275,,11700,weekly,2020-10-29T21:00:00.000,options,call
20,1603100100000,240.45,240.45,235.05,238.0,1050,,11700,weekly,2020-10-29T21:00:00.000,options,call
21,1603100160000,236.3,240.0,236.3,240.0,2250,,11700,weekly,2020-10-29T21:00:00.000,options,call
22,1603100220000,239.65,240.55,237.15,237.15,825,,11700,weekly,2020-10-29T21:00:00.000,options,call
23,1603100280000,238.0,238.0,236.65,237.35,675,,11700,weekly,2020-10-29T21:00:00.000,options,call
24,1603100340000,235.45,235.45,234.2,234.95,600,,11700,weekly,2020-10-29T21:00:00.000,options,call
25,1603100400000,233.7,242.65,233.7,241.95,1500,,11700,weekly,2020-10-29T21:00:00.000,options,call
26,1603100460000,241.75,242.55,239.25,240.15,900,,11700,weekly,2020-10-29T21:00:00.000,options,call
27,1603100520000,240.15,243.1,239.0,240.8,2775,,11700,weekly,2020-10-29T21:00:00.000,options,call
28,1603100580000,240.8,242.0,240.05,242.0,675,,11700,weekly,2020-10-29T21:00:00.000,options,call
29,1603100640000,242.0,242.0,239.0,239.0,825,,11700,weekly,2020-10-29T21:00:00.000,options,call
30,1603100700000,240.0,245.0,240.0,245.0,1725,,11700,weekly,2020-10-29T21:00:00.000,options,call
31,1603100760000,244.6,245.05,242.7,243.15,1725,,11700,weekly,2020-10-29T21:00:00.000,options,call
32,1603100820000,242.8,245.0,241.95,245.0,2400,,11700,weekly,2020-10-29T21:00:00.000,options,call
33,1603100880000,245.05,247.0,245.05,246.9,4575,,11700,weekly,2020-10-29T21:00:00.000,options,call
34,1603100940000,247.75,248.5,246.15,247.7,3375,,11700,weekly,2020-10-29T21:00:00.000,options,call
35,1603101000000,247.7,256.25,247.7,256.25,11925,,11700,weekly,2020-10-29T21:00:00.000,options,call
36,1603101060000,256.25,260.85,256.25,257.85,14850,,11700,weekly,2020-10-29T21:00:00.000,options,call
37,1603101120000,258.4,260.45,258.0,258.0,5925,,11700,weekly,2020-10-29T21:00:00.000,options,call
38,1603101180000,258.0,260.9,256.0,260.0,2325,,11700,weekly,2020-10-29T21:00:00.000,options,call
39,1603101240000,260.65,261.75,255.75,261.4,8775,,11700,weekly,2020-10-29T21:00:00.000,options,call
40,1603101300000,260.45,261.15,254.7,255.8,1350,,11700,weekly,2020-10-29T21:00:00.000,options,call
41,1603101360000,255.8,259.0,255.4,258.95,1650,,11700,weekly,2020-10-29T21:00:00.000,options,call
42,1603101420000,259.0,259.0,254.2,256.8,1350,,11700,weekly,2020-10-29T21:00:00.000,options,call
43,1603101480000,255.55,257.9,255.2,257.9,4275,,11700,weekly,2020-10-29T21:00:00.000,options,call
44,1603101540000,255.9,262.05,255.9,262.05,10050,,11700,weekly,2020-10-29T21:00:00.000,options,call
45,1603101600000,261.1,263.0,255.7,255.7,6450,,11700,weekly,2020-10-29T21:00:00.000,options,call
46,1603101660000,256.85,256.85,254.25,256.55,4800,,11700,weekly,2020-10-29T21:00:00.000,options,call
47,1603101720000,255.65,259.55,255.2,259.1,6225,,11700,weekly,2020-10-29T21:00:00.000,options,call
48,1603101780000,259.35,266.1,259.35,263.95,13425,,11700,weekly,2020-10-29T21:00:00.000,options,call
49,1603101840000,264.1,264.85,262.15,263.35,8625,,11700,weekly,2020-10-29T21:00:00.000,options,call
50,1603101900000,264.15,265.1,262.45,264.5,6600,,11700,weekly,2020-10-29T21:00:00.000,options,call
51,1603101960000,264.5,265.0,263.05,264.8,3675,,11700,weekly,2020-10-29T21:00:00.000,options,call
52,1603102020000,265.4,265.4,261.75,263.6,6450,,11700,weekly,2020-10-29T21:00:00.000,options,call
53,1603102080000,263.6,264.7,261.7,262.05,11625,,11700,weekly,2020-10-29T21:00:00.000,options,call
54,1603102140000,262.9,268.25,262.8,265.95,6225,,11700,weekly,2020-10-29T21:00:00.000,options,call
55,1603102200000,268.35,271.95,265.0,265.0,4275,,11700,weekly,2020-10-29T21:00:00.000,options,call
56,1603102260000,265.0,267.7,262.75,262.75,5550,,11700,weekly,2020-10-29T21:00:00.000,options,call
57,1603102320000,264.05,265.2,263.0,263.65,5175,,11700,weekly,2020-10-29T21:00:00.000,options,call
58,1603102380000,263.65,263.7,259.0,261.65,7350,,11700,weekly,2020-10-29T21:00:00.000,options,call
59,1603102440000,261.65,263.25,260.15,260.7,3600,,11700,weekly,2020-10-29T21:00:00.000,options,call
60,1603102500000,260.95,263.7,260.95,261.05,3075,,11700,weekly,2020-10-29T21:00:00.000,options,call
61,1603102560000,259.55,264.5,259.55,264.5,2775,,11700,weekly,2020-10-29T21:00:00.000,options,call
62,1603102620000,264.95,268.2,264.75,266.05,3375,,11700,weekly,2020-10-29T21:00:00.000,options,call
63,1603102680000,266.05,266.05,263.6,263.6,1275,,11700,weekly,2020-10-29T21:00:00.000,options,call
64,1603102740000,264.95,264.95,263.95,263.95,225,,11700,weekly,2020-10-29T21:00:00.000,options,call
65,1603102800000,263.45,263.45,261.0,262.55,25650,,11700,weekly,2020-10-29T21:00:00.000,options,call
66,1603102860000,262.55,262.55,258.6,260.95,4200,,11700,weekly,2020-10-29T21:00:00.000,options,call
67,1603102920000,261.0,262.2,258.35,261.35,5475,,11700,weekly,2020-10-29T21:00:00.000,options,call
68,1603102980000,261.35,264.3,261.35,263.0,6675,,11700,weekly,2020-10-29T21:00:00.000,options,call
69,1603103040000,262.45,265.0,262.45,263.75,1800,,11700,weekly,2020-10-29T21:00:00.000,options,call
70,1603103100000,263.75,263.95,262.7,263.55,675,,11700,weekly,2020-10-29T21:00:00.000,options,call
71,1603103160000,261.65,262.35,259.5,259.5,1800,,11700,weekly,2020-10-29T21:00:00.000,options,call
72,1603103220000,259.5,261.05,259.5,261.05,1125,,11700,weekly,2020-10-29T21:00:00.000,options,call
73,1603103280000,260.7,262.9,260.7,262.9,2100,,11700,weekly,2020-10-29T21:00:00.000,options,call
74,1603103340000,262.0,264.9,262.0,264.9,2175,,11700,weekly,2020-10-29T21:00:00.000,options,call
75,1603103400000,263.0,263.6,263.0,263.5,450,,11700,weekly,2020-10-29T21:00:00.000,options,call
76,1603103460000,263.95,264.6,262.7,264.55,1950,,11700,weekly,2020-10-29T21:00:00.000,options,call
77,1603103520000,262.9,263.0,262.4,262.4,525,,11700,weekly,2020-10-29T21:00:00.000,options,call
78,1603103580000,262.4,262.65,260.95,262.0,1125,,11700,weekly,2020-10-29T21:00:00.000,options,call
79,1603103640000,262.0,262.75,261.5,262.75,675,,11700,weekly,2020-10-29T21:00:00.000,options,call
80,1603103700000,265.0,266.4,264.9,266.05,1500,,11700,weekly,2020-10-29T21:00:00.000,options,call
81,1603103760000,266.05,266.05,264.55,264.8,1200,,11700,weekly,2020-10-29T21:00:00.000,options,call
82,1603103820000,264.45,265.55,264.0,264.0,375,,11700,weekly,2020-10-29T21:00:00.000,options,call
83,1603103880000,264.0,267.15,264.0,267.1,1725,,11700,weekly,2020-10-29T21:00:00.000,options,call
84,1603103940000,267.6,267.9,267.25,267.9,750,,11700,weekly,2020-10-29T21:00:00.000,options,call
85,1603104000000,267.85,269.2,266.3,267.4,3750,,11700,weekly,2020-10-29T21:00:00.000,options,call
86,1603104060000,269.45,274.1,269.45,273.55,6225,,11700,weekly,2020-10-29T21:00:00.000,options,call
87,1603104120000,273.55,273.7,272.05,273.0,1650,,11700,weekly,2020-10-29T21:00:00.000,options,call
88,1603104180000,273.0,273.0,271.8,271.8,150,,11700,weekly,2020-10-29T21:00:00.000,options,call
89,1603104240000,272.75,276.25,272.75,274.85,2475,,11700,weekly,2020-10-29T21:00:00.000,options,call
90,1603104300000,274.85,274.85,269.4,272.05,4350,,11700,weekly,2020-10-29T21:00:00.000,options,call
91,1603104360000,272.3,272.3,269.95,270.1,1275,,11700,weekly,2020-10-29T21:00:00.000,options,call
92,1603104420000,269.75,271.0,269.75,269.8,3075,,11700,weekly,2020-10-29T21:00:00.000,options,call
93,1603104480000,268.4,269.45,267.7,267.9,825,,11700,weekly,2020-10-29T21:00:00.000,options,call
94,1603104540000,268.4,268.4,266.05,267.7,2175,,11700,weekly,2020-10-29T21:00:00.000,options,call
95,1603104600000,265.95,265.95,262.15,262.2,2925,,11700,weekly,2020-10-29T21:00:00.000,options,call
96,1603104660000,261.3,262.1,259.25,262.1,1950,,11700,weekly,2020-10-29T21:00:00.000,options,call
97,1603104720000,259.1,259.5,257.05,257.05,750,,11700,weekly,2020-10-29T21:00:00.000,options,call
98,1603104780000,257.1,260.45,255.5,260.45,1200,,11700,weekly,2020-10-29T21:00:00.000,options,call
99,1603104840000,260.55,260.7,259.8,260.7,525,,11700,weekly,2020-10-29T21:00:00.000,options,call
100,1603104900000,260.15,260.15,255.25,257.85,1725,,11700,weekly,2020-10-29T21:00:00.000,options,call
101,1603104960000,257.85,259.75,257.85,257.9,675,,11700,weekly,2020-10-29T21:00:00.000,options,call
102,1603105020000,262.5,264.4,262.5,262.55,1200,,11700,weekly,2020-10-29T21:00:00.000,options,call
103,1603105080000,263.55,264.1,263.45,264.1,375,,11700,weekly,2020-10-29T21:00:00.000,options,call
104,1603105140000,262.55,263.5,262.55,263.5,150,,11700,weekly,2020-10-29T21:00:00.000,options,call
105,1603105200000,262.55,262.55,259.3,261.3,1500,,11700,weekly,2020-10-29T21:00:00.000,options,call
106,1603105260000,264.0,264.35,263.0,263.35,2100,,11700,weekly,2020-10-29T21:00:00.000,options,call
107,1603105320000,262.9,262.9,260.15,260.5,300,,11700,weekly,2020-10-29T21:00:00.000,options,call
108,1603105380000,259.15,259.15,259.15,259.15,150,,11700,weekly,2020-10-29T21:00:00.000,options,call
109,1603105440000,260.2,260.2,260.2,260.2,300,,11700,weekly,2020-10-29T21:00:00.000,options,call
110,1603105500000,260.75,260.75,260.3,260.3,600,,11700,weekly,2020-10-29T21:00:00.000,options,call
111,1603105560000,259.6,262.0,259.6,262.0,1275,,11700,weekly,2020-10-29T21:00:00.000,options,call
112,1603105620000,259.5,259.5,258.25,258.25,1350,,11700,weekly,2020-10-29T21:00:00.000,options,call
113,1603105680000,260.0,260.0,249.5,252.15,9300,,11700,weekly,2020-10-29T21:00:00.000,options,call
114,1603105740000,252.15,253.5,244.25,245.1,1650,,11700,weekly,2020-10-29T21:00:00.000,options,call
115,1603105800000,245.1,252.0,245.1,252.0,975,,11700,weekly,2020-10-29T21:00:00.000,options,call
116,1603105860000,251.05,252.35,250.15,250.15,600,,11700,weekly,2020-10-29T21:00:00.000,options,call
117,1603105920000,248.95,252.8,247.0,252.8,3600,,11700,weekly,2020-10-29T21:00:00.000,options,call
118,1603105980000,255.0,256.1,252.0,252.35,5250,,11700,weekly,2020-10-29T21:00:00.000,options,call
119,1603106040000,252.0,252.3,252.0,252.3,675,,11700,weekly,2020-10-29T21:00:00.000,options,call
120,1603106100000,249.3,250.45,249.3,250.45,975,,11700,weekly,2020-10-29T21:00:00.000,options,call
121,1603106160000,250.45,253.25,250.45,252.3,450,,11700,weekly,2020-10-29T21:00:00.000,options,call
122,1603106220000,253.35,256.6,253.35,255.45,825,,11700,weekly,2020-10-29T21:00:00.000,options,call
123,1603106280000,253.0,254.95,253.0,254.95,300,,11700,weekly,2020-10-29T21:00:00.000,options,call
124,1603106340000,250.95,250.95,250.0,250.0,1425,,11700,weekly,2020-10-29T21:00:00.000,options,call
125,1603106400000,250.0,250.0,241.6,242.5,6000,,11700,weekly,2020-10-29T21:00:00.000,options,call
126,1603106460000,245.0,247.45,245.0,247.1,1200,,11700,weekly,2020-10-29T21:00:00.000,options,call
127,1603106520000,247.45,248.05,246.9,248.05,300,,11700,weekly,2020-10-29T21:00:00.000,options,call
128,1603106580000,247.3,247.4,244.5,244.5,450,,11700,weekly,2020-10-29T21:00:00.000,options,call
129,1603106640000,245.15,247.45,244.15,247.45,1425,,11700,weekly,2020-10-29T21:00:00.000,options,call
130,1603106700000,246.1,248.65,246.05,246.9,3150,,11700,weekly,2020-10-29T21:00:00.000,options,call
131,1603106760000,247.5,252.05,247.2,250.4,525,,11700,weekly,2020-10-29T21:00:00.000,options,call
132,1603106820000,250.4,255.0,248.95,252.25,2925,,11700,weekly,2020-10-29T21:00:00.000,options,call
133,1603106880000,253.0,253.0,251.65,252.35,675,,11700,weekly,2020-10-29T21:00:00.000,options,call
134,1603106940000,251.95,251.95,250.75,250.75,450,,11700,weekly,2020-10-29T21:00:00.000,options,call
135,1603107000000,252.35,255.0,252.35,253.7,1950,,11700,weekly,2020-10-29T21:00:00.000,options,call
136,1603107060000,255.7,257.25,254.65,257.25,525,,11700,weekly,2020-10-29T21:00:00.000,options,call
137,1603107120000,254.85,254.85,254.0,254.0,150,,11700,weekly,2020-10-29T21:00:00.000,options,call
138,1603107180000,253.25,253.25,251.05,251.05,1125,,11700,weekly,2020-10-29T21:00:00.000,options,call
139,1603107240000,250.0,250.8,250.0,250.5,375,,11700,weekly,2020-10-29T21:00:00.000,options,call
140,1603107300000,249.9,251.3,248.0,250.7,2850,,11700,weekly,2020-10-29T21:00:00.000,options,call
141,1603107360000,252.0,252.0,252.0,252.0,75,,11700,weekly,2020-10-29T21:00:00.000,options,call
142,1603107420000,252.6,253.4,252.6,253.4,300,,11700,weekly,2020-10-29T21:00:00.000,options,call
143,1603107480000,251.3,251.65,250.65,251.65,300,,11700,weekly,2020-10-29T21:00:00.000,options,call
144,1603107540000,251.9,252.15,251.65,252.15,300,,11700,weekly,2020-10-29T21:00:00.000,options,call
145,1603107600000,251.05,251.05,248.0,248.5,2550,,11700,weekly,2020-10-29T21:00:00.000,options,call
146,1603107720000,252.0,252.0,247.0,247.45,2025,,11700,weekly,2020-10-29T21:00:00.000,options,call
147,1603107780000,247.45,247.45,244.25,245.45,1575,,11700,weekly,2020-10-29T21:00:00.000,options,call
148,1603107840000,247.15,247.15,246.5,246.5,225,,11700,weekly,2020-10-29T21:00:00.000,options,call
149,1603107900000,249.05,250.6,249.05,250.6,300,,11700,weekly,2020-10-29T21:00:00.000,options,call
150,1603107960000,250.25,252.0,248.0,248.0,750,,11700,weekly,2020-10-29T21:00:00.000,options,call
151,1603108020000,247.0,247.95,247.0,247.95,825,,11700,weekly,2020-10-29T21:00:00.000,options,call
152,1603108080000,247.0,249.35,247.0,249.35,975,,11700,weekly,2020-10-29T21:00:00.000,options,call
153,1603108140000,248.8,249.0,247.65,249.0,375,,11700,weekly,2020-10-29T21:00:00.000,options,call
154,1603108200000,248.1,249.45,248.1,249.0,750,,11700,weekly,2020-10-29T21:00:00.000,options,call
155,1603108260000,245.0,245.0,242.85,243.8,600,,11700,weekly,2020-10-29T21:00:00.000,options,call
156,1603108320000,243.8,244.95,240.9,241.45,1575,,11700,weekly,2020-10-29T21:00:00.000,options,call
157,1603108380000,241.2,241.2,234.0,235.0,12300,,11700,weekly,2020-10-29T21:00:00.000,options,call
158,1603108440000,235.0,235.7,223.45,228.4,10875,,11700,weekly,2020-10-29T21:00:00.000,options,call
159,1603108500000,227.9,229.0,226.0,228.2,2850,,11700,weekly,2020-10-29T21:00:00.000,options,call
160,1603108560000,229.0,231.0,228.4,230.85,1050,,11700,weekly,2020-10-29T21:00:00.000,options,call
161,1603108620000,230.85,232.25,230.85,232.25,450,,11700,weekly,2020-10-29T21:00:00.000,options,call
162,1603108680000,232.5,235.0,231.15,235.0,1200,,11700,weekly,2020-10-29T21:00:00.000,options,call
163,1603108740000,234.0,234.0,233.6,233.6,150,,11700,weekly,2020-10-29T21:00:00.000,options,call
164,1603108800000,230.05,230.3,229.85,229.85,1200,,11700,weekly,2020-10-29T21:00:00.000,options,call
165,1603108860000,231.1,231.55,231.1,231.5,1650,,11700,weekly,2020-10-29T21:00:00.000,options,call
166,1603108920000,228.7,229.1,226.65,229.1,4050,,11700,weekly,2020-10-29T21:00:00.000,options,call
167,1603108980000,229.95,236.25,229.95,235.0,3375,,11700,weekly,2020-10-29T21:00:00.000,options,call
168,1603109040000,233.05,237.15,233.05,237.15,2175,,11700,weekly,2020-10-29T21:00:00.000,options,call
169,1603109100000,237.15,238.15,236.75,236.75,1725,,11700,weekly,2020-10-29T21:00:00.000,options,call
170,1603109160000,239.0,240.0,239.0,239.0,975,,11700,weekly,2020-10-29T21:00:00.000,options,call
171,1603109220000,238.0,238.05,237.15,237.15,2100,,11700,weekly,2020-10-29T21:00:00.000,options,call
172,1603109280000,238.0,240.95,238.0,240.95,1050,,11700,weekly,2020-10-29T21:00:00.000,options,call
173,1603109340000,240.5,244.2,239.3,241.65,2325,,11700,weekly,2020-10-29T21:00:00.000,options,call
174,1603109400000,243.0,243.0,240.0,240.0,825,,11700,weekly,2020-10-29T21:00:00.000,options,call
175,1603109460000,238.95,238.95,238.0,238.4,1500,,11700,weekly,2020-10-29T21:00:00.000,options,call
176,1603109520000,240.25,240.25,239.7,239.7,975,,11700,weekly,2020-10-29T21:00:00.000,options,call
177,1603109580000,238.6,240.0,238.6,240.0,150,,11700,weekly,2020-10-29T21:00:00.000,options,call
178,1603109640000,240.0,241.0,239.65,241.0,525,,11700,weekly,2020-10-29T21:00:00.000,options,call
179,1603109700000,242.15,242.15,239.15,239.15,1125,,11700,weekly,2020-10-29T21:00:00.000,options,call
180,1603109760000,238.95,238.95,238.95,238.95,300,,11700,weekly,2020-10-29T21:00:00.000,options,call
181,1603109820000,237.9,243.3,237.9,243.05,1125,,11700,weekly,2020-10-29T21:00:00.000,options,call
182,1603109880000,241.45,243.05,241.45,243.05,1125,,11700,weekly,2020-10-29T21:00:00.000,options,call
183,1603110000000,241.3,243.0,241.3,243.0,300,,11700,weekly,2020-10-29T21:00:00.000,options,call
184,1603110060000,245.0,245.1,244.6,244.6,225,,11700,weekly,2020-10-29T21:00:00.000,options,call
185,1603110120000,246.0,246.0,243.85,244.45,300,,11700,weekly,2020-10-29T21:00:00.000,options,call
186,1603110180000,243.0,245.5,243.0,245.5,300,,11700,weekly,2020-10-29T21:00:00.000,options,call
187,1603110240000,245.1,245.1,245.1,245.1,150,,11700,weekly,2020-10-29T21:00:00.000,options,call
188,1603110300000,241.85,241.85,241.85,241.85,150,,11700,weekly,2020-10-29T21:00:00.000,options,call
189,1603110360000,243.0,243.0,243.0,243.0,450,,11700,weekly,2020-10-29T21:00:00.000,options,call
190,1603110480000,245.0,245.2,244.4,244.4,225,,11700,weekly,2020-10-29T21:00:00.000,options,call
191,1603110540000,242.55,242.55,242.55,242.55,75,,11700,weekly,2020-10-29T21:00:00.000,options,call
192,1603110600000,244.7,245.8,244.7,244.9,450,,11700,weekly,2020-10-29T21:00:00.000,options,call
193,1603110660000,245.05,245.05,245.0,245.0,1650,,11700,weekly,2020-10-29T21:00:00.000,options,call
194,1603110720000,245.2,245.5,245.2,245.5,375,,11700,weekly,2020-10-29T21:00:00.000,options,call
195,1603110780000,248.35,252.0,248.35,249.5,3075,,11700,weekly,2020-10-29T21:00:00.000,options,call
196,1603110840000,249.6,251.05,248.8,251.05,1125,,11700,weekly,2020-10-29T21:00:00.000,options,call
197,1603110900000,248.85,249.95,248.85,249.45,375,,11700,weekly,2020-10-29T21:00:00.000,options,call
198,1603110960000,249.85,252.15,249.0,252.15,1425,,11700,weekly,2020-10-29T21:00:00.000,options,call
199,1603111020000,250.0,250.0,250.0,250.0,675,,11700,weekly,2020-10-29T21:00:00.000,options,call
200,1603111080000,251.1,251.25,249.9,250.05,1275,,11700,weekly,2020-10-29T21:00:00.000,options,call
201,1603111140000,251.15,251.15,251.15,251.15,75,,11700,weekly,2020-10-29T21:00:00.000,options,call
202,1603111200000,250.0,250.25,250.0,250.25,3075,,11700,weekly,2020-10-29T21:00:00.000,options,call
203,1603111260000,247.55,247.55,247.55,247.55,150,,11700,weekly,2020-10-29T21:00:00.000,options,call
204,1603111320000,244.65,245.6,244.65,245.6,225,,11700,weekly,2020-10-29T21:00:00.000,options,call
205,1603111380000,247.3,247.55,247.3,247.55,750,,11700,weekly,2020-10-29T21:00:00.000,options,call
206,1603111440000,248.3,248.3,247.7,247.75,750,,11700,weekly,2020-10-29T21:00:00.000,options,call
207,1603111500000,250.0,254.4,250.0,251.0,975,,11700,weekly,2020-10-29T21:00:00.000,options,call
208,1603111560000,252.35,252.35,250.15,250.15,1275,,11700,weekly,2020-10-29T21:00:00.000,options,call
209,1603111620000,251.05,251.05,249.85,251.0,1500,,11700,weekly,2020-10-29T21:00:00.000,options,call
210,1603111680000,251.0,252.2,251.0,252.2,525,,11700,weekly,2020-10-29T21:00:00.000,options,call
211,1603111740000,250.15,251.35,250.15,250.8,300,,11700,weekly,2020-10-29T21:00:00.000,options,call
212,1603111800000,251.0,257.0,251.0,257.0,600,,11700,weekly,2020-10-29T21:00:00.000,options,call
213,1603111860000,255.6,255.6,252.25,252.35,1200,,11700,weekly,2020-10-29T21:00:00.000,options,call
214,1603111920000,252.15,252.15,250.95,251.1,6600,,11700,weekly,2020-10-29T21:00:00.000,options,call
215,1603111980000,249.6,249.6,249.45,249.55,375,,11700,weekly,2020-10-29T21:00:00.000,options,call
216,1603112040000,249.25,249.25,249.25,249.25,150,,11700,weekly,2020-10-29T21:00:00.000,options,call
217,1603112160000,245.0,245.0,245.0,245.0,150,,11700,weekly,2020-10-29T21:00:00.000,options,call
218,1603112220000,245.0,245.5,242.9,244.4,750,,11700,weekly,2020-10-29T21:00:00.000,options,call
219,1603112280000,245.5,245.5,245.5,245.5,225,,11700,weekly,2020-10-29T21:00:00.000,options,call
220,1603112340000,246.4,246.6,246.4,246.6,525,,11700,weekly,2020-10-29T21:00:00.000,options,call
221,1603112400000,245.5,245.5,245.5,245.5,75,,11700,weekly,2020-10-29T21:00:00.000,options,call
222,1603112580000,244.4,244.4,241.0,241.0,1350,,11700,weekly,2020-10-29T21:00:00.000,options,call
223,1603112640000,240.05,242.25,239.45,241.45,2175,,11700,weekly,2020-10-29T21:00:00.000,options,call
224,1603112700000,239.25,239.25,235.0,236.55,2100,,11700,weekly,2020-10-29T21:00:00.000,options,call
225,1603112760000,239.5,240.45,239.4,239.4,300,,11700,weekly,2020-10-29T21:00:00.000,options,call
226,1603112820000,244.25,244.25,242.3,242.5,1200,,11700,weekly,2020-10-29T21:00:00.000,options,call
227,1603112880000,243.3,243.65,241.5,241.7,1650,,11700,weekly,2020-10-29T21:00:00.000,options,call
228,1603112940000,241.25,243.8,241.25,243.8,225,,11700,weekly,2020-10-29T21:00:00.000,options,call
229,1603113000000,243.8,249.05,243.8,248.2,750,,11700,weekly,2020-10-29T21:00:00.000,options,call
230,1603113060000,248.0,248.0,246.35,246.95,675,,11700,weekly,2020-10-29T21:00:00.000,options,call
231,1603113180000,247.85,249.0,247.85,249.0,675,,11700,weekly,2020-10-29T21:00:00.000,options,call
232,1603113240000,250.0,250.8,250.0,250.45,600,,11700,weekly,2020-10-29T21:00:00.000,options,call
233,1603113300000,253.0,256.45,253.0,255.55,5400,,11700,weekly,2020-10-29T21:00:00.000,options,call
234,1603113360000,255.75,259.25,255.05,255.25,5325,,11700,weekly,2020-10-29T21:00:00.000,options,call
235,1603113420000,254.05,255.1,252.35,252.35,2625,,11700,weekly,2020-10-29T21:00:00.000,options,call
236,1603113480000,250.8,251.3,249.75,250.5,525,,11700,weekly,2020-10-29T21:00:00.000,options,call
237,1603113540000,252.45,252.9,252.35,252.9,300,,11700,weekly,2020-10-29T21:00:00.000,options,call
238,1603113600000,253.0,253.65,253.0,253.45,225,,11700,weekly,2020-10-29T21:00:00.000,options,call
239,1603113660000,252.0,253.0,251.3,251.3,1500,,11700,weekly,2020-10-29T21:00:00.000,options,call
240,1603113720000,251.0,251.0,248.0,248.25,600,,11700,weekly,2020-10-29T21:00:00.000,options,call
241,1603113780000,248.25,248.25,248.25,248.25,150,,11700,weekly,2020-10-29T21:00:00.000,options,call
242,1603113840000,245.55,246.3,245.35,245.35,750,,11700,weekly,2020-10-29T21:00:00.000,options,call
243,1603113900000,248.5,248.5,248.5,248.5,75,,11700,weekly,2020-10-29T21:00:00.000,options,call
244,1603113960000,248.9,249.05,247.95,247.95,300,,11700,weekly,2020-10-29T21:00:00.000,options,call
245,1603114020000,245.0,247.85,245.0,247.85,750,,11700,weekly,2020-10-29T21:00:00.000,options,call
246,1603114080000,246.0,246.0,245.95,246.0,1275,,11700,weekly,2020-10-29T21:00:00.000,options,call
247,1603114140000,245.0,245.0,239.4,241.3,2025,,11700,weekly,2020-10-29T21:00:00.000,options,call
248,1603114200000,241.25,241.25,235.45,236.7,5550,,11700,weekly,2020-10-29T21:00:00.000,options,call
249,1603114260000,240.3,242.0,240.3,242.0,1425,,11700,weekly,2020-10-29T21:00:00.000,options,call
250,1603114320000,242.8,243.9,241.95,241.95,1200,,11700,weekly,2020-10-29T21:00:00.000,options,call
251,1603114380000,243.0,243.5,242.7,243.5,1950,,11700,weekly,2020-10-29T21:00:00.000,options,call
252,1603114440000,243.5,244.0,240.85,240.85,2100,,11700,weekly,2020-10-29T21:00:00.000,options,call
253,1603114500000,245.25,245.25,243.6,243.6,300,,11700,weekly,2020-10-29T21:00:00.000,options,call
254,1603114560000,241.55,241.55,238.4,239.0,1050,,11700,weekly,2020-10-29T21:00:00.000,options,call
255,1603114620000,238.95,243.2,238.95,243.05,450,,11700,weekly,2020-10-29T21:00:00.000,options,call
256,1603114680000,244.4,245.0,244.4,245.0,1500,,11700,weekly,2020-10-29T21:00:00.000,options,call
257,1603114740000,248.05,249.15,247.65,247.65,450,,11700,weekly,2020-10-29T21:00:00.000,options,call
258,1603114800000,245.3,245.4,245.0,245.0,1350,,11700,weekly,2020-10-29T21:00:00.000,options,call
259,1603114860000,244.45,245.45,244.45,245.45,150,,11700,weekly,2020-10-29T21:00:00.000,options,call
260,1603114920000,244.3,248.65,244.3,247.35,1800,,11700,weekly,2020-10-29T21:00:00.000,options,call
261,1603114980000,246.9,246.9,245.0,245.0,450,,11700,weekly,2020-10-29T21:00:00.000,options,call
262,1603115040000,245.0,247.05,245.0,245.75,450,,11700,weekly,2020-10-29T21:00:00.000,options,call
263,1603115100000,245.2,245.2,244.25,244.4,225,,11700,weekly,2020-10-29T21:00:00.000,options,call
264,1603115160000,244.4,244.4,242.85,242.85,225,,11700,weekly,2020-10-29T21:00:00.000,options,call
265,1603115220000,242.75,243.9,242.4,243.9,675,,11700,weekly,2020-10-29T21:00:00.000,options,call
266,1603115280000,244.0,244.1,244.0,244.1,150,,11700,weekly,2020-10-29T21:00:00.000,options,call
267,1603115340000,242.65,246.2,242.65,246.2,525,,11700,weekly,2020-10-29T21:00:00.000,options,call
268,1603115400000,244.3,244.5,243.75,244.5,150,,11700,weekly,2020-10-29T21:00:00.000,options,call
269,1603115460000,244.5,246.25,244.5,245.75,675,,11700,weekly,2020-10-29T21:00:00.000,options,call
270,1603115520000,249.7,249.7,245.8,246.85,675,,11700,weekly,2020-10-29T21:00:00.000,options,call
271,1603115580000,247.0,247.0,245.8,245.8,1200,,11700,weekly,2020-10-29T21:00:00.000,options,call
272,1603115640000,248.0,248.0,247.3,247.45,1650,,11700,weekly,2020-10-29T21:00:00.000,options,call
273,1603115700000,250.0,250.4,245.95,246.45,600,,11700,weekly,2020-10-29T21:00:00.000,options,call
274,1603115760000,245.0,245.35,245.0,245.35,1200,,11700,weekly,2020-10-29T21:00:00.000,options,call
275,1603115820000,245.45,247.8,244.95,247.3,750,,11700,weekly,2020-10-29T21:00:00.000,options,call
276,1603115880000,246.55,248.0,246.5,246.5,375,,11700,weekly,2020-10-29T21:00:00.000,options,call
277,1603115940000,246.55,250.0,246.5,250.0,1125,,11700,weekly,2020-10-29T21:00:00.000,options,call
278,1603116000000,250.0,252.8,249.8,250.3,2325,,11700,weekly,2020-10-29T21:00:00.000,options,call
279,1603116060000,250.0,251.55,250.0,251.55,450,,11700,weekly,2020-10-29T21:00:00.000,options,call
280,1603116120000,251.4,253.0,250.65,250.65,750,,11700,weekly,2020-10-29T21:00:00.000,options,call
281,1603116180000,250.0,251.25,248.2,251.25,2325,,11700,weekly,2020-10-29T21:00:00.000,options,call
282,1603116240000,256.05,260.5,256.05,258.0,7425,,11700,weekly,2020-10-29T21:00:00.000,options,call
283,1603116300000,258.9,263.65,256.6,256.6,5250,,11700,weekly,2020-10-29T21:00:00.000,options,call
284,1603116360000,256.1,256.1,254.85,254.85,1275,,11700,weekly,2020-10-29T21:00:00.000,options,call
285,1603116420000,255.0,255.6,254.4,255.6,750,,11700,weekly,2020-10-29T21:00:00.000,options,call
286,1603116480000,256.0,256.05,255.5,256.05,525,,11700,weekly,2020-10-29T21:00:00.000,options,call
287,1603116540000,259.0,260.6,259.0,260.3,9975,,11700,weekly,2020-10-29T21:00:00.000,options,call
288,1603116600000,260.35,260.35,256.25,257.0,1500,,11700,weekly,2020-10-29T21:00:00.000,options,call
289,1603116660000,257.85,259.4,256.85,257.55,525,,11700,weekly,2020-10-29T21:00:00.000,options,call
290,1603116720000,257.4,257.4,254.95,254.95,1050,,11700,weekly,2020-10-29T21:00:00.000,options,call
291,1603116780000,255.45,259.05,255.45,259.05,1800,,11700,weekly,2020-10-29T21:00:00.000,options,call
292,1603116840000,259.05,261.15,259.05,261.15,750,,11700,weekly,2020-10-29T21:00:00.000,options,call
293,1603116900000,260.3,261.4,260.3,261.4,1050,,11700,weekly,2020-10-29T21:00:00.000,options,call
294,1603116960000,260.3,260.3,258.0,258.05,2925,,11700,weekly,2020-10-29T21:00:00.000,options,call
295,1603117020000,258.5,258.5,256.9,257.65,3000,,11700,weekly,2020-10-29T21:00:00.000,options,call
296,1603117080000,257.65,257.75,250.0,250.0,3150,,11700,weekly,2020-10-29T21:00:00.000,options,call
297,1603117140000,252.35,254.05,252.0,254.05,600,,11700,weekly,2020-10-29T21:00:00.000,options,call
298,1603117200000,255.35,259.05,255.35,259.05,525,,11700,weekly,2020-10-29T21:00:00.000,options,call
299,1603117260000,256.35,257.5,256.25,257.5,1200,,11700,weekly,2020-10-29T21:00:00.000,options,call
300,1603117320000,256.3,258.65,256.3,257.3,450,,11700,weekly,2020-10-29T21:00:00.000,options,call
301,1603117380000,259.05,259.4,256.4,256.4,1050,,11700,weekly,2020-10-29T21:00:00.000,options,call
302,1603117440000,256.0,256.0,255.0,255.0,525,,11700,weekly,2020-10-29T21:00:00.000,options,call
303,1603117500000,256.3,256.3,256.3,256.3,75,,11700,weekly,2020-10-29T21:00:00.000,options,call
304,1603117560000,256.3,256.45,256.3,256.45,150,,11700,weekly,2020-10-29T21:00:00.000,options,call
305,1603117620000,257.7,260.4,257.7,260.4,375,,11700,weekly,2020-10-29T21:00:00.000,options,call
306,1603117680000,260.4,260.4,258.9,259.5,3900,,11700,weekly,2020-10-29T21:00:00.000,options,call
307,1603117740000,258.8,260.0,257.45,257.45,750,,11700,weekly,2020-10-29T21:00:00.000,options,call
308,1603117800000,260.0,260.0,258.85,258.85,300,,11700,weekly,2020-10-29T21:00:00.000,options,call
309,1603117860000,256.1,256.1,251.3,251.85,3600,,11700,weekly,2020-10-29T21:00:00.000,options,call
310,1603117920000,250.15,253.15,250.15,253.0,450,,11700,weekly,2020-10-29T21:00:00.000,options,call
311,1603117980000,251.95,257.0,251.95,257.0,525,,11700,weekly,2020-10-29T21:00:00.000,options,call
312,1603118040000,259.95,268.65,259.95,268.65,7275,,11700,weekly,2020-10-29T21:00:00.000,options,call
313,1603118100000,268.65,270.0,264.55,264.55,6450,,11700,weekly,2020-10-29T21:00:00.000,options,call
314,1603118160000,265.15,267.0,263.35,264.95,450,,11700,weekly,2020-10-29T21:00:00.000,options,call
315,1603118220000,267.05,267.05,262.35,262.35,1650,,11700,weekly,2020-10-29T21:00:00.000,options,call
316,1603118280000,263.15,263.15,259.1,259.1,600,,11700,weekly,2020-10-29T21:00:00.000,options,call
317,1603118340000,260.0,260.35,255.0,257.0,900,,11700,weekly,2020-10-29T21:00:00.000,options,call
318,1603118400000,259.2,259.2,258.95,258.95,300,,11700,weekly,2020-10-29T21:00:00.000,options,call
319,1603118460000,257.5,257.5,253.45,254.1,825,,11700,weekly,2020-10-29T21:00:00.000,options,call
320,1603118520000,254.1,257.0,254.1,257.0,975,,11700,weekly,2020-10-29T21:00:00.000,options,call
321,1603118580000,259.0,259.0,259.0,259.0,1050,,11700,weekly,2020-10-29T21:00:00.000,options,call
322,1603118640000,257.0,258.95,256.8,256.8,3675,,11700,weekly,2020-10-29T21:00:00.000,options,call
323,1603118700000,258.95,261.6,258.95,259.9,1275,,11700,weekly,2020-10-29T21:00:00.000,options,call
324,1603118760000,260.75,262.0,260.75,261.7,2175,,11700,weekly,2020-10-29T21:00:00.000,options,call
325,1603118820000,259.4,264.0,259.4,261.05,2700,,11700,weekly,2020-10-29T21:00:00.000,options,call
326,1603118880000,261.4,261.7,260.0,260.0,450,,11700,weekly,2020-10-29T21:00:00.000,options,call
327,1603118940000,259.05,260.4,257.8,257.8,1950,,11700,weekly,2020-10-29T21:00:00.000,options,call
328,1603119000000,257.8,257.8,256.5,256.9,300,,11700,weekly,2020-10-29T21:00:00.000,options,call
329,1603119060000,258.0,258.0,257.2,258.0,1200,,11700,weekly,2020-10-29T21:00:00.000,options,call
330,1603119120000,259.25,262.2,259.25,262.2,1050,,11700,weekly,2020-10-29T21:00:00.000,options,call
331,1603119180000,264.5,266.65,261.8,262.3,5700,,11700,weekly,2020-10-29T21:00:00.000,options,call
332,1603119240000,262.25,262.65,260.15,260.9,8250,,11700,weekly,2020-10-29T21:00:00.000,options,call
333,1603119300000,260.9,262.15,260.9,261.7,2850,,11700,weekly,2020-10-29T21:00:00.000,options,call
334,1603119360000,261.55,263.6,260.4,263.35,2325,,11700,weekly,2020-10-29T21:00:00.000,options,call
335,1603119420000,263.15,263.15,261.65,262.5,1275,,11700,weekly,2020-10-29T21:00:00.000,options,call
336,1603119480000,261.1,261.3,260.05,260.65,2250,,11700,weekly,2020-10-29T21:00:00.000,options,call
337,1603119540000,261.25,261.25,257.35,258.55,4875,,11700,weekly,2020-10-29T21:00:00.000,options,call
338,1603119600000,258.8,262.0,258.8,261.25,1350,,11700,weekly,2020-10-29T21:00:00.000,options,call
339,1603119660000,261.15,261.15,258.65,258.65,525,,11700,weekly,2020-10-29T21:00:00.000,options,call
340,1603119720000,260.15,261.4,259.0,259.4,1575,,11700,weekly,2020-10-29T21:00:00.000,options,call
341,1603119780000,260.25,260.6,259.9,260.6,1050,,11700,weekly,2020-10-29T21:00:00.000,options,call
342,1603119840000,262.6,264.85,262.4,263.4,2775,,11700,weekly,2020-10-29T21:00:00.000,options,call
343,1603119900000,264.0,264.3,261.2,261.7,975,,11700,weekly,2020-10-29T21:00:00.000,options,call
344,1603119960000,261.7,262.5,259.55,261.45,4275,,11700,weekly,2020-10-29T21:00:00.000,options,call
345,1603120020000,261.45,264.55,261.45,262.7,8475,,11700,weekly,2020-10-29T21:00:00.000,options,call
346,1603120080000,263.35,263.45,260.95,261.75,8925,,11700,weekly,2020-10-29T21:00:00.000,options,call
347,1603120140000,261.95,264.0,260.4,260.4,9675,,11700,weekly,2020-10-29T21:00:00.000,options,call
348,1603120200000,263.45,263.45,261.15,261.15,225,,11700,weekly,2020-10-29T21:00:00.000,options,call
349,1603120260000,262.25,264.0,262.25,263.4,2850,,11700,weekly,2020-10-29T21:00:00.000,options,call
350,1603120320000,264.05,264.6,263.65,264.0,4650,,11700,weekly,2020-10-29T21:00:00.000,options,call
351,1603120380000,262.75,266.0,262.75,266.0,5775,,11700,weekly,2020-10-29T21:00:00.000,options,call
352,1603120440000,265.9,267.0,265.1,267.0,1800,,11700,weekly,2020-10-29T21:00:00.000,options,call
353,1603120500000,266.7,266.7,263.6,264.15,3525,,11700,weekly,2020-10-29T21:00:00.000,options,call
354,1603120560000,264.0,264.0,264.0,264.0,300,,11700,weekly,2020-10-29T21:00:00.000,options,call
355,1603120620000,262.35,263.85,262.0,262.0,375,,11700,weekly,2020-10-29T21:00:00.000,options,call
356,1603120680000,262.0,262.25,260.05,260.05,1200,,11700,weekly,2020-10-29T21:00:00.000,options,call
357,1603120740000,260.05,260.2,260.05,260.2,450,,11700,weekly,2020-10-29T21:00:00.000,options,call
358,1603120800000,260.9,265.4,260.9,264.7,4425,,11700,weekly,2020-10-29T21:00:00.000,options,call
359,1603120860000,264.9,265.0,264.9,265.0,675,,11700,weekly,2020-10-29T21:00:00.000,options,call
360,1603120920000,266.0,266.0,261.1,262.1,3450,,11700,weekly,2020-10-29T21:00:00.000,options,call
361,1603120980000,263.9,265.6,262.65,265.6,1200,,11700,weekly,2020-10-29T21:00:00.000,options,call
362,1603121040000,265.85,266.5,264.25,264.25,1050,,11700,weekly,2020-10-29T21:00:00.000,options,call
363,1603121100000,263.8,266.45,263.8,265.4,2550,,11700,weekly,2020-10-29T21:00:00.000,options,call
364,1603121160000,266.5,267.1,265.15,267.0,2775,,11700,weekly,2020-10-29T21:00:00.000,options,call
365,1603121220000,267.05,268.3,267.05,267.65,1575,,11700,weekly,2020-10-29T21:00:00.000,options,call
366,1603121280000,267.6,267.9,266.6,267.0,2100,,11700,weekly,2020-10-29T21:00:00.000,options,call
367,1603121340000,267.0,269.95,266.95,267.5,2025,,11700,weekly,2020-10-29T21:00:00.000,options,call
