,timestamp,open,high,low,close,volume,open_interest,strike,expiry_type,expiry,instrument,contract_type
0,1579664640000,3.2,4.9,3.2,3.2,7000,,32600,weekly,2020-1-23T21:00:00.000,options,call
1,1579664700000,3.75,3.75,2.3,2.65,11820,,32600,weekly,2020-1-23T21:00:00.000,options,call
2,1579664760000,2.65,2.7,2.35,2.55,19420,,32600,weekly,2020-1-23T21:00:00.000,options,call
3,1579664820000,2.6,2.7,2.15,2.2,19760,,32600,weekly,2020-1-23T21:00:00.000,options,call
4,1579664880000,2.2,2.5,1.6,2.0,19360,,32600,weekly,2020-1-23T21:00:00.000,options,call
5,1579664940000,2.0,2.0,1.7,1.75,23580,,32600,weekly,2020-1-23T21:00:00.000,options,call
6,1579665000000,1.75,2.2,1.65,2.1,7380,,32600,weekly,2020-1-23T21:00:00.000,options,call
7,1579665060000,2.2,2.45,2.2,2.35,300,,32600,weekly,2020-1-23T21:00:00.000,options,call
8,1579665120000,2.35,2.55,2.35,2.4,1780,,32600,weekly,2020-1-23T21:00:00.000,options,call
9,1579665180000,2.4,2.55,2.4,2.5,11520,,32600,weekly,2020-1-23T21:00:00.000,options,call
10,1579665240000,2.5,2.6,2.5,2.5,7420,,32600,weekly,2020-1-23T21:00:00.000,options,call
11,1579665300000,2.6,2.65,2.5,2.5,4540,,32600,weekly,2020-1-23T21:00:00.000,options,call
12,1579665360000,2.5,2.65,2.5,2.65,6560,,32600,weekly,2020-1-23T21:00:00.000,options,call
13,1579665420000,2.6,2.8,2.6,2.6,2660,,32600,weekly,2020-1-23T21:00:00.000,options,call
14,1579665480000,2.6,2.7,2.55,2.65,4680,,32600,weekly,2020-1-23T21:00:00.000,options,call
15,1579665540000,2.65,2.85,2.6,2.65,4540,,32600,weekly,2020-1-23T21:00:00.000,options,call
16,1579665600000,2.65,2.65,2.45,2.5,8720,,32600,weekly,2020-1-23T21:00:00.000,options,call
17,1579665660000,2.45,2.45,2.3,2.4,2180,,32600,weekly,2020-1-23T21:00:00.000,options,call
18,1579665720000,2.45,2.75,2.45,2.65,7420,,32600,weekly,2020-1-23T21:00:00.000,options,call
19,1579665780000,2.65,2.65,2.55,2.55,180,,32600,weekly,2020-1-23T21:00:00.000,options,call
20,1579665840000,2.55,2.65,2.55,2.6,640,,32600,weekly,2020-1-23T21:00:00.000,options,call
21,1579665900000,2.6,2.65,2.55,2.65,2460,,32600,weekly,2020-1-23T21:00:00.000,options,call
22,1579665960000,2.6,2.6,2.6,2.6,100,,32600,weekly,2020-1-23T21:00:00.000,options,call
23,1579666020000,2.7,2.7,2.65,2.65,740,,32600,weekly,2020-1-23T21:00:00.000,options,call
24,1579666080000,2.6,2.6,2.55,2.55,620,,32600,weekly,2020-1-23T21:00:00.000,options,call
25,1579666140000,2.55,2.55,2.5,2.5,2780,,32600,weekly,2020-1-23T21:00:00.000,options,call
26,1579666200000,2.5,2.5,2.4,2.4,1340,,32600,weekly,2020-1-23T21:00:00.000,options,call
27,1579666260000,2.45,2.5,2.45,2.5,200,,32600,weekly,2020-1-23T21:00:00.000,options,call
28,1579666320000,2.45,2.45,2.4,2.4,1040,,32600,weekly,2020-1-23T21:00:00.000,options,call
29,1579666380000,2.45,2.45,2.45,2.45,1800,,32600,weekly,2020-1-23T21:00:00.000,options,call
30,1579666440000,2.45,2.45,2.4,2.4,2720,,32600,weekly,2020-1-23T21:00:00.000,options,call
31,1579666500000,2.4,2.5,2.4,2.5,2880,,32600,weekly,2020-1-23T21:00:00.000,options,call
32,1579666560000,2.5,2.5,2.5,2.5,500,,32600,weekly,2020-1-23T21:00:00.000,options,call
33,1579666620000,2.45,2.55,2.45,2.55,1260,,32600,weekly,2020-1-23T21:00:00.000,options,call
34,1579666680000,2.55,2.55,2.5,2.5,180,,32600,weekly,2020-1-23T21:00:00.000,options,call
35,1579666740000,2.45,2.45,2.45,2.45,840,,32600,weekly,2020-1-23T21:00:00.000,options,call
36,1579666800000,2.45,2.45,2.45,2.45,40,,32600,weekly,2020-1-23T21:00:00.000,options,call
37,1579666860000,2.5,2.5,2.5,2.5,40,,32600,weekly,2020-1-23T21:00:00.000,options,call
38,1579666920000,2.5,2.6,2.45,2.6,4260,,32600,weekly,2020-1-23T21:00:00.000,options,call
39,1579666980000,2.55,2.55,2.5,2.55,160,,32600,weekly,2020-1-23T21:00:00.000,options,call
40,1579667040000,2.55,2.55,2.55,2.55,300,,32600,weekly,2020-1-23T21:00:00.000,options,call
41,1579667100000,2.55,2.55,2.5,2.5,40,,32600,weekly,2020-1-23T21:00:00.000,options,call
42,1579667220000,2.55,2.55,2.5,2.5,60,,32600,weekly,2020-1-23T21:00:00.000,options,call
43,1579667280000,2.6,2.6,2.55,2.55,120,,32600,weekly,2020-1-23T21:00:00.000,options,call
44,1579667340000,2.45,2.45,2.45,2.45,200,,32600,weekly,2020-1-23T21:00:00.000,options,call
45,1579667400000,2.55,2.55,2.45,2.5,680,,32600,weekly,2020-1-23T21:00:00.000,options,call
46,1579667460000,2.45,2.5,2.45,2.5,800,,32600,weekly,2020-1-23T21:00:00.000,options,call
47,1579667520000,2.5,2.7,2.5,2.7,1240,,32600,weekly,2020-1-23T21:00:00.000,options,call
48,1579667580000,2.65,2.75,2.65,2.7,380,,32600,weekly,2020-1-23T21:00:00.000,options,call
49,1579667640000,2.65,2.75,2.65,2.7,300,,32600,weekly,2020-1-23T21:00:00.000,options,call
50,1579667700000,2.65,2.65,2.55,2.55,160,,32600,weekly,2020-1-23T21:00:00.000,options,call
51,1579667760000,2.65,2.75,2.65,2.75,80,,32600,weekly,2020-1-23T21:00:00.000,options,call
52,1579667820000,2.75,2.75,2.65,2.65,280,,32600,weekly,2020-1-23T21:00:00.000,options,call
53,1579667880000,2.6,2.6,2.6,2.6,500,,32600,weekly,2020-1-23T21:00:00.000,options,call
54,1579667940000,2.7,2.75,2.7,2.7,80,,32600,weekly,2020-1-23T21:00:00.000,options,call
55,1579668000000,2.7,2.7,2.65,2.7,160,,32600,weekly,2020-1-23T21:00:00.000,options,call
56,1579668060000,2.65,2.65,2.55,2.55,280,,32600,weekly,2020-1-23T21:00:00.000,options,call
57,1579668240000,2.65,2.65,2.6,2.6,160,,32600,weekly,2020-1-23T21:00:00.000,options,call
58,1579668360000,2.75,2.9,2.6,2.75,9940,,32600,weekly,2020-1-23T21:00:00.000,options,call
59,1579668420000,2.75,2.8,2.65,2.8,160,,32600,weekly,2020-1-23T21:00:00.000,options,call
60,1579668480000,2.8,2.8,2.5,2.55,220,,32600,weekly,2020-1-23T21:00:00.000,options,call
61,1579668540000,2.55,2.65,2.45,2.55,1460,,32600,weekly,2020-1-23T21:00:00.000,options,call
62,1579668600000,2.55,2.65,2.5,2.65,1500,,32600,weekly,2020-1-23T21:00:00.000,options,call
63,1579668660000,2.65,2.75,2.6,2.6,700,,32600,weekly,2020-1-23T21:00:00.000,options,call
64,1579668720000,2.6,2.7,2.6,2.65,600,,32600,weekly,2020-1-23T21:00:00.000,options,call
65,1579668780000,2.6,2.65,2.55,2.55,560,,32600,weekly,2020-1-23T21:00:00.000,options,call
66,1579668840000,2.55,2.55,2.5,2.55,1060,,32600,weekly,2020-1-23T21:00:00.000,options,call
67,1579668900000,2.5,2.6,2.5,2.6,300,,32600,weekly,2020-1-23T21:00:00.000,options,call
68,1579668960000,2.6,2.7,2.55,2.7,1240,,32600,weekly,2020-1-23T21:00:00.000,options,call
69,1579669020000,2.65,2.7,2.6,2.7,900,,32600,weekly,2020-1-23T21:00:00.000,options,call
70,1579669080000,2.7,2.7,2.65,2.65,1800,,32600,weekly,2020-1-23T21:00:00.000,options,call
71,1579669140000,2.65,2.7,2.65,2.65,2260,,32600,weekly,2020-1-23T21:00:00.000,options,call
72,1579669200000,2.65,2.75,2.65,2.75,880,,32600,weekly,2020-1-23T21:00:00.000,options,call
73,1579669260000,2.7,2.7,2.65,2.7,220,,32600,weekly,2020-1-23T21:00:00.000,options,call
74,1579669320000,2.65,2.7,2.6,2.65,660,,32600,weekly,2020-1-23T21:00:00.000,options,call
75,1579669380000,2.65,2.7,2.65,2.7,40,,32600,weekly,2020-1-23T21:00:00.000,options,call
76,1579669440000,2.7,2.75,2.65,2.7,500,,32600,weekly,2020-1-23T21:00:00.000,options,call
77,1579669500000,2.75,2.85,2.75,2.85,1540,,32600,weekly,2020-1-23T21:00:00.000,options,call
78,1579669560000,2.7,2.9,2.7,2.9,180,,32600,weekly,2020-1-23T21:00:00.000,options,call
79,1579669620000,2.8,2.8,2.8,2.8,60,,32600,weekly,2020-1-23T21:00:00.000,options,call
80,1579669680000,2.85,2.85,2.75,2.75,80,,32600,weekly,2020-1-23T21:00:00.000,options,call
81,1579669740000,2.7,2.85,2.65,2.85,400,,32600,weekly,2020-1-23T21:00:00.000,options,call
82,1579669800000,2.7,2.8,2.7,2.8,240,,32600,weekly,2020-1-23T21:00:00.000,options,call
83,1579669860000,2.8,2.8,2.75,2.8,500,,32600,weekly,2020-1-23T21:00:00.000,options,call
84,1579669980000,2.75,2.75,2.7,2.7,220,,32600,weekly,2020-1-23T21:00:00.000,options,call
85,1579670040000,2.7,2.75,2.7,2.7,320,,32600,weekly,2020-1-23T21:00:00.000,options,call
86,1579670100000,2.75,2.75,2.75,2.75,80,,32600,weekly,2020-1-23T21:00:00.000,options,call
87,1579670160000,2.65,2.75,2.6,2.75,1680,,32600,weekly,2020-1-23T21:00:00.000,options,call
88,1579670220000,2.75,2.8,2.75,2.8,500,,32600,weekly,2020-1-23T21:00:00.000,options,call
89,1579670280000,2.75,2.85,2.7,2.85,680,,32600,weekly,2020-1-23T21:00:00.000,options,call
90,1579670340000,2.85,2.85,2.85,2.85,80,,32600,weekly,2020-1-23T21:00:00.000,options,call
91,1579670400000,2.85,2.85,2.75,2.8,180,,32600,weekly,2020-1-23T21:00:00.000,options,call
92,1579670460000,2.75,2.75,2.75,2.75,40,,32600,weekly,2020-1-23T21:00:00.000,options,call
93,1579670640000,2.75,2.8,2.75,2.8,180,,32600,weekly,2020-1-23T21:00:00.000,options,call
94,1579670700000,2.75,2.75,2.7,2.7,380,,32600,weekly,2020-1-23T21:00:00.000,options,call
95,1579670820000,2.7,2.7,2.6,2.7,280,,32600,weekly,2020-1-23T21:00:00.000,options,call
96,1579670880000,2.7,2.7,2.7,2.7,60,,32600,weekly,2020-1-23T21:00:00.000,options,call
97,1579670940000,2.7,2.7,2.65,2.65,180,,32600,weekly,2020-1-23T21:00:00.000,options,call
98,1579671000000,2.6,2.6,2.6,2.6,80,,32600,weekly,2020-1-23T21:00:00.000,options,call
99,1579671060000,2.7,2.75,2.65,2.65,240,,32600,weekly,2020-1-23T21:00:00.000,options,call
100,1579671120000,2.65,2.65,2.65,2.65,140,,32600,weekly,2020-1-23T21:00:00.000,options,call
101,1579671180000,2.7,2.75,2.6,2.6,340,,32600,weekly,2020-1-23T21:00:00.000,options,call
102,1579671240000,2.65,2.75,2.65,2.75,360,,32600,weekly,2020-1-23T21:00:00.000,options,call
103,1579671300000,2.7,2.7,2.7,2.7,120,,32600,weekly,2020-1-23T21:00:00.000,options,call
104,1579671360000,2.75,2.75,2.7,2.7,200,,32600,weekly,2020-1-23T21:00:00.000,options,call
105,1579671420000,2.65,2.65,2.6,2.65,440,,32600,weekly,2020-1-23T21:00:00.000,options,call
106,1579671480000,2.6,2.7,2.55,2.55,420,,32600,weekly,2020-1-23T21:00:00.000,options,call
107,1579671540000,2.65,2.7,2.65,2.7,480,,32600,weekly,2020-1-23T21:00:00.000,options,call
108,1579671600000,2.7,2.7,2.7,2.7,920,,32600,weekly,2020-1-23T21:00:00.000,options,call
109,1579671660000,2.7,2.7,2.6,2.6,1460,,32600,weekly,2020-1-23T21:00:00.000,options,call
110,1579671720000,2.65,2.65,2.55,2.65,40,,32600,weekly,2020-1-23T21:00:00.000,options,call
111,1579671780000,2.65,2.65,2.55,2.6,2300,,32600,weekly,2020-1-23T21:00:00.000,options,call
112,1579671840000,2.6,2.65,2.6,2.65,80,,32600,weekly,2020-1-23T21:00:00.000,options,call
113,1579671900000,2.55,2.65,2.55,2.65,600,,32600,weekly,2020-1-23T21:00:00.000,options,call
114,1579671960000,2.55,2.75,2.55,2.75,460,,32600,weekly,2020-1-23T21:00:00.000,options,call
115,1579672020000,2.65,2.7,2.65,2.7,260,,32600,weekly,2020-1-23T21:00:00.000,options,call
116,1579672080000,2.65,2.75,2.65,2.75,400,,32600,weekly,2020-1-23T21:00:00.000,options,call
117,1579672140000,2.75,2.75,2.65,2.65,1260,,32600,weekly,2020-1-23T21:00:00.000,options,call
118,1579672200000,2.65,2.7,2.6,2.65,620,,32600,weekly,2020-1-23T21:00:00.000,options,call
119,1579672260000,2.65,2.65,2.65,2.65,60,,32600,weekly,2020-1-23T21:00:00.000,options,call
120,1579672320000,2.65,2.65,2.6,2.65,660,,32600,weekly,2020-1-23T21:00:00.000,options,call
121,1579672380000,2.6,2.7,2.6,2.7,380,,32600,weekly,2020-1-23T21:00:00.000,options,call
122,1579672440000,2.75,2.85,2.75,2.8,5080,,32600,weekly,2020-1-23T21:00:00.000,options,call
123,1579672500000,2.8,2.9,2.8,2.8,560,,32600,weekly,2020-1-23T21:00:00.000,options,call
124,1579672560000,2.75,2.75,2.75,2.75,80,,32600,weekly,2020-1-23T21:00:00.000,options,call
125,1579672620000,2.8,2.8,2.75,2.75,100,,32600,weekly,2020-1-23T21:00:00.000,options,call
126,1579672680000,2.8,2.8,2.75,2.75,160,,32600,weekly,2020-1-23T21:00:00.000,options,call
127,1579672740000,2.75,2.75,2.75,2.75,140,,32600,weekly,2020-1-23T21:00:00.000,options,call
128,1579672860000,2.75,2.75,2.75,2.75,240,,32600,weekly,2020-1-23T21:00:00.000,options,call
129,1579672920000,2.7,2.75,2.7,2.7,140,,32600,weekly,2020-1-23T21:00:00.000,options,call
130,1579672980000,2.7,2.75,2.7,2.75,120,,32600,weekly,2020-1-23T21:00:00.000,options,call
131,1579673040000,2.65,2.7,2.65,2.7,180,,32600,weekly,2020-1-23T21:00:00.000,options,call
132,1579673100000,2.75,2.75,2.75,2.75,140,,32600,weekly,2020-1-23T21:00:00.000,options,call
133,1579673220000,2.7,2.7,2.7,2.7,20,,32600,weekly,2020-1-23T21:00:00.000,options,call
134,1579673280000,2.7,2.7,2.7,2.7,40,,32600,weekly,2020-1-23T21:00:00.000,options,call
135,1579673340000,2.7,2.7,2.6,2.65,540,,32600,weekly,2020-1-23T21:00:00.000,options,call
136,1579673400000,2.65,2.65,2.65,2.65,360,,32600,weekly,2020-1-23T21:00:00.000,options,call
137,1579673460000,2.65,2.65,2.65,2.65,360,,32600,weekly,2020-1-23T21:00:00.000,options,call
138,1579673520000,2.65,2.75,2.65,2.65,5180,,32600,weekly,2020-1-23T21:00:00.000,options,call
139,1579673580000,2.7,2.7,2.65,2.7,5040,,32600,weekly,2020-1-23T21:00:00.000,options,call
140,1579673700000,2.7,2.7,2.7,2.7,180,,32600,weekly,2020-1-23T21:00:00.000,options,call
141,1579673760000,2.7,2.75,2.7,2.75,200,,32600,weekly,2020-1-23T21:00:00.000,options,call
142,1579673820000,2.7,2.7,2.7,2.7,20,,32600,weekly,2020-1-23T21:00:00.000,options,call
143,1579674000000,2.75,2.75,2.75,2.75,1220,,32600,weekly,2020-1-23T21:00:00.000,options,call
144,1579674060000,2.65,2.65,2.65,2.65,200,,32600,weekly,2020-1-23T21:00:00.000,options,call
145,1579674180000,2.7,2.75,2.7,2.75,1920,,32600,weekly,2020-1-23T21:00:00.000,options,call
146,1579674240000,2.7,2.7,2.7,2.7,20,,32600,weekly,2020-1-23T21:00:00.000,options,call
147,1579674300000,2.7,2.7,2.7,2.7,20,,32600,weekly,2020-1-23T21:00:00.000,options,call
148,1579674360000,2.7,2.7,2.7,2.7,160,,32600,weekly,2020-1-23T21:00:00.000,options,call
149,1579674600000,2.7,2.95,2.7,2.85,5140,,32600,weekly,2020-1-23T21:00:00.000,options,call
150,1579674660000,2.85,2.9,2.85,2.85,780,,32600,weekly,2020-1-23T21:00:00.000,options,call
151,1579674720000,2.95,2.95,2.9,2.9,460,,32600,weekly,2020-1-23T21:00:00.000,options,call
152,1579674780000,2.9,2.9,2.9,2.9,120,,32600,weekly,2020-1-23T21:00:00.000,options,call
153,1579674840000,2.85,2.85,2.85,2.85,80,,32600,weekly,2020-1-23T21:00:00.000,options,call
154,1579675020000,2.8,2.8,2.8,2.8,180,,32600,weekly,2020-1-23T21:00:00.000,options,call
155,1579675080000,2.8,2.8,2.8,2.8,200,,32600,weekly,2020-1-23T21:00:00.000,options,call
156,1579675200000,2.9,2.9,2.9,2.9,100,,32600,weekly,2020-1-23T21:00:00.000,options,call
157,1579675260000,2.9,2.9,2.85,2.85,160,,32600,weekly,2020-1-23T21:00:00.000,options,call
158,1579675320000,2.85,2.85,2.85,2.85,260,,32600,weekly,2020-1-23T21:00:00.000,options,call
159,1579675380000,2.85,2.9,2.85,2.9,260,,32600,weekly,2020-1-23T21:00:00.000,options,call
160,1579675440000,2.9,2.95,2.9,2.95,100,,32600,weekly,2020-1-23T21:00:00.000,options,call
161,1579675500000,2.9,2.95,2.9,2.95,640,,32600,weekly,2020-1-23T21:00:00.000,options,call
162,1579675560000,2.9,2.9,2.8,2.9,1020,,32600,weekly,2020-1-23T21:00:00.000,options,call
163,1579675620000,2.9,2.9,2.9,2.9,40,,32600,weekly,2020-1-23T21:00:00.000,options,call
164,1579675740000,2.85,2.9,2.85,2.9,220,,32600,weekly,2020-1-23T21:00:00.000,options,call
165,1579675860000,2.9,2.9,2.8,2.8,600,,32600,weekly,2020-1-23T21:00:00.000,options,call
166,1579675920000,2.8,2.8,2.8,2.8,40,,32600,weekly,2020-1-23T21:00:00.000,options,call
167,1579675980000,2.8,2.8,2.75,2.75,160,,32600,weekly,2020-1-23T21:00:00.000,options,call
168,1579676040000,2.8,2.8,2.8,2.8,20,,32600,weekly,2020-1-23T21:00:00.000,options,call
169,1579676100000,2.85,2.85,2.85,2.85,20,,32600,weekly,2020-1-23T21:00:00.000,options,call
170,1579676220000,2.8,2.8,2.8,2.8,240,,32600,weekly,2020-1-23T21:00:00.000,options,call
171,1579676460000,2.8,2.8,2.8,2.8,40,,32600,weekly,2020-1-23T21:00:00.000,options,call
172,1579676520000,2.8,2.8,2.8,2.8,20,,32600,weekly,2020-1-23T21:00:00.000,options,call
173,1579676580000,2.75,2.75,2.75,2.75,320,,32600,weekly,2020-1-23T21:00:00.000,options,call
174,1579676700000,2.75,2.75,2.75,2.75,40,,32600,weekly,2020-1-23T21:00:00.000,options,call
175,1579676820000,2.75,2.75,2.75,2.75,40,,32600,weekly,2020-1-23T21:00:00.000,options,call
176,1579677060000,2.75,2.75,2.75,2.75,20,,32600,weekly,2020-1-23T21:00:00.000,options,call
177,1579677180000,2.8,2.8,2.8,2.8,80,,32600,weekly,2020-1-23T21:00:00.000,options,call
178,1579677480000,2.75,2.8,2.75,2.8,60,,32600,weekly,2020-1-23T21:00:00.000,options,call
179,1579677540000,2.75,2.75,2.75,2.75,20,,32600,weekly,2020-1-23T21:00:00.000,options,call
180,1579677600000,2.75,2.75,2.75,2.75,80,,32600,weekly,2020-1-23T21:00:00.000,options,call
181,1579677660000,2.75,2.75,2.75,2.75,60,,32600,weekly,2020-1-23T21:00:00.000,options,call
182,1579677720000,2.75,2.75,2.75,2.75,40,,32600,weekly,2020-1-23T21:00:00.000,options,call
183,1579677780000,2.75,2.75,2.75,2.75,80,,32600,weekly,2020-1-23T21:00:00.000,options,call
184,1579677900000,2.8,2.8,2.8,2.8,20,,32600,weekly,2020-1-23T21:00:00.000,options,call
185,1579677960000,2.75,2.75,2.75,2.75,20,,32600,weekly,2020-1-23T21:00:00.000,options,call
186,1579678080000,2.8,2.8,2.8,2.8,1600,,32600,weekly,2020-1-23T21:00:00.000,options,call
187,1579678380000,2.8,2.8,2.8,2.8,40,,32600,weekly,2020-1-23T21:00:00.000,options,call
188,1579678440000,2.8,2.8,2.8,2.8,40,,32600,weekly,2020-1-23T21:00:00.000,options,call
189,1579678740000,2.8,2.8,2.8,2.8,200,,32600,weekly,2020-1-23T21:00:00.000,options,call
190,1579678800000,2.8,2.8,2.75,2.75,280,,32600,weekly,2020-1-23T21:00:00.000,options,call
191,1579678860000,2.75,2.75,2.65,2.65,100,,32600,weekly,2020-1-23T21:00:00.000,options,call
192,1579678980000,2.65,2.65,2.65,2.65,160,,32600,weekly,2020-1-23T21:00:00.000,options,call
193,1579679160000,2.65,2.65,2.65,2.65,360,,32600,weekly,2020-1-23T21:00:00.000,options,call
194,1579679280000,2.6,2.65,2.55,2.55,860,,32600,weekly,2020-1-23T21:00:00.000,options,call
195,1579679340000,2.6,2.6,2.6,2.6,80,,32600,weekly,2020-1-23T21:00:00.000,options,call
196,1579679400000,2.55,2.55,2.5,2.5,500,,32600,weekly,2020-1-23T21:00:00.000,options,call
197,1579679460000,2.45,2.45,2.45,2.45,220,,32600,weekly,2020-1-23T21:00:00.000,options,call
198,1579679520000,2.5,2.5,2.5,2.5,720,,32600,weekly,2020-1-23T21:00:00.000,options,call
199,1579679580000,2.45,2.45,2.4,2.45,220,,32600,weekly,2020-1-23T21:00:00.000,options,call
200,1579679640000,2.45,2.45,2.45,2.45,80,,32600,weekly,2020-1-23T21:00:00.000,options,call
201,1579679700000,2.4,2.4,2.4,2.4,100,,32600,weekly,2020-1-23T21:00:00.000,options,call
202,1579679760000,2.4,2.4,2.4,2.4,20,,32600,weekly,2020-1-23T21:00:00.000,options,call
203,1579679940000,2.4,2.4,2.4,2.4,60,,32600,weekly,2020-1-23T21:00:00.000,options,call
204,1579680000000,2.4,2.4,2.4,2.4,60,,32600,weekly,2020-1-23T21:00:00.000,options,call
205,1579680060000,2.4,2.45,2.4,2.45,200,,32600,weekly,2020-1-23T21:00:00.000,options,call
206,1579680120000,2.45,2.5,2.45,2.5,80,,32600,weekly,2020-1-23T21:00:00.000,options,call
207,1579680180000,2.5,2.5,2.45,2.45,80,,32600,weekly,2020-1-23T21:00:00.000,options,call
208,1579680300000,2.5,2.5,2.45,2.45,60,,32600,weekly,2020-1-23T21:00:00.000,options,call
209,1579680360000,2.5,2.5,2.5,2.5,100,,32600,weekly,2020-1-23T21:00:00.000,options,call
210,1579680420000,2.5,2.5,2.45,2.45,140,,32600,weekly,2020-1-23T21:00:00.000,options,call
211,1579680480000,2.45,2.45,2.45,2.45,60,,32600,weekly,2020-1-23T21:00:00.000,options,call
212,1579680540000,2.45,2.5,2.45,2.5,180,,32600,weekly,2020-1-23T21:00:00.000,options,call
213,1579680600000,2.55,2.55,2.55,2.55,240,,32600,weekly,2020-1-23T21:00:00.000,options,call
214,1579680660000,2.55,2.55,2.5,2.55,220,,32600,weekly,2020-1-23T21:00:00.000,options,call
215,1579680780000,2.6,2.6,2.55,2.55,160,,32600,weekly,2020-1-23T21:00:00.000,options,call
216,1579680840000,2.5,2.55,2.5,2.55,620,,32600,weekly,2020-1-23T21:00:00.000,options,call
217,1579680900000,2.6,2.6,2.6,2.6,60,,32600,weekly,2020-1-23T21:00:00.000,options,call
218,1579681020000,2.55,2.55,2.5,2.5,240,,32600,weekly,2020-1-23T21:00:00.000,options,call
219,1579681080000,2.55,2.6,2.55,2.6,100,,32600,weekly,2020-1-23T21:00:00.000,options,call
220,1579681140000,2.6,2.6,2.6,2.6,100,,32600,weekly,2020-1-23T21:00:00.000,options,call
221,1579681200000,2.5,2.55,2.5,2.5,520,,32600,weekly,2020-1-23T21:00:00.000,options,call
222,1579681260000,2.4,2.6,2.4,2.6,660,,32600,weekly,2020-1-23T21:00:00.000,options,call
223,1579681320000,2.6,2.6,2.5,2.6,280,,32600,weekly,2020-1-23T21:00:00.000,options,call
224,1579681440000,2.6,2.6,2.6,2.6,20,,32600,weekly,2020-1-23T21:00:00.000,options,call
225,1579681500000,2.6,2.6,2.6,2.6,80,,32600,weekly,2020-1-23T21:00:00.000,options,call
226,1579681560000,2.6,2.75,2.6,2.7,160,,32600,weekly,2020-1-23T21:00:00.000,options,call
227,1579681620000,2.7,2.75,2.7,2.75,180,,32600,weekly,2020-1-23T21:00:00.000,options,call
228,1579681680000,2.7,2.7,2.7,2.7,100,,32600,weekly,2020-1-23T21:00:00.000,options,call
229,1579681800000,2.65,2.65,2.65,2.65,20,,32600,weekly,2020-1-23T21:00:00.000,options,call
230,1579681860000,2.65,2.65,2.65,2.65,40,,32600,weekly,2020-1-23T21:00:00.000,options,call
231,1579681920000,2.7,2.7,2.7,2.7,60,,32600,weekly,2020-1-23T21:00:00.000,options,call
232,1579681980000,2.7,2.75,2.7,2.7,100,,32600,weekly,2020-1-23T21:00:00.000,options,call
233,1579682040000,2.6,2.6,2.6,2.6,20,,32600,weekly,2020-1-23T21:00:00.000,options,call
234,1579682100000,2.6,2.6,2.6,2.6,40,,32600,weekly,2020-1-23T21:00:00.000,options,call
235,1579682160000,2.6,2.6,2.6,2.6,100,,32600,weekly,2020-1-23T21:00:00.000,options,call
236,1579682280000,2.6,2.6,2.5,2.5,140,,32600,weekly,2020-1-23T21:00:00.000,options,call
237,1579682340000,2.6,2.65,2.6,2.65,220,,32600,weekly,2020-1-23T21:00:00.000,options,call
238,1579682400000,2.6,2.65,2.5,2.6,1540,,32600,weekly,2020-1-23T21:00:00.000,options,call
239,1579682460000,2.6,2.7,2.55,2.7,720,,32600,weekly,2020-1-23T21:00:00.000,options,call
240,1579682640000,2.65,2.65,2.6,2.6,100,,32600,weekly,2020-1-23T21:00:00.000,options,call
241,1579682700000,2.6,2.6,2.6,2.6,20,,32600,weekly,2020-1-23T21:00:00.000,options,call
242,1579682820000,2.6,2.6,2.6,2.6,40,,32600,weekly,2020-1-23T21:00:00.000,options,call
243,1579682880000,2.65,3.0,2.65,2.85,2300,,32600,weekly,2020-1-23T21:00:00.000,options,call
244,1579682940000,2.9,2.9,2.8,2.9,100,,32600,weekly,2020-1-23T21:00:00.000,options,call
245,1579683000000,2.8,2.8,2.8,2.8,180,,32600,weekly,2020-1-23T21:00:00.000,options,call
246,1579683060000,2.75,2.75,2.6,2.6,100,,32600,weekly,2020-1-23T21:00:00.000,options,call
247,1579683120000,2.6,2.6,2.6,2.6,200,,32600,weekly,2020-1-23T21:00:00.000,options,call
248,1579683240000,2.65,2.65,2.65,2.65,60,,32600,weekly,2020-1-23T21:00:00.000,options,call
249,1579683360000,2.65,2.65,2.65,2.65,40,,32600,weekly,2020-1-23T21:00:00.000,options,call
250,1579683420000,2.65,2.8,2.65,2.8,1140,,32600,weekly,2020-1-23T21:00:00.000,options,call
251,1579683480000,2.85,2.85,2.85,2.85,20,,32600,weekly,2020-1-23T21:00:00.000,options,call
252,1579683540000,2.75,2.9,2.7,2.7,1280,,32600,weekly,2020-1-23T21:00:00.000,options,call
253,1579683600000,2.7,2.7,2.7,2.7,40,,32600,weekly,2020-1-23T21:00:00.000,options,call
254,1579683660000,2.7,2.7,2.65,2.65,340,,32600,weekly,2020-1-23T21:00:00.000,options,call
255,1579683780000,2.65,2.65,2.65,2.65,60,,32600,weekly,2020-1-23T21:00:00.000,options,call
256,1579683840000,2.6,2.65,2.6,2.65,860,,32600,weekly,2020-1-23T21:00:00.000,options,call
257,1579683900000,2.7,2.75,2.7,2.75,420,,32600,weekly,2020-1-23T21:00:00.000,options,call
258,1579683960000,2.8,2.8,2.8,2.8,220,,32600,weekly,2020-1-23T21:00:00.000,options,call
259,1579684020000,2.7,2.7,2.7,2.7,480,,32600,weekly,2020-1-23T21:00:00.000,options,call
260,1579684080000,2.65,2.7,2.65,2.7,380,,32600,weekly,2020-1-23T21:00:00.000,options,call
261,1579684140000,2.7,2.75,2.5,2.5,4140,,32600,weekly,2020-1-23T21:00:00.000,options,call
262,1579684200000,2.4,2.4,2.35,2.35,1760,,32600,weekly,2020-1-23T21:00:00.000,options,call
263,1579684260000,2.4,2.45,2.4,2.45,1740,,32600,weekly,2020-1-23T21:00:00.000,options,call
264,1579684320000,2.45,2.45,2.45,2.45,800,,32600,weekly,2020-1-23T21:00:00.000,options,call
265,1579684380000,2.55,2.55,2.55,2.55,360,,32600,weekly,2020-1-23T21:00:00.000,options,call
266,1579684440000,2.6,2.6,2.55,2.6,220,,32600,weekly,2020-1-23T21:00:00.000,options,call
267,1579684560000,2.65,2.65,2.65,2.65,100,,32600,weekly,2020-1-23T21:00:00.000,options,call
268,1579684620000,2.7,2.7,2.65,2.65,120,,32600,weekly,2020-1-23T21:00:00.000,options,call
269,1579684680000,2.65,2.8,2.65,2.8,340,,32600,weekly,2020-1-23T21:00:00.000,options,call
270,1579684740000,2.6,2.6,2.55,2.6,220,,32600,weekly,2020-1-23T21:00:00.000,options,call
271,1579684800000,2.6,2.6,2.6,2.6,20,,32600,weekly,2020-1-23T21:00:00.000,options,call
272,1579684920000,2.6,2.6,2.5,2.5,220,,32600,weekly,2020-1-23T21:00:00.000,options,call
273,1579684980000,2.5,2.55,2.5,2.55,200,,32600,weekly,2020-1-23T21:00:00.000,options,call
274,1579685040000,2.65,2.65,2.65,2.65,20,,32600,weekly,2020-1-23T21:00:00.000,options,call
275,1579685160000,2.7,2.75,2.7,2.7,240,,32600,weekly,2020-1-23T21:00:00.000,options,call
276,1579685220000,2.7,2.7,2.6,2.6,620,,32600,weekly,2020-1-23T21:00:00.000,options,call
277,1579685280000,2.65,2.65,2.65,2.65,20,,32600,weekly,2020-1-23T21:00:00.000,options,call
278,1579685340000,2.65,2.65,2.65,2.65,40,,32600,weekly,2020-1-23T21:00:00.000,options,call
279,1579685400000,2.65,2.65,2.65,2.65,40,,32600,weekly,2020-1-23T21:00:00.000,options,call
280,1579685520000,2.65,2.65,2.65,2.65,100,,32600,weekly,2020-1-23T21:00:00.000,options,call
281,1579685580000,2.65,2.7,2.65,2.65,180,,32600,weekly,2020-1-23T21:00:00.000,options,call
282,1579685640000,2.55,2.55,2.5,2.5,160,,32600,weekly,2020-1-23T21:00:00.000,options,call
283,1579685700000,2.55,2.55,2.5,2.5,180,,32600,weekly,2020-1-23T21:00:00.000,options,call
284,1579685760000,2.45,2.45,2.45,2.45,380,,32600,weekly,2020-1-23T21:00:00.000,options,call
285,1579685820000,2.45,2.45,2.4,2.45,200,,32600,weekly,2020-1-23T21:00:00.000,options,call
286,1579685880000,2.5,2.5,2.5,2.5,300,,32600,weekly,2020-1-23T21:00:00.000,options,call
287,1579685940000,2.45,2.45,2.4,2.4,40,,32600,weekly,2020-1-23T21:00:00.000,options,call
288,1579686000000,2.4,2.5,2.4,2.5,120,,32600,weekly,2020-1-23T21:00:00.000,options,call
289,1579686060000,2.5,2.5,2.5,2.5,60,,32600,weekly,2020-1-23T21:00:00.000,options,call
290,1579686120000,2.5,2.5,2.5,2.5,80,,32600,weekly,2020-1-23T21:00:00.000,options,call
291,1579686240000,2.5,2.5,2.5,2.5,20,,32600,weekly,2020-1-23T21:00:00.000,options,call
292,1579686300000,2.5,2.55,2.45,2.55,140,,32600,weekly,2020-1-23T21:00:00.000,options,call
293,1579686360000,2.6,2.6,2.55,2.6,480,,32600,weekly,2020-1-23T21:00:00.000,options,call
294,1579686420000,2.55,2.6,2.55,2.6,40,,32600,weekly,2020-1-23T21:00:00.000,options,call
295,1579686480000,2.55,2.55,2.55,2.55,80,,32600,weekly,2020-1-23T21:00:00.000,options,call
296,1579686540000,2.55,2.6,2.55,2.55,600,,32600,weekly,2020-1-23T21:00:00.000,options,call
297,1579686600000,2.6,2.6,2.5,2.6,1220,,32600,weekly,2020-1-23T21:00:00.000,options,call
298,1579686660000,2.6,2.6,2.5,2.5,120,,32600,weekly,2020-1-23T21:00:00.000,options,call
299,1579686720000,2.6,2.6,2.5,2.6,180,,32600,weekly,2020-1-23T21:00:00.000,options,call
300,1579686780000,2.5,2.55,2.5,2.55,700,,32600,weekly,2020-1-23T21:00:00.000,options,call
301,1579686840000,2.6,2.6,2.55,2.6,520,,32600,weekly,2020-1-23T21:00:00.000,options,call
302,1579686900000,2.55,2.6,2.15,2.15,1640,,32600,weekly,2020-1-23T21:00:00.000,options,call
303,1579686960000,2.3,2.3,2.2,2.3,260,,32600,weekly,2020-1-23T21:00:00.000,options,call
304,1579687020000,2.3,2.35,2.3,2.35,720,,32600,weekly,2020-1-23T21:00:00.000,options,call
305,1579687080000,2.45,2.45,2.2,2.35,1320,,32600,weekly,2020-1-23T21:00:00.000,options,call
