,timestamp,open,high,low,close,volume,open_interest,strike,expiry_type,expiry,instrument,contract_type
0,1656474300000,27.5,27.5,15.8,17.55,325875,754225,34300,weekly,2022-6-30T21:00:00.000,options,call
1,1656474360000,17.5,17.5,16.35,16.4,297875,754225,34300,weekly,2022-6-30T21:00:00.000,options,call
2,1656474420000,16.25,16.4,15.2,15.2,265275,763650,34300,weekly,2022-6-30T21:00:00.000,options,call
3,1656474480000,14.9,15.4,14.5,14.7,250050,763650,34300,weekly,2022-6-30T21:00:00.000,options,call
4,1656474540000,14.75,15.05,14.25,14.7,151925,763650,34300,weekly,2022-6-30T21:00:00.000,options,call
5,1656474600000,14.7,15.2,14.0,15.15,126675,864850,34300,weekly,2022-6-30T21:00:00.000,options,call
6,1656474660000,15.0,15.75,15.0,15.2,126800,864850,34300,weekly,2022-6-30T21:00:00.000,options,call
7,1656474720000,15.25,15.45,14.55,14.6,91125,864850,34300,weekly,2022-6-30T21:00:00.000,options,call
8,1656474780000,14.65,15.5,14.25,15.5,141625,904725,34300,weekly,2022-6-30T21:00:00.000,options,call
9,1656474840000,15.45,15.5,14.9,15.2,117325,904725,34300,weekly,2022-6-30T21:00:00.000,options,call
10,1656474900000,15.25,15.5,15.0,15.2,80525,904725,34300,weekly,2022-6-30T21:00:00.000,options,call
11,1656474960000,15.25,15.4,15.05,15.15,52150,902625,34300,weekly,2022-6-30T21:00:00.000,options,call
12,1656475020000,15.25,16.0,15.1,15.9,82800,902625,34300,weekly,2022-6-30T21:00:00.000,options,call
13,1656475080000,15.95,15.95,15.05,15.15,159100,902625,34300,weekly,2022-6-30T21:00:00.000,options,call
14,1656475140000,15.1,15.65,14.8,15.2,87750,865350,34300,weekly,2022-6-30T21:00:00.000,options,call
15,1656475200000,15.15,15.3,14.85,15.0,52100,865350,34300,weekly,2022-6-30T21:00:00.000,options,call
16,1656475260000,15.1,15.5,14.8,15.25,47100,865350,34300,weekly,2022-6-30T21:00:00.000,options,call
17,1656475320000,15.3,15.3,14.6,14.65,52850,891225,34300,weekly,2022-6-30T21:00:00.000,options,call
18,1656475380000,14.75,14.85,14.35,14.75,45950,891225,34300,weekly,2022-6-30T21:00:00.000,options,call
19,1656475440000,14.65,14.8,14.3,14.35,59575,891225,34300,weekly,2022-6-30T21:00:00.000,options,call
20,1656475500000,14.25,14.5,14.0,14.4,59550,927250,34300,weekly,2022-6-30T21:00:00.000,options,call
21,1656475560000,14.45,14.65,14.05,14.2,48200,927250,34300,weekly,2022-6-30T21:00:00.000,options,call
22,1656475620000,14.2,14.2,13.9,14.05,47750,927250,34300,weekly,2022-6-30T21:00:00.000,options,call
23,1656475680000,14.1,14.4,14.0,14.4,24650,951625,34300,weekly,2022-6-30T21:00:00.000,options,call
24,1656475740000,14.4,14.45,14.2,14.2,23500,951625,34300,weekly,2022-6-30T21:00:00.000,options,call
25,1656475800000,14.25,14.45,14.1,14.25,34600,951625,34300,weekly,2022-6-30T21:00:00.000,options,call
26,1656475860000,14.2,14.6,14.2,14.45,46600,973200,34300,weekly,2022-6-30T21:00:00.000,options,call
27,1656475920000,14.45,14.7,14.25,14.7,20700,973200,34300,weekly,2022-6-30T21:00:00.000,options,call
28,1656475980000,14.75,14.95,14.35,14.4,43625,973200,34300,weekly,2022-6-30T21:00:00.000,options,call
29,1656476040000,14.35,14.75,14.3,14.7,19475,981700,34300,weekly,2022-6-30T21:00:00.000,options,call
30,1656476100000,14.75,15.1,14.55,15.1,26675,981700,34300,weekly,2022-6-30T21:00:00.000,options,call
31,1656476160000,15.0,15.15,14.7,14.8,23600,981700,34300,weekly,2022-6-30T21:00:00.000,options,call
32,1656476220000,14.75,14.8,14.4,14.45,26050,998250,34300,weekly,2022-6-30T21:00:00.000,options,call
33,1656476280000,14.55,14.55,14.35,14.35,32150,998250,34300,weekly,2022-6-30T21:00:00.000,options,call
34,1656476340000,14.4,14.75,14.35,14.65,23225,998250,34300,weekly,2022-6-30T21:00:00.000,options,call
35,1656476400000,14.65,15.2,14.55,15.05,34050,1011600,34300,weekly,2022-6-30T21:00:00.000,options,call
36,1656476460000,15.0,15.35,14.75,15.05,42875,1011600,34300,weekly,2022-6-30T21:00:00.000,options,call
37,1656476520000,15.15,15.25,14.85,15.1,39300,1011600,34300,weekly,2022-6-30T21:00:00.000,options,call
38,1656476580000,15.15,15.35,15.0,15.2,22450,1029800,34300,weekly,2022-6-30T21:00:00.000,options,call
39,1656476640000,15.15,15.3,14.95,15.1,23125,1029800,34300,weekly,2022-6-30T21:00:00.000,options,call
40,1656476700000,15.1,15.15,14.7,14.8,22450,1029800,34300,weekly,2022-6-30T21:00:00.000,options,call
41,1656476760000,14.7,15.3,14.6,15.05,27625,1039750,34300,weekly,2022-6-30T21:00:00.000,options,call
42,1656476820000,14.9,15.1,14.65,14.85,16800,1039750,34300,weekly,2022-6-30T21:00:00.000,options,call
43,1656476880000,14.95,15.05,14.6,14.6,25575,1039750,34300,weekly,2022-6-30T21:00:00.000,options,call
44,1656476940000,14.65,15.0,14.6,15.0,32150,1058575,34300,weekly,2022-6-30T21:00:00.000,options,call
45,1656477000000,15.0,15.05,14.55,14.65,36575,1058575,34300,weekly,2022-6-30T21:00:00.000,options,call
46,1656477060000,14.7,14.8,14.6,14.8,18375,1058575,34300,weekly,2022-6-30T21:00:00.000,options,call
47,1656477120000,14.8,15.25,14.7,15.1,24000,1068000,34300,weekly,2022-6-30T21:00:00.000,options,call
48,1656477180000,15.1,15.3,15.05,15.25,30625,1068000,34300,weekly,2022-6-30T21:00:00.000,options,call
49,1656477240000,15.25,15.4,14.9,14.9,18650,1068000,34300,weekly,2022-6-30T21:00:00.000,options,call
50,1656477300000,14.95,15.2,14.65,14.65,25500,1078000,34300,weekly,2022-6-30T21:00:00.000,options,call
51,1656477360000,14.7,15.0,14.7,14.9,17650,1078000,34300,weekly,2022-6-30T21:00:00.000,options,call
52,1656477420000,14.8,15.15,14.8,14.85,23950,1078000,34300,weekly,2022-6-30T21:00:00.000,options,call
53,1656477480000,14.85,15.0,14.75,14.85,19875,1084125,34300,weekly,2022-6-30T21:00:00.000,options,call
54,1656477540000,14.9,14.95,14.6,14.65,22200,1084125,34300,weekly,2022-6-30T21:00:00.000,options,call
55,1656477600000,14.7,14.85,14.6,14.75,18800,1084125,34300,weekly,2022-6-30T21:00:00.000,options,call
56,1656477660000,14.75,14.95,14.55,14.95,20700,1082725,34300,weekly,2022-6-30T21:00:00.000,options,call
57,1656477720000,14.85,15.3,14.75,15.05,28300,1082725,34300,weekly,2022-6-30T21:00:00.000,options,call
58,1656477780000,15.0,15.05,14.75,14.85,24000,1082725,34300,weekly,2022-6-30T21:00:00.000,options,call
59,1656477840000,14.85,15.0,14.65,15.0,16450,1079300,34300,weekly,2022-6-30T21:00:00.000,options,call
60,1656477900000,14.9,15.25,14.75,15.15,25750,1079300,34300,weekly,2022-6-30T21:00:00.000,options,call
61,1656477960000,15.15,15.75,14.95,15.75,22175,1079300,34300,weekly,2022-6-30T21:00:00.000,options,call
62,1656478020000,15.55,16.2,15.3,15.95,50625,1087550,34300,weekly,2022-6-30T21:00:00.000,options,call
63,1656478080000,15.95,16.45,15.9,16.05,37800,1087550,34300,weekly,2022-6-30T21:00:00.000,options,call
64,1656478140000,16.1,16.7,15.8,16.45,46850,1087550,34300,weekly,2022-6-30T21:00:00.000,options,call
65,1656478200000,16.4,18.1,16.1,17.75,91450,1070025,34300,weekly,2022-6-30T21:00:00.000,options,call
66,1656478260000,17.6,18.6,17.0,17.1,64800,1070025,34300,weekly,2022-6-30T21:00:00.000,options,call
67,1656478320000,16.9,16.9,16.0,16.8,30500,1070025,34300,weekly,2022-6-30T21:00:00.000,options,call
68,1656478380000,17.0,17.05,16.4,16.8,27250,1048875,34300,weekly,2022-6-30T21:00:00.000,options,call
69,1656478440000,16.9,17.0,16.2,16.35,27075,1048875,34300,weekly,2022-6-30T21:00:00.000,options,call
70,1656478500000,16.3,16.3,15.65,15.7,48425,1048875,34300,weekly,2022-6-30T21:00:00.000,options,call
71,1656478560000,15.55,15.6,15.1,15.4,22950,1058375,34300,weekly,2022-6-30T21:00:00.000,options,call
72,1656478620000,15.55,15.75,15.2,15.75,19725,1058375,34300,weekly,2022-6-30T21:00:00.000,options,call
73,1656478680000,15.7,15.8,15.45,15.45,16850,1058375,34300,weekly,2022-6-30T21:00:00.000,options,call
74,1656478740000,15.55,15.65,15.35,15.6,11200,1059800,34300,weekly,2022-6-30T21:00:00.000,options,call
75,1656478800000,15.65,16.35,15.25,16.1,31550,1059800,34300,weekly,2022-6-30T21:00:00.000,options,call
76,1656478860000,16.0,16.1,15.85,15.9,21325,1059800,34300,weekly,2022-6-30T21:00:00.000,options,call
77,1656478920000,15.8,16.1,15.8,16.05,15200,1058800,34300,weekly,2022-6-30T21:00:00.000,options,call
78,1656478980000,16.05,16.6,16.05,16.3,10950,1058800,34300,weekly,2022-6-30T21:00:00.000,options,call
79,1656479040000,16.3,17.25,16.15,17.0,36500,1058800,34300,weekly,2022-6-30T21:00:00.000,options,call
80,1656479100000,17.15,17.15,16.35,16.55,28050,1047650,34300,weekly,2022-6-30T21:00:00.000,options,call
81,1656479160000,16.55,17.0,16.3,16.5,48175,1047650,34300,weekly,2022-6-30T21:00:00.000,options,call
82,1656479220000,16.45,16.7,16.2,16.35,18950,1047650,34300,weekly,2022-6-30T21:00:00.000,options,call
83,1656479280000,16.4,16.4,15.9,16.2,30850,1036225,34300,weekly,2022-6-30T21:00:00.000,options,call
84,1656479340000,16.1,16.1,15.8,16.1,22175,1036225,34300,weekly,2022-6-30T21:00:00.000,options,call
85,1656479400000,16.2,16.25,15.4,15.4,12050,1036225,34300,weekly,2022-6-30T21:00:00.000,options,call
86,1656479460000,15.35,15.95,15.3,15.85,16200,1038075,34300,weekly,2022-6-30T21:00:00.000,options,call
87,1656479520000,15.8,16.2,15.7,15.9,15025,1038075,34300,weekly,2022-6-30T21:00:00.000,options,call
88,1656479580000,15.8,15.9,15.5,15.55,15050,1038075,34300,weekly,2022-6-30T21:00:00.000,options,call
89,1656479640000,15.5,16.1,15.45,15.55,18400,1045700,34300,weekly,2022-6-30T21:00:00.000,options,call
90,1656479700000,15.55,15.85,15.45,15.6,13825,1045700,34300,weekly,2022-6-30T21:00:00.000,options,call
91,1656479760000,15.65,15.65,15.1,15.15,23825,1045700,34300,weekly,2022-6-30T21:00:00.000,options,call
92,1656479820000,15.1,15.4,15.0,15.15,22425,1054775,34300,weekly,2022-6-30T21:00:00.000,options,call
93,1656479880000,15.1,15.45,14.9,15.4,12875,1054775,34300,weekly,2022-6-30T21:00:00.000,options,call
94,1656479940000,15.4,15.45,15.2,15.2,6950,1054775,34300,weekly,2022-6-30T21:00:00.000,options,call
95,1656480000000,15.2,15.45,15.0,15.25,14250,1063300,34300,weekly,2022-6-30T21:00:00.000,options,call
96,1656480060000,15.0,15.35,14.65,15.1,19000,1063300,34300,weekly,2022-6-30T21:00:00.000,options,call
97,1656480120000,15.0,15.15,14.8,14.8,11350,1063300,34300,weekly,2022-6-30T21:00:00.000,options,call
98,1656480180000,14.8,14.95,14.6,14.75,21350,1066725,34300,weekly,2022-6-30T21:00:00.000,options,call
99,1656480240000,14.8,14.85,14.35,14.6,18975,1066725,34300,weekly,2022-6-30T21:00:00.000,options,call
100,1656480300000,14.5,14.5,14.15,14.2,48175,1066725,34300,weekly,2022-6-30T21:00:00.000,options,call
101,1656480360000,14.25,14.5,14.1,14.4,24000,1061900,34300,weekly,2022-6-30T21:00:00.000,options,call
102,1656480420000,14.35,14.5,14.2,14.35,23450,1061900,34300,weekly,2022-6-30T21:00:00.000,options,call
103,1656480480000,14.45,14.45,13.95,14.1,30175,1061900,34300,weekly,2022-6-30T21:00:00.000,options,call
104,1656480540000,14.15,14.25,13.45,13.65,36825,1063475,34300,weekly,2022-6-30T21:00:00.000,options,call
105,1656480600000,13.65,13.8,13.25,13.6,59675,1063475,34300,weekly,2022-6-30T21:00:00.000,options,call
106,1656480660000,13.55,14.1,13.55,14.1,48675,1063475,34300,weekly,2022-6-30T21:00:00.000,options,call
107,1656480720000,14.05,14.4,13.9,14.3,14450,1076050,34300,weekly,2022-6-30T21:00:00.000,options,call
108,1656480780000,14.3,15.15,14.25,15.1,28850,1076050,34300,weekly,2022-6-30T21:00:00.000,options,call
109,1656480840000,15.1,15.2,14.6,14.85,28825,1076050,34300,weekly,2022-6-30T21:00:00.000,options,call
110,1656480900000,14.85,15.2,14.55,14.65,13975,1095900,34300,weekly,2022-6-30T21:00:00.000,options,call
111,1656480960000,14.65,15.1,14.55,14.85,16475,1095900,34300,weekly,2022-6-30T21:00:00.000,options,call
112,1656481020000,14.85,15.0,14.7,14.9,6450,1095900,34300,weekly,2022-6-30T21:00:00.000,options,call
113,1656481080000,14.85,14.95,14.65,14.85,7875,1099750,34300,weekly,2022-6-30T21:00:00.000,options,call
114,1656481140000,14.9,15.0,14.55,14.7,8625,1099750,34300,weekly,2022-6-30T21:00:00.000,options,call
115,1656481200000,14.75,14.9,14.5,14.8,21275,1099750,34300,weekly,2022-6-30T21:00:00.000,options,call
116,1656481260000,14.8,14.85,14.3,14.3,28350,1101050,34300,weekly,2022-6-30T21:00:00.000,options,call
117,1656481320000,14.35,14.5,14.0,14.1,20575,1101050,34300,weekly,2022-6-30T21:00:00.000,options,call
118,1656481380000,14.1,14.35,14.05,14.25,15800,1101050,34300,weekly,2022-6-30T21:00:00.000,options,call
119,1656481440000,14.25,14.5,14.25,14.4,9575,1091975,34300,weekly,2022-6-30T21:00:00.000,options,call
120,1656481500000,14.4,14.65,14.3,14.55,8925,1091975,34300,weekly,2022-6-30T21:00:00.000,options,call
121,1656481560000,14.55,14.7,14.45,14.6,6700,1091975,34300,weekly,2022-6-30T21:00:00.000,options,call
122,1656481620000,14.6,14.9,14.6,14.8,8050,1087650,34300,weekly,2022-6-30T21:00:00.000,options,call
123,1656481680000,14.9,15.15,14.7,14.9,16700,1087650,34300,weekly,2022-6-30T21:00:00.000,options,call
124,1656481740000,14.9,15.2,14.9,15.2,15050,1087650,34300,weekly,2022-6-30T21:00:00.000,options,call
125,1656481800000,15.15,15.2,14.8,14.8,21225,1078675,34300,weekly,2022-6-30T21:00:00.000,options,call
126,1656481860000,14.85,15.05,14.6,14.7,5250,1078675,34300,weekly,2022-6-30T21:00:00.000,options,call
127,1656481920000,14.65,14.7,14.4,14.45,12525,1078675,34300,weekly,2022-6-30T21:00:00.000,options,call
128,1656481980000,14.5,14.8,14.4,14.8,7325,1084725,34300,weekly,2022-6-30T21:00:00.000,options,call
129,1656482040000,14.8,15.05,14.65,14.95,9650,1084725,34300,weekly,2022-6-30T21:00:00.000,options,call
130,1656482100000,14.85,15.1,14.65,15.1,13125,1084725,34300,weekly,2022-6-30T21:00:00.000,options,call
131,1656482160000,15.15,15.15,14.65,14.7,13400,1083675,34300,weekly,2022-6-30T21:00:00.000,options,call
132,1656482220000,14.7,14.75,14.2,14.25,22350,1083675,34300,weekly,2022-6-30T21:00:00.000,options,call
133,1656482280000,14.25,14.75,14.15,14.6,16775,1083675,34300,weekly,2022-6-30T21:00:00.000,options,call
134,1656482340000,14.6,14.75,14.4,14.55,12025,1087100,34300,weekly,2022-6-30T21:00:00.000,options,call
135,1656482400000,14.65,14.65,14.35,14.35,14550,1087100,34300,weekly,2022-6-30T21:00:00.000,options,call
136,1656482460000,14.4,14.85,14.4,14.8,14275,1087100,34300,weekly,2022-6-30T21:00:00.000,options,call
137,1656482520000,14.8,14.95,14.55,14.7,29325,1086775,34300,weekly,2022-6-30T21:00:00.000,options,call
138,1656482580000,14.8,14.95,14.65,14.95,20325,1086775,34300,weekly,2022-6-30T21:00:00.000,options,call
139,1656482640000,14.95,15.0,14.7,14.75,12850,1086775,34300,weekly,2022-6-30T21:00:00.000,options,call
140,1656482700000,14.8,15.0,14.7,14.75,9775,1093275,34300,weekly,2022-6-30T21:00:00.000,options,call
141,1656482760000,14.75,14.8,14.4,14.55,12025,1093275,34300,weekly,2022-6-30T21:00:00.000,options,call
142,1656482820000,14.55,14.6,14.2,14.5,17050,1093275,34300,weekly,2022-6-30T21:00:00.000,options,call
143,1656482880000,14.45,14.55,14.25,14.4,7125,1088975,34300,weekly,2022-6-30T21:00:00.000,options,call
144,1656482940000,14.4,14.4,13.6,13.6,41000,1088975,34300,weekly,2022-6-30T21:00:00.000,options,call
145,1656483000000,13.6,13.9,13.2,13.7,37225,1088975,34300,weekly,2022-6-30T21:00:00.000,options,call
146,1656483060000,13.7,13.85,13.65,13.7,20025,1090825,34300,weekly,2022-6-30T21:00:00.000,options,call
147,1656483120000,13.75,13.85,13.55,13.75,21400,1090825,34300,weekly,2022-6-30T21:00:00.000,options,call
148,1656483180000,13.7,13.75,13.55,13.7,14875,1090825,34300,weekly,2022-6-30T21:00:00.000,options,call
149,1656483240000,13.75,13.85,13.55,13.65,13900,1090825,34300,weekly,2022-6-30T21:00:00.000,options,call
150,1656483300000,13.65,13.8,13.6,13.65,9450,1089775,34300,weekly,2022-6-30T21:00:00.000,options,call
151,1656483360000,13.65,14.1,13.65,14.0,31125,1089775,34300,weekly,2022-6-30T21:00:00.000,options,call
152,1656483420000,14.05,14.1,13.8,13.85,12825,1089775,34300,weekly,2022-6-30T21:00:00.000,options,call
153,1656483480000,13.8,13.9,13.75,13.85,3950,1093600,34300,weekly,2022-6-30T21:00:00.000,options,call
154,1656483540000,13.85,13.9,13.55,13.6,12500,1093600,34300,weekly,2022-6-30T21:00:00.000,options,call
155,1656483600000,13.6,13.65,13.35,13.45,33950,1093600,34300,weekly,2022-6-30T21:00:00.000,options,call
156,1656483660000,13.4,13.95,13.4,13.5,18800,1094150,34300,weekly,2022-6-30T21:00:00.000,options,call
157,1656483720000,13.55,13.7,13.35,13.35,20400,1094150,34300,weekly,2022-6-30T21:00:00.000,options,call
158,1656483780000,13.4,13.7,13.25,13.6,20100,1094150,34300,weekly,2022-6-30T21:00:00.000,options,call
159,1656483840000,13.55,14.2,13.55,14.15,22225,1093575,34300,weekly,2022-6-30T21:00:00.000,options,call
160,1656483900000,14.15,14.35,13.85,14.1,11325,1093575,34300,weekly,2022-6-30T21:00:00.000,options,call
161,1656483960000,14.15,14.35,14.0,14.1,5700,1093575,34300,weekly,2022-6-30T21:00:00.000,options,call
162,1656484020000,14.1,14.2,13.9,13.95,4925,1093850,34300,weekly,2022-6-30T21:00:00.000,options,call
163,1656484080000,13.95,14.05,13.8,14.0,6425,1093850,34300,weekly,2022-6-30T21:00:00.000,options,call
164,1656484140000,13.95,14.45,13.9,14.1,24425,1093850,34300,weekly,2022-6-30T21:00:00.000,options,call
165,1656484200000,14.0,15.1,14.0,14.75,86750,1091400,34300,weekly,2022-6-30T21:00:00.000,options,call
166,1656484260000,14.7,15.35,14.35,14.6,69325,1091400,34300,weekly,2022-6-30T21:00:00.000,options,call
167,1656484320000,14.6,14.8,14.15,14.5,27450,1091400,34300,weekly,2022-6-30T21:00:00.000,options,call
168,1656484380000,14.55,15.5,14.4,15.3,50075,1063550,34300,weekly,2022-6-30T21:00:00.000,options,call
169,1656484440000,15.3,15.5,15.0,15.35,28800,1063550,34300,weekly,2022-6-30T21:00:00.000,options,call
170,1656484500000,15.3,15.6,14.65,14.8,35625,1063550,34300,weekly,2022-6-30T21:00:00.000,options,call
171,1656484560000,14.75,14.8,14.25,14.5,26525,1045450,34300,weekly,2022-6-30T21:00:00.000,options,call
172,1656484620000,14.55,14.7,14.25,14.4,14425,1045450,34300,weekly,2022-6-30T21:00:00.000,options,call
173,1656484680000,14.4,14.55,14.0,14.2,13550,1045450,34300,weekly,2022-6-30T21:00:00.000,options,call
174,1656484740000,14.2,14.2,13.6,14.05,23750,1040900,34300,weekly,2022-6-30T21:00:00.000,options,call
175,1656484800000,14.15,14.15,13.7,13.9,11375,1040900,34300,weekly,2022-6-30T21:00:00.000,options,call
176,1656484860000,13.75,13.95,13.55,13.65,19675,1040900,34300,weekly,2022-6-30T21:00:00.000,options,call
177,1656484920000,13.6,14.0,13.6,13.95,14600,1048625,34300,weekly,2022-6-30T21:00:00.000,options,call
178,1656484980000,14.0,14.35,14.0,14.1,17475,1048625,34300,weekly,2022-6-30T21:00:00.000,options,call
179,1656485040000,14.05,14.15,13.8,13.9,12500,1048625,34300,weekly,2022-6-30T21:00:00.000,options,call
180,1656485100000,14.05,14.25,13.95,14.05,38200,1053825,34300,weekly,2022-6-30T21:00:00.000,options,call
181,1656485160000,14.05,14.25,14.05,14.15,12600,1053825,34300,weekly,2022-6-30T21:00:00.000,options,call
182,1656485220000,14.15,14.3,14.0,14.1,10775,1053825,34300,weekly,2022-6-30T21:00:00.000,options,call
183,1656485280000,14.0,14.25,13.8,13.9,12000,1050900,34300,weekly,2022-6-30T21:00:00.000,options,call
184,1656485340000,13.85,13.9,13.5,13.6,19100,1050900,34300,weekly,2022-6-30T21:00:00.000,options,call
185,1656485400000,13.55,13.75,13.15,13.3,20300,1050900,34300,weekly,2022-6-30T21:00:00.000,options,call
186,1656485460000,13.05,13.4,12.85,13.0,37175,1046075,34300,weekly,2022-6-30T21:00:00.000,options,call
187,1656485520000,13.0,13.1,12.7,12.75,35400,1046075,34300,weekly,2022-6-30T21:00:00.000,options,call
188,1656485580000,12.75,13.15,12.7,13.15,18825,1046075,34300,weekly,2022-6-30T21:00:00.000,options,call
189,1656485640000,13.2,13.2,12.9,13.2,16150,1047775,34300,weekly,2022-6-30T21:00:00.000,options,call
190,1656485700000,13.15,13.2,13.05,13.2,13850,1047775,34300,weekly,2022-6-30T21:00:00.000,options,call
191,1656485760000,13.25,13.35,13.15,13.25,14500,1047775,34300,weekly,2022-6-30T21:00:00.000,options,call
192,1656485820000,13.25,13.4,13.2,13.2,9400,1052750,34300,weekly,2022-6-30T21:00:00.000,options,call
193,1656485880000,13.25,13.3,13.15,13.2,11825,1052750,34300,weekly,2022-6-30T21:00:00.000,options,call
194,1656485940000,13.2,13.25,12.95,12.95,20200,1052750,34300,weekly,2022-6-30T21:00:00.000,options,call
195,1656486000000,13.0,13.1,12.85,13.0,19125,1059925,34300,weekly,2022-6-30T21:00:00.000,options,call
196,1656486060000,13.0,13.0,12.75,12.8,13350,1059925,34300,weekly,2022-6-30T21:00:00.000,options,call
197,1656486120000,12.8,13.05,12.8,13.0,8925,1059925,34300,weekly,2022-6-30T21:00:00.000,options,call
198,1656486180000,13.05,13.55,13.0,13.4,15625,1058800,34300,weekly,2022-6-30T21:00:00.000,options,call
199,1656486240000,13.45,13.65,13.4,13.5,9250,1058800,34300,weekly,2022-6-30T21:00:00.000,options,call
200,1656486300000,13.55,14.0,13.5,13.9,16550,1058800,34300,weekly,2022-6-30T21:00:00.000,options,call
201,1656486360000,14.0,14.3,14.0,14.25,17750,1057100,34300,weekly,2022-6-30T21:00:00.000,options,call
202,1656486420000,14.1,14.1,13.3,13.3,9850,1057100,34300,weekly,2022-6-30T21:00:00.000,options,call
203,1656486480000,13.4,13.7,13.2,13.4,19425,1057100,34300,weekly,2022-6-30T21:00:00.000,options,call
204,1656486540000,13.3,13.45,13.15,13.25,6100,1057125,34300,weekly,2022-6-30T21:00:00.000,options,call
205,1656486600000,13.3,13.6,13.2,13.45,11300,1057125,34300,weekly,2022-6-30T21:00:00.000,options,call
206,1656486660000,13.45,13.7,13.4,13.6,9300,1057125,34300,weekly,2022-6-30T21:00:00.000,options,call
207,1656486720000,13.55,13.7,13.5,13.65,6575,1059550,34300,weekly,2022-6-30T21:00:00.000,options,call
208,1656486780000,13.65,13.7,13.1,13.25,14375,1059550,34300,weekly,2022-6-30T21:00:00.000,options,call
209,1656486840000,13.3,13.35,13.1,13.1,12250,1059550,34300,weekly,2022-6-30T21:00:00.000,options,call
210,1656486900000,13.25,13.9,13.25,13.85,20400,1064350,34300,weekly,2022-6-30T21:00:00.000,options,call
211,1656486960000,13.9,14.05,13.7,14.0,18550,1064350,34300,weekly,2022-6-30T21:00:00.000,options,call
212,1656487020000,14.0,14.2,13.75,13.95,14975,1064350,34300,weekly,2022-6-30T21:00:00.000,options,call
213,1656487080000,13.8,14.25,13.75,14.1,11550,1067475,34300,weekly,2022-6-30T21:00:00.000,options,call
214,1656487140000,14.1,14.2,13.65,13.65,13925,1067475,34300,weekly,2022-6-30T21:00:00.000,options,call
215,1656487200000,13.7,14.05,13.65,13.65,10825,1067475,34300,weekly,2022-6-30T21:00:00.000,options,call
216,1656487260000,13.6,13.85,13.45,13.6,14600,1066975,34300,weekly,2022-6-30T21:00:00.000,options,call
217,1656487320000,13.6,13.8,13.4,13.7,10875,1066975,34300,weekly,2022-6-30T21:00:00.000,options,call
218,1656487380000,13.7,13.95,13.65,13.75,5800,1066975,34300,weekly,2022-6-30T21:00:00.000,options,call
219,1656487440000,13.85,14.1,13.75,14.1,15300,1064500,34300,weekly,2022-6-30T21:00:00.000,options,call
220,1656487500000,14.0,14.15,13.85,13.9,10300,1064500,34300,weekly,2022-6-30T21:00:00.000,options,call
221,1656487560000,13.9,14.05,13.6,13.8,10400,1064500,34300,weekly,2022-6-30T21:00:00.000,options,call
222,1656487620000,13.8,13.8,13.5,13.55,10175,1071225,34300,weekly,2022-6-30T21:00:00.000,options,call
223,1656487680000,13.6,14.9,13.5,14.6,29325,1071225,34300,weekly,2022-6-30T21:00:00.000,options,call
224,1656487740000,14.55,15.0,14.0,14.1,12000,1071225,34300,weekly,2022-6-30T21:00:00.000,options,call
225,1656487800000,14.05,14.05,12.85,13.4,23075,1071800,34300,weekly,2022-6-30T21:00:00.000,options,call
226,1656487860000,13.3,13.75,13.15,13.3,10625,1071800,34300,weekly,2022-6-30T21:00:00.000,options,call
227,1656487920000,13.3,13.85,13.3,13.45,13100,1071800,34300,weekly,2022-6-30T21:00:00.000,options,call
228,1656487980000,13.4,13.6,13.3,13.4,14775,1066800,34300,weekly,2022-6-30T21:00:00.000,options,call
229,1656488040000,13.4,14.0,13.35,13.6,17525,1066800,34300,weekly,2022-6-30T21:00:00.000,options,call
230,1656488100000,13.6,14.05,13.6,13.75,15900,1066800,34300,weekly,2022-6-30T21:00:00.000,options,call
231,1656488160000,13.7,13.85,13.3,13.65,15225,1069150,34300,weekly,2022-6-30T21:00:00.000,options,call
232,1656488220000,13.7,14.65,13.6,14.3,13000,1069150,34300,weekly,2022-6-30T21:00:00.000,options,call
233,1656488280000,14.3,14.8,14.25,14.4,17800,1069150,34300,weekly,2022-6-30T21:00:00.000,options,call
234,1656488340000,14.4,14.7,13.95,14.4,16350,1068950,34300,weekly,2022-6-30T21:00:00.000,options,call
235,1656488400000,14.5,19.2,14.05,18.15,141900,1068950,34300,weekly,2022-6-30T21:00:00.000,options,call
236,1656488460000,17.85,17.85,15.75,16.5,71325,1068950,34300,weekly,2022-6-30T21:00:00.000,options,call
237,1656488520000,17.0,17.4,15.15,15.4,58650,1038000,34300,weekly,2022-6-30T21:00:00.000,options,call
238,1656488580000,15.35,15.8,14.35,14.85,48550,1038000,34300,weekly,2022-6-30T21:00:00.000,options,call
239,1656488640000,15.0,15.0,14.3,14.5,38375,1038000,34300,weekly,2022-6-30T21:00:00.000,options,call
240,1656488700000,14.55,14.7,13.6,14.6,61275,1022000,34300,weekly,2022-6-30T21:00:00.000,options,call
241,1656488760000,14.55,14.75,14.0,14.15,28775,1022000,34300,weekly,2022-6-30T21:00:00.000,options,call
242,1656488820000,14.1,14.65,14.0,14.5,25925,1022000,34300,weekly,2022-6-30T21:00:00.000,options,call
243,1656488880000,14.55,15.35,14.4,14.45,56875,993625,34300,weekly,2022-6-30T21:00:00.000,options,call
244,1656488940000,14.5,14.5,13.45,13.65,45325,993625,34300,weekly,2022-6-30T21:00:00.000,options,call
245,1656489000000,13.9,14.45,13.55,14.15,23775,993625,34300,weekly,2022-6-30T21:00:00.000,options,call
246,1656489060000,14.1,14.3,13.85,14.2,15725,1005275,34300,weekly,2022-6-30T21:00:00.000,options,call
247,1656489120000,14.0,14.2,13.55,13.55,14475,1005275,34300,weekly,2022-6-30T21:00:00.000,options,call
248,1656489180000,13.5,14.25,13.45,14.1,11600,1005275,34300,weekly,2022-6-30T21:00:00.000,options,call
249,1656489240000,14.1,14.15,13.8,13.95,11225,1015175,34300,weekly,2022-6-30T21:00:00.000,options,call
250,1656489300000,13.95,14.05,13.6,13.75,7875,1015175,34300,weekly,2022-6-30T21:00:00.000,options,call
251,1656489360000,13.7,14.1,13.6,13.75,8850,1015175,34300,weekly,2022-6-30T21:00:00.000,options,call
252,1656489420000,13.85,14.15,13.7,13.95,14200,1013450,34300,weekly,2022-6-30T21:00:00.000,options,call
253,1656489480000,13.95,13.95,13.3,13.55,13225,1013450,34300,weekly,2022-6-30T21:00:00.000,options,call
254,1656489540000,13.45,13.5,13.0,13.25,25450,1013450,34300,weekly,2022-6-30T21:00:00.000,options,call
255,1656489600000,13.3,13.5,13.05,13.2,31800,1017450,34300,weekly,2022-6-30T21:00:00.000,options,call
256,1656489660000,13.2,13.5,13.0,13.2,17475,1017450,34300,weekly,2022-6-30T21:00:00.000,options,call
257,1656489720000,13.2,13.65,13.05,13.65,13875,1017450,34300,weekly,2022-6-30T21:00:00.000,options,call
258,1656489780000,13.55,14.0,13.5,13.9,13625,1035225,34300,weekly,2022-6-30T21:00:00.000,options,call
259,1656489840000,13.95,15.0,13.75,14.4,27100,1035225,34300,weekly,2022-6-30T21:00:00.000,options,call
260,1656489900000,14.5,15.3,14.0,15.15,32025,1035225,34300,weekly,2022-6-30T21:00:00.000,options,call
261,1656489960000,15.05,15.55,14.7,14.9,22400,1025550,34300,weekly,2022-6-30T21:00:00.000,options,call
262,1656490020000,14.9,15.7,14.9,15.5,24525,1025550,34300,weekly,2022-6-30T21:00:00.000,options,call
263,1656490080000,15.55,15.55,14.5,14.7,30225,1025550,34300,weekly,2022-6-30T21:00:00.000,options,call
264,1656490140000,14.65,14.7,14.2,14.45,15600,1019225,34300,weekly,2022-6-30T21:00:00.000,options,call
265,1656490200000,14.65,15.15,14.6,14.75,25925,1019225,34300,weekly,2022-6-30T21:00:00.000,options,call
266,1656490260000,14.8,15.25,14.0,15.0,34125,1019225,34300,weekly,2022-6-30T21:00:00.000,options,call
267,1656490320000,14.85,14.95,14.3,14.65,11375,1021950,34300,weekly,2022-6-30T21:00:00.000,options,call
268,1656490380000,14.55,14.6,13.95,14.05,19450,1021950,34300,weekly,2022-6-30T21:00:00.000,options,call
269,1656490440000,14.1,14.15,13.4,13.6,16800,1021950,34300,weekly,2022-6-30T21:00:00.000,options,call
270,1656490500000,13.5,13.75,13.35,13.55,17325,1030700,34300,weekly,2022-6-30T21:00:00.000,options,call
271,1656490560000,13.45,13.55,13.15,13.5,14800,1030700,34300,weekly,2022-6-30T21:00:00.000,options,call
272,1656490620000,13.5,13.9,13.35,13.6,25225,1030700,34300,weekly,2022-6-30T21:00:00.000,options,call
273,1656490680000,13.8,14.1,13.75,14.05,16250,1032350,34300,weekly,2022-6-30T21:00:00.000,options,call
274,1656490740000,14.25,14.5,14.1,14.25,16125,1032350,34300,weekly,2022-6-30T21:00:00.000,options,call
275,1656490800000,14.3,14.55,14.0,14.1,25175,1032350,34300,weekly,2022-6-30T21:00:00.000,options,call
276,1656490860000,14.1,14.1,13.8,13.85,11600,1032600,34300,weekly,2022-6-30T21:00:00.000,options,call
277,1656490920000,13.65,14.05,13.55,13.85,13300,1032600,34300,weekly,2022-6-30T21:00:00.000,options,call
278,1656490980000,13.8,14.0,13.7,13.95,14825,1032600,34300,weekly,2022-6-30T21:00:00.000,options,call
279,1656491040000,13.95,14.4,13.65,13.65,15425,1036475,34300,weekly,2022-6-30T21:00:00.000,options,call
280,1656491100000,13.75,14.4,13.25,14.1,22725,1036475,34300,weekly,2022-6-30T21:00:00.000,options,call
281,1656491160000,14.2,14.2,13.85,14.05,44325,1036475,34300,weekly,2022-6-30T21:00:00.000,options,call
282,1656491220000,13.95,14.2,13.75,13.9,20150,1045725,34300,weekly,2022-6-30T21:00:00.000,options,call
283,1656491280000,14.05,14.1,13.75,13.95,14275,1045725,34300,weekly,2022-6-30T21:00:00.000,options,call
284,1656491340000,13.95,14.35,13.75,13.95,7075,1045725,34300,weekly,2022-6-30T21:00:00.000,options,call
285,1656491400000,14.1,14.6,13.85,14.5,10925,1057150,34300,weekly,2022-6-30T21:00:00.000,options,call
286,1656491460000,14.5,15.05,14.35,14.7,18775,1057150,34300,weekly,2022-6-30T21:00:00.000,options,call
287,1656491520000,14.8,14.8,14.4,14.45,10900,1057150,34300,weekly,2022-6-30T21:00:00.000,options,call
288,1656491580000,14.35,14.35,13.9,14.2,16500,1043650,34300,weekly,2022-6-30T21:00:00.000,options,call
289,1656491640000,14.35,14.4,13.6,13.75,21425,1043650,34300,weekly,2022-6-30T21:00:00.000,options,call
290,1656491700000,13.75,14.15,13.5,14.0,17875,1043650,34300,weekly,2022-6-30T21:00:00.000,options,call
291,1656491760000,13.95,14.05,13.5,13.75,11000,1037975,34300,weekly,2022-6-30T21:00:00.000,options,call
292,1656491820000,13.7,13.9,13.45,13.85,9700,1037975,34300,weekly,2022-6-30T21:00:00.000,options,call
293,1656491880000,13.9,14.85,13.75,14.3,28675,1037975,34300,weekly,2022-6-30T21:00:00.000,options,call
294,1656491940000,14.25,14.95,13.75,13.85,20325,1034925,34300,weekly,2022-6-30T21:00:00.000,options,call
295,1656492000000,13.85,14.15,13.7,13.85,6275,1034925,34300,weekly,2022-6-30T21:00:00.000,options,call
296,1656492060000,13.9,14.35,13.8,13.9,11325,1034925,34300,weekly,2022-6-30T21:00:00.000,options,call
297,1656492120000,13.9,14.0,13.5,13.55,12050,1040625,34300,weekly,2022-6-30T21:00:00.000,options,call
298,1656492180000,13.55,13.85,13.55,13.85,5950,1040625,34300,weekly,2022-6-30T21:00:00.000,options,call
299,1656492240000,13.85,14.05,13.6,13.95,11375,1040625,34300,weekly,2022-6-30T21:00:00.000,options,call
300,1656492300000,13.95,14.2,13.4,13.65,40800,1067425,34300,weekly,2022-6-30T21:00:00.000,options,call
301,1656492360000,13.65,13.85,13.4,13.75,6725,1067425,34300,weekly,2022-6-30T21:00:00.000,options,call
302,1656492420000,13.7,13.95,13.4,13.75,13525,1067425,34300,weekly,2022-6-30T21:00:00.000,options,call
303,1656492480000,14.0,14.0,13.6,13.6,21575,1073000,34300,weekly,2022-6-30T21:00:00.000,options,call
304,1656492540000,13.65,13.7,13.4,13.6,8000,1073000,34300,weekly,2022-6-30T21:00:00.000,options,call
305,1656492600000,13.55,13.7,13.45,13.65,10750,1073000,34300,weekly,2022-6-30T21:00:00.000,options,call
306,1656492660000,13.6,13.75,13.4,13.5,12300,1064050,34300,weekly,2022-6-30T21:00:00.000,options,call
307,1656492720000,13.5,13.65,13.3,13.6,26675,1064050,34300,weekly,2022-6-30T21:00:00.000,options,call
308,1656492780000,13.7,13.95,13.4,13.85,15025,1064050,34300,weekly,2022-6-30T21:00:00.000,options,call
309,1656492840000,13.8,13.8,13.3,13.3,16350,1044625,34300,weekly,2022-6-30T21:00:00.000,options,call
310,1656492900000,13.35,13.8,13.35,13.7,13800,1044625,34300,weekly,2022-6-30T21:00:00.000,options,call
311,1656492960000,13.7,13.8,13.45,13.7,9625,1044625,34300,weekly,2022-6-30T21:00:00.000,options,call
312,1656493020000,13.65,13.95,13.6,13.95,11775,1038050,34300,weekly,2022-6-30T21:00:00.000,options,call
313,1656493080000,13.9,13.9,13.6,13.75,11500,1038050,34300,weekly,2022-6-30T21:00:00.000,options,call
314,1656493140000,13.85,14.85,13.85,14.3,58000,1038050,34300,weekly,2022-6-30T21:00:00.000,options,call
315,1656493200000,14.3,14.8,13.5,13.5,29200,1033150,34300,weekly,2022-6-30T21:00:00.000,options,call
316,1656493260000,13.5,13.5,13.05,13.5,29625,1033150,34300,weekly,2022-6-30T21:00:00.000,options,call
317,1656493320000,13.5,13.55,12.75,13.0,35975,1033150,34300,weekly,2022-6-30T21:00:00.000,options,call
318,1656493380000,12.95,13.0,12.6,12.7,36050,1042200,34300,weekly,2022-6-30T21:00:00.000,options,call
319,1656493440000,12.7,12.7,11.7,12.0,111375,1042200,34300,weekly,2022-6-30T21:00:00.000,options,call
320,1656493500000,12.0,12.1,11.0,11.0,135875,1042200,34300,weekly,2022-6-30T21:00:00.000,options,call
321,1656493560000,10.95,11.5,10.65,11.05,160000,1039625,34300,weekly,2022-6-30T21:00:00.000,options,call
322,1656493620000,11.05,11.15,10.75,10.8,144825,1039625,34300,weekly,2022-6-30T21:00:00.000,options,call
323,1656493680000,10.8,11.35,10.75,11.35,177850,1039625,34300,weekly,2022-6-30T21:00:00.000,options,call
324,1656493740000,11.3,11.45,11.05,11.25,93000,1097025,34300,weekly,2022-6-30T21:00:00.000,options,call
325,1656493800000,11.3,11.65,11.15,11.65,52925,1097025,34300,weekly,2022-6-30T21:00:00.000,options,call
326,1656493860000,11.65,11.85,11.45,11.75,46300,1097025,34300,weekly,2022-6-30T21:00:00.000,options,call
327,1656493920000,11.75,11.9,11.65,11.65,29925,1121325,34300,weekly,2022-6-30T21:00:00.000,options,call
328,1656493980000,11.6,11.9,11.55,11.9,27600,1121325,34300,weekly,2022-6-30T21:00:00.000,options,call
329,1656494040000,11.85,11.9,11.55,11.8,22350,1121325,34300,weekly,2022-6-30T21:00:00.000,options,call
330,1656494100000,11.7,12.2,11.6,11.95,46275,1119600,34300,weekly,2022-6-30T21:00:00.000,options,call
331,1656494160000,12.0,12.45,11.95,12.1,45775,1119600,34300,weekly,2022-6-30T21:00:00.000,options,call
332,1656494220000,12.15,12.55,11.7,11.8,36000,1119600,34300,weekly,2022-6-30T21:00:00.000,options,call
333,1656494280000,11.75,11.8,11.25,11.25,33350,1106325,34300,weekly,2022-6-30T21:00:00.000,options,call
334,1656494340000,11.3,11.35,10.8,11.05,49100,1106325,34300,weekly,2022-6-30T21:00:00.000,options,call
335,1656494400000,11.15,11.35,11.0,11.25,42250,1106325,34300,weekly,2022-6-30T21:00:00.000,options,call
336,1656494460000,11.3,11.4,11.15,11.2,29125,1110475,34300,weekly,2022-6-30T21:00:00.000,options,call
337,1656494520000,11.25,11.6,11.15,11.6,22900,1110475,34300,weekly,2022-6-30T21:00:00.000,options,call
338,1656494580000,11.55,11.6,11.2,11.35,31775,1110475,34300,weekly,2022-6-30T21:00:00.000,options,call
339,1656494640000,11.4,11.65,11.3,11.4,25525,1113575,34300,weekly,2022-6-30T21:00:00.000,options,call
340,1656494700000,11.4,11.55,11.25,11.35,20050,1113575,34300,weekly,2022-6-30T21:00:00.000,options,call
341,1656494760000,11.4,11.4,11.0,11.15,23400,1113575,34300,weekly,2022-6-30T21:00:00.000,options,call
342,1656494820000,11.15,11.35,11.0,11.3,30000,1105625,34300,weekly,2022-6-30T21:00:00.000,options,call
343,1656494880000,11.35,11.35,11.0,11.25,21000,1105625,34300,weekly,2022-6-30T21:00:00.000,options,call
344,1656494940000,11.2,11.65,11.2,11.4,49800,1105625,34300,weekly,2022-6-30T21:00:00.000,options,call
345,1656495000000,11.35,11.45,10.5,10.6,78800,1101175,34300,weekly,2022-6-30T21:00:00.000,options,call
346,1656495060000,10.45,11.25,10.45,11.1,85950,1101175,34300,weekly,2022-6-30T21:00:00.000,options,call
347,1656495120000,11.1,11.15,10.75,10.95,48050,1101175,34300,weekly,2022-6-30T21:00:00.000,options,call
348,1656495180000,11.0,11.25,10.7,10.95,54175,1122450,34300,weekly,2022-6-30T21:00:00.000,options,call
349,1656495240000,11.05,11.15,10.85,11.05,98125,1122450,34300,weekly,2022-6-30T21:00:00.000,options,call
350,1656495300000,11.15,11.3,10.85,10.95,64275,1122450,34300,weekly,2022-6-30T21:00:00.000,options,call
351,1656495360000,10.95,11.15,10.8,10.8,47975,1128400,34300,weekly,2022-6-30T21:00:00.000,options,call
352,1656495420000,10.8,11.1,10.6,10.6,62225,1128400,34300,weekly,2022-6-30T21:00:00.000,options,call
353,1656495480000,10.6,10.65,9.6,9.7,183400,1128400,34300,weekly,2022-6-30T21:00:00.000,options,call
354,1656495540000,9.75,9.9,9.5,9.55,112500,1113575,34300,weekly,2022-6-30T21:00:00.000,options,call
355,1656495600000,9.55,10.4,9.4,10.2,139750,1113575,34300,weekly,2022-6-30T21:00:00.000,options,call
356,1656495660000,10.15,10.4,10.05,10.1,77625,1113575,34300,weekly,2022-6-30T21:00:00.000,options,call
357,1656495720000,10.15,10.25,9.95,10.05,38025,1098250,34300,weekly,2022-6-30T21:00:00.000,options,call
358,1656495780000,10.0,10.15,9.8,9.95,73900,1098250,34300,weekly,2022-6-30T21:00:00.000,options,call
359,1656495840000,9.95,10.3,9.9,10.1,74425,1098250,34300,weekly,2022-6-30T21:00:00.000,options,call
360,1656495900000,10.15,10.45,10.05,10.3,92600,1116450,34300,weekly,2022-6-30T21:00:00.000,options,call
361,1656495960000,10.3,10.35,9.85,9.85,103275,1116450,34300,weekly,2022-6-30T21:00:00.000,options,call
362,1656496020000,9.85,9.9,9.6,9.6,81800,1116450,34300,weekly,2022-6-30T21:00:00.000,options,call
363,1656496080000,9.6,10.05,9.6,9.95,85650,1145825,34300,weekly,2022-6-30T21:00:00.000,options,call
364,1656496140000,9.95,10.05,9.85,9.85,56350,1145825,34300,weekly,2022-6-30T21:00:00.000,options,call
365,1656496200000,9.85,10.0,9.85,10.0,40875,1145825,34300,weekly,2022-6-30T21:00:00.000,options,call
366,1656496260000,10.0,10.0,9.6,9.6,59025,1158000,34300,weekly,2022-6-30T21:00:00.000,options,call
367,1656496320000,9.65,9.65,8.8,8.95,150375,1158000,34300,weekly,2022-6-30T21:00:00.000,options,call
368,1656496380000,9.0,9.6,9.0,9.3,85350,1158000,34300,weekly,2022-6-30T21:00:00.000,options,call
369,1656496440000,9.4,9.65,9.1,9.25,91925,1143625,34300,weekly,2022-6-30T21:00:00.000,options,call
370,1656496500000,9.25,9.6,9.05,9.35,99100,1143625,34300,weekly,2022-6-30T21:00:00.000,options,call
371,1656496560000,9.3,9.45,8.75,8.85,103000,1143625,34300,weekly,2022-6-30T21:00:00.000,options,call
372,1656496620000,8.9,9.1,8.8,8.95,113025,1171550,34300,weekly,2022-6-30T21:00:00.000,options,call
373,1656496680000,8.95,8.95,8.25,8.3,161900,1171550,34300,weekly,2022-6-30T21:00:00.000,options,call
374,1656496740000,8.3,8.85,7.3,8.15,152225,1171550,34300,weekly,2022-6-30T21:00:00.000,options,call
