,timestamp,open,high,low,close,volume,open_interest,strike,expiry_type,expiry,instrument,contract_type
0,1646212500000,225.0,233.1,195.35,229.35,191800,102100,16550,weekly,2022-3-3T21:00:00.000,options,call
1,1646212560000,230.75,231.7,217.65,217.65,132000,102100,16550,weekly,2022-3-3T21:00:00.000,options,call
2,1646212620000,217.2,240.6,215.65,236.35,112850,198500,16550,weekly,2022-3-3T21:00:00.000,options,call
3,1646212680000,236.2,238.55,222.1,222.25,98850,198500,16550,weekly,2022-3-3T21:00:00.000,options,call
4,1646212740000,223.2,227.4,217.1,222.45,81000,198500,16550,weekly,2022-3-3T21:00:00.000,options,call
5,1646212800000,222.05,223.55,213.85,220.45,72550,242700,16550,weekly,2022-3-3T21:00:00.000,options,call
6,1646212860000,220.85,237.6,219.85,237.6,53700,242700,16550,weekly,2022-3-3T21:00:00.000,options,call
7,1646212920000,239.45,248.7,233.65,246.35,65000,242700,16550,weekly,2022-3-3T21:00:00.000,options,call
8,1646212980000,245.75,250.0,241.65,246.4,44750,247350,16550,weekly,2022-3-3T21:00:00.000,options,call
9,1646213040000,246.0,253.85,242.4,253.0,51700,247350,16550,weekly,2022-3-3T21:00:00.000,options,call
10,1646213100000,254.55,260.75,248.3,259.85,43350,247350,16550,weekly,2022-3-3T21:00:00.000,options,call
11,1646213160000,260.45,262.0,251.0,258.15,45350,241700,16550,weekly,2022-3-3T21:00:00.000,options,call
12,1646213220000,256.6,269.1,252.75,257.1,50400,241700,16550,weekly,2022-3-3T21:00:00.000,options,call
13,1646213280000,256.8,269.75,256.8,262.2,27900,241700,16550,weekly,2022-3-3T21:00:00.000,options,call
14,1646213340000,262.25,272.0,262.25,269.75,37350,240050,16550,weekly,2022-3-3T21:00:00.000,options,call
15,1646213400000,266.35,267.05,243.65,247.95,41950,240050,16550,weekly,2022-3-3T21:00:00.000,options,call
16,1646213460000,249.95,250.5,235.6,240.6,40950,240050,16550,weekly,2022-3-3T21:00:00.000,options,call
17,1646213520000,241.5,249.6,236.0,244.75,42850,248700,16550,weekly,2022-3-3T21:00:00.000,options,call
18,1646213580000,246.0,250.3,240.9,243.3,32550,248700,16550,weekly,2022-3-3T21:00:00.000,options,call
19,1646213640000,243.9,246.45,233.65,239.8,43600,248700,16550,weekly,2022-3-3T21:00:00.000,options,call
20,1646213700000,240.3,242.55,229.75,237.9,28300,260550,16550,weekly,2022-3-3T21:00:00.000,options,call
21,1646213760000,235.45,235.65,230.45,231.95,10950,260550,16550,weekly,2022-3-3T21:00:00.000,options,call
22,1646213820000,230.45,230.45,221.4,222.8,21050,260550,16550,weekly,2022-3-3T21:00:00.000,options,call
23,1646213880000,222.0,228.0,221.4,227.7,21100,262900,16550,weekly,2022-3-3T21:00:00.000,options,call
24,1646213940000,227.9,236.95,227.15,236.95,24850,262900,16550,weekly,2022-3-3T21:00:00.000,options,call
25,1646214000000,238.55,246.45,229.45,229.45,62350,262900,16550,weekly,2022-3-3T21:00:00.000,options,call
26,1646214060000,229.2,230.8,223.95,228.65,38250,275150,16550,weekly,2022-3-3T21:00:00.000,options,call
27,1646214120000,228.65,232.95,223.65,223.65,13800,275150,16550,weekly,2022-3-3T21:00:00.000,options,call
28,1646214180000,225.0,228.1,220.15,225.75,19950,275150,16550,weekly,2022-3-3T21:00:00.000,options,call
29,1646214240000,225.75,225.75,213.8,214.65,20050,274850,16550,weekly,2022-3-3T21:00:00.000,options,call
30,1646214300000,214.85,214.85,208.25,212.6,44500,274850,16550,weekly,2022-3-3T21:00:00.000,options,call
31,1646214360000,214.05,218.75,211.6,215.0,43100,274850,16550,weekly,2022-3-3T21:00:00.000,options,call
32,1646214420000,214.0,214.0,205.35,205.55,26800,286100,16550,weekly,2022-3-3T21:00:00.000,options,call
33,1646214480000,205.1,205.1,195.0,198.75,64900,286100,16550,weekly,2022-3-3T21:00:00.000,options,call
34,1646214540000,198.6,204.1,194.4,201.2,41100,286100,16550,weekly,2022-3-3T21:00:00.000,options,call
35,1646214600000,201.95,207.45,198.2,203.85,40150,299350,16550,weekly,2022-3-3T21:00:00.000,options,call
36,1646214660000,202.2,210.15,202.2,209.2,35100,299350,16550,weekly,2022-3-3T21:00:00.000,options,call
37,1646214720000,206.95,211.95,204.45,205.05,30100,299350,16550,weekly,2022-3-3T21:00:00.000,options,call
38,1646214780000,204.0,204.3,191.0,195.85,84600,300850,16550,weekly,2022-3-3T21:00:00.000,options,call
39,1646214840000,195.2,195.5,189.8,191.15,66650,300850,16550,weekly,2022-3-3T21:00:00.000,options,call
40,1646214900000,189.5,190.05,183.0,184.45,83900,300850,16550,weekly,2022-3-3T21:00:00.000,options,call
41,1646214960000,182.95,187.75,181.3,182.0,117850,396250,16550,weekly,2022-3-3T21:00:00.000,options,call
42,1646215020000,181.75,184.2,178.45,183.65,73100,396250,16550,weekly,2022-3-3T21:00:00.000,options,call
43,1646215080000,183.1,193.6,182.05,193.6,95250,396250,16550,weekly,2022-3-3T21:00:00.000,options,call
44,1646215140000,192.0,199.85,191.7,197.6,98150,398050,16550,weekly,2022-3-3T21:00:00.000,options,call
45,1646215200000,197.6,197.6,181.2,185.95,78350,398050,16550,weekly,2022-3-3T21:00:00.000,options,call
46,1646215260000,185.6,195.0,184.35,190.0,46500,398050,16550,weekly,2022-3-3T21:00:00.000,options,call
47,1646215320000,189.2,192.25,182.15,182.15,54050,413450,16550,weekly,2022-3-3T21:00:00.000,options,call
48,1646215380000,180.95,185.45,174.35,185.0,112150,413450,16550,weekly,2022-3-3T21:00:00.000,options,call
49,1646215440000,184.9,184.9,180.0,183.6,53250,413450,16550,weekly,2022-3-3T21:00:00.000,options,call
50,1646215500000,184.2,186.0,179.0,179.8,66000,451250,16550,weekly,2022-3-3T21:00:00.000,options,call
51,1646215560000,177.85,184.75,177.8,184.75,56650,451250,16550,weekly,2022-3-3T21:00:00.000,options,call
52,1646215620000,183.6,189.8,182.1,182.55,57550,451250,16550,weekly,2022-3-3T21:00:00.000,options,call
53,1646215680000,180.7,186.35,180.55,181.45,35800,471100,16550,weekly,2022-3-3T21:00:00.000,options,call
54,1646215740000,180.35,188.5,179.4,188.5,41650,471100,16550,weekly,2022-3-3T21:00:00.000,options,call
55,1646215800000,188.25,193.5,186.2,193.25,64950,471100,16550,weekly,2022-3-3T21:00:00.000,options,call
56,1646215860000,193.1,198.55,190.5,197.8,50550,473100,16550,weekly,2022-3-3T21:00:00.000,options,call
57,1646215920000,198.55,203.65,197.15,202.35,130950,473100,16550,weekly,2022-3-3T21:00:00.000,options,call
58,1646215980000,202.25,206.0,197.8,198.5,62550,473100,16550,weekly,2022-3-3T21:00:00.000,options,call
59,1646216040000,198.0,204.4,194.25,195.75,31550,470900,16550,weekly,2022-3-3T21:00:00.000,options,call
60,1646216100000,195.5,210.55,190.6,207.95,100300,470900,16550,weekly,2022-3-3T21:00:00.000,options,call
61,1646216160000,208.4,213.75,205.35,207.7,82850,470900,16550,weekly,2022-3-3T21:00:00.000,options,call
62,1646216220000,207.6,211.5,203.0,208.15,37800,465800,16550,weekly,2022-3-3T21:00:00.000,options,call
63,1646216280000,207.6,212.9,207.1,210.2,42200,465800,16550,weekly,2022-3-3T21:00:00.000,options,call
64,1646216340000,209.2,214.3,208.5,214.3,39650,465800,16550,weekly,2022-3-3T21:00:00.000,options,call
65,1646216400000,214.2,216.05,209.55,211.55,49450,460900,16550,weekly,2022-3-3T21:00:00.000,options,call
66,1646216460000,211.65,213.9,208.0,208.05,19450,460900,16550,weekly,2022-3-3T21:00:00.000,options,call
67,1646216520000,208.35,211.35,204.9,210.8,43650,460900,16550,weekly,2022-3-3T21:00:00.000,options,call
68,1646216580000,211.15,213.15,206.8,210.25,18900,457850,16550,weekly,2022-3-3T21:00:00.000,options,call
69,1646216640000,210.25,211.25,206.6,207.2,16800,457850,16550,weekly,2022-3-3T21:00:00.000,options,call
70,1646216700000,207.15,207.15,197.05,203.35,61700,457850,16550,weekly,2022-3-3T21:00:00.000,options,call
71,1646216760000,202.75,203.4,196.95,198.85,39750,456550,16550,weekly,2022-3-3T21:00:00.000,options,call
72,1646216820000,198.85,198.85,191.1,191.1,43850,456550,16550,weekly,2022-3-3T21:00:00.000,options,call
73,1646216880000,191.05,195.0,190.75,191.75,44650,456550,16550,weekly,2022-3-3T21:00:00.000,options,call
74,1646216940000,190.7,191.3,185.05,188.35,68950,457250,16550,weekly,2022-3-3T21:00:00.000,options,call
75,1646217000000,187.65,188.4,179.65,185.1,69100,457250,16550,weekly,2022-3-3T21:00:00.000,options,call
76,1646217060000,183.7,191.05,182.15,188.9,58400,457250,16550,weekly,2022-3-3T21:00:00.000,options,call
77,1646217120000,187.55,191.55,186.3,187.8,31300,454900,16550,weekly,2022-3-3T21:00:00.000,options,call
78,1646217180000,188.0,190.1,183.15,183.15,27350,454900,16550,weekly,2022-3-3T21:00:00.000,options,call
79,1646217240000,183.65,186.7,183.3,184.45,24400,454900,16550,weekly,2022-3-3T21:00:00.000,options,call
80,1646217300000,183.65,191.0,182.0,190.9,36600,470950,16550,weekly,2022-3-3T21:00:00.000,options,call
81,1646217360000,190.85,192.3,186.95,186.95,38200,470950,16550,weekly,2022-3-3T21:00:00.000,options,call
82,1646217420000,186.9,187.3,180.4,182.75,31300,470950,16550,weekly,2022-3-3T21:00:00.000,options,call
83,1646217480000,182.75,182.9,175.25,179.95,49450,487000,16550,weekly,2022-3-3T21:00:00.000,options,call
84,1646217540000,179.6,181.55,177.5,181.35,26450,487000,16550,weekly,2022-3-3T21:00:00.000,options,call
85,1646217600000,180.55,181.2,174.7,181.2,51800,487000,16550,weekly,2022-3-3T21:00:00.000,options,call
86,1646217660000,181.55,186.1,178.0,178.0,59700,504850,16550,weekly,2022-3-3T21:00:00.000,options,call
87,1646217720000,177.8,178.15,174.0,176.1,67750,504850,16550,weekly,2022-3-3T21:00:00.000,options,call
88,1646217780000,174.9,177.45,174.45,176.45,59900,504850,16550,weekly,2022-3-3T21:00:00.000,options,call
89,1646217840000,177.45,179.55,174.65,175.05,32700,532600,16550,weekly,2022-3-3T21:00:00.000,options,call
90,1646217900000,174.5,178.7,169.1,178.1,102600,532600,16550,weekly,2022-3-3T21:00:00.000,options,call
91,1646217960000,178.95,178.95,175.4,177.35,43550,532600,16550,weekly,2022-3-3T21:00:00.000,options,call
92,1646218020000,177.3,179.2,173.0,178.25,62600,572500,16550,weekly,2022-3-3T21:00:00.000,options,call
93,1646218080000,177.5,183.0,176.9,182.15,139600,572500,16550,weekly,2022-3-3T21:00:00.000,options,call
94,1646218140000,182.0,183.6,179.0,179.0,51600,572500,16550,weekly,2022-3-3T21:00:00.000,options,call
95,1646218200000,178.8,186.2,176.8,183.7,77950,648050,16550,weekly,2022-3-3T21:00:00.000,options,call
96,1646218260000,182.9,187.2,180.2,185.9,74300,648050,16550,weekly,2022-3-3T21:00:00.000,options,call
97,1646218320000,185.55,185.55,182.4,182.6,42850,648050,16550,weekly,2022-3-3T21:00:00.000,options,call
98,1646218380000,182.1,183.0,177.45,181.85,48250,656300,16550,weekly,2022-3-3T21:00:00.000,options,call
99,1646218440000,181.05,185.1,180.4,184.5,45350,656300,16550,weekly,2022-3-3T21:00:00.000,options,call
100,1646218500000,183.8,184.25,179.6,182.2,35850,656300,16550,weekly,2022-3-3T21:00:00.000,options,call
101,1646218560000,182.4,182.7,177.65,181.1,44050,663600,16550,weekly,2022-3-3T21:00:00.000,options,call
102,1646218620000,180.45,180.75,173.9,176.2,62000,663600,16550,weekly,2022-3-3T21:00:00.000,options,call
103,1646218680000,176.4,179.05,175.2,179.05,36950,663600,16550,weekly,2022-3-3T21:00:00.000,options,call
104,1646218740000,180.5,180.8,178.0,179.4,28750,664700,16550,weekly,2022-3-3T21:00:00.000,options,call
105,1646218800000,179.7,181.05,177.15,180.9,46450,664700,16550,weekly,2022-3-3T21:00:00.000,options,call
106,1646218860000,180.75,184.0,178.75,183.85,35700,664700,16550,weekly,2022-3-3T21:00:00.000,options,call
107,1646218920000,183.6,183.6,178.0,178.55,31150,679300,16550,weekly,2022-3-3T21:00:00.000,options,call
108,1646218980000,178.3,184.25,177.7,183.9,30850,679300,16550,weekly,2022-3-3T21:00:00.000,options,call
109,1646219040000,184.35,186.95,181.8,185.8,44800,679300,16550,weekly,2022-3-3T21:00:00.000,options,call
110,1646219100000,185.2,189.85,183.15,189.35,54750,685950,16550,weekly,2022-3-3T21:00:00.000,options,call
111,1646219160000,189.25,189.7,183.0,183.55,57200,685950,16550,weekly,2022-3-3T21:00:00.000,options,call
112,1646219220000,183.3,187.7,177.95,183.0,54850,685950,16550,weekly,2022-3-3T21:00:00.000,options,call
113,1646219280000,183.15,183.15,178.95,181.35,22750,695600,16550,weekly,2022-3-3T21:00:00.000,options,call
114,1646219340000,181.4,181.4,173.55,174.95,51350,695600,16550,weekly,2022-3-3T21:00:00.000,options,call
115,1646219400000,174.55,176.35,172.0,176.2,90100,695600,16550,weekly,2022-3-3T21:00:00.000,options,call
116,1646219460000,176.55,179.0,172.6,173.9,42550,742750,16550,weekly,2022-3-3T21:00:00.000,options,call
117,1646219520000,173.2,176.0,169.6,175.25,58550,742750,16550,weekly,2022-3-3T21:00:00.000,options,call
118,1646219580000,174.7,179.95,173.45,179.8,48050,742750,16550,weekly,2022-3-3T21:00:00.000,options,call
119,1646219640000,180.2,181.5,176.8,177.7,37300,750050,16550,weekly,2022-3-3T21:00:00.000,options,call
120,1646219700000,177.25,180.45,175.65,178.05,22250,750050,16550,weekly,2022-3-3T21:00:00.000,options,call
121,1646219760000,178.4,181.0,177.15,180.25,19850,750050,16550,weekly,2022-3-3T21:00:00.000,options,call
122,1646219820000,180.0,184.0,178.8,181.55,39200,753900,16550,weekly,2022-3-3T21:00:00.000,options,call
123,1646219880000,182.0,185.6,181.4,182.0,35050,753900,16550,weekly,2022-3-3T21:00:00.000,options,call
124,1646219940000,182.35,182.75,174.5,174.5,33250,753900,16550,weekly,2022-3-3T21:00:00.000,options,call
125,1646220000000,176.45,183.45,176.45,181.55,53250,759700,16550,weekly,2022-3-3T21:00:00.000,options,call
126,1646220060000,181.8,182.65,178.0,179.15,32900,759700,16550,weekly,2022-3-3T21:00:00.000,options,call
127,1646220120000,178.35,182.2,178.15,181.15,18050,759700,16550,weekly,2022-3-3T21:00:00.000,options,call
128,1646220180000,181.65,182.05,180.0,181.45,28800,770350,16550,weekly,2022-3-3T21:00:00.000,options,call
129,1646220240000,181.45,184.7,180.45,184.35,45000,770350,16550,weekly,2022-3-3T21:00:00.000,options,call
130,1646220300000,184.4,191.0,184.4,190.75,93450,770350,16550,weekly,2022-3-3T21:00:00.000,options,call
131,1646220360000,190.15,191.95,189.0,190.35,76050,765750,16550,weekly,2022-3-3T21:00:00.000,options,call
132,1646220420000,190.1,190.7,185.45,188.15,43700,765750,16550,weekly,2022-3-3T21:00:00.000,options,call
133,1646220480000,188.15,191.75,186.25,190.0,39100,765750,16550,weekly,2022-3-3T21:00:00.000,options,call
134,1646220540000,190.2,190.3,186.35,188.3,31700,761200,16550,weekly,2022-3-3T21:00:00.000,options,call
135,1646220600000,186.55,187.4,181.5,186.05,72700,761200,16550,weekly,2022-3-3T21:00:00.000,options,call
136,1646220660000,185.55,187.85,183.85,187.85,28500,761200,16550,weekly,2022-3-3T21:00:00.000,options,call
137,1646220720000,187.9,192.8,187.9,191.8,43650,760250,16550,weekly,2022-3-3T21:00:00.000,options,call
138,1646220780000,192.4,196.75,189.45,190.15,69650,760250,16550,weekly,2022-3-3T21:00:00.000,options,call
139,1646220840000,190.0,192.75,185.8,186.1,28800,760250,16550,weekly,2022-3-3T21:00:00.000,options,call
140,1646220900000,185.55,185.55,172.35,174.1,98150,758650,16550,weekly,2022-3-3T21:00:00.000,options,call
141,1646220960000,173.5,177.3,170.4,170.5,75000,758650,16550,weekly,2022-3-3T21:00:00.000,options,call
142,1646221020000,171.15,171.4,162.8,169.8,120700,758650,16550,weekly,2022-3-3T21:00:00.000,options,call
143,1646221080000,170.55,174.9,169.8,171.05,53600,749000,16550,weekly,2022-3-3T21:00:00.000,options,call
144,1646221140000,171.8,172.95,168.45,169.3,45950,749000,16550,weekly,2022-3-3T21:00:00.000,options,call
145,1646221200000,169.75,172.8,166.65,167.0,52700,749000,16550,weekly,2022-3-3T21:00:00.000,options,call
146,1646221260000,165.8,174.95,165.8,172.95,39800,771450,16550,weekly,2022-3-3T21:00:00.000,options,call
147,1646221320000,172.45,174.7,170.75,174.7,20550,771450,16550,weekly,2022-3-3T21:00:00.000,options,call
148,1646221380000,174.9,176.1,170.75,170.85,32000,771450,16550,weekly,2022-3-3T21:00:00.000,options,call
149,1646221440000,170.2,170.45,163.05,166.15,60000,794800,16550,weekly,2022-3-3T21:00:00.000,options,call
150,1646221500000,166.5,169.3,165.75,168.0,43950,794800,16550,weekly,2022-3-3T21:00:00.000,options,call
151,1646221560000,168.3,170.25,167.6,167.8,32250,794800,16550,weekly,2022-3-3T21:00:00.000,options,call
152,1646221620000,167.95,170.3,165.0,170.3,47650,819850,16550,weekly,2022-3-3T21:00:00.000,options,call
153,1646221680000,170.0,171.5,166.95,168.25,28600,819850,16550,weekly,2022-3-3T21:00:00.000,options,call
154,1646221740000,168.2,171.15,167.45,170.0,30900,819850,16550,weekly,2022-3-3T21:00:00.000,options,call
155,1646221800000,170.55,174.1,168.35,168.8,59250,828000,16550,weekly,2022-3-3T21:00:00.000,options,call
156,1646221860000,168.8,168.8,163.25,165.1,50400,828000,16550,weekly,2022-3-3T21:00:00.000,options,call
157,1646221920000,165.2,165.25,150.7,155.2,214200,828000,16550,weekly,2022-3-3T21:00:00.000,options,call
158,1646221980000,155.3,155.85,150.15,150.4,80050,862750,16550,weekly,2022-3-3T21:00:00.000,options,call
159,1646222040000,150.05,150.05,137.45,138.25,212250,862750,16550,weekly,2022-3-3T21:00:00.000,options,call
160,1646222100000,138.1,143.6,135.65,141.0,143000,862750,16550,weekly,2022-3-3T21:00:00.000,options,call
161,1646222160000,140.7,144.6,138.85,144.25,85000,912400,16550,weekly,2022-3-3T21:00:00.000,options,call
162,1646222220000,144.55,146.5,141.5,144.95,104400,912400,16550,weekly,2022-3-3T21:00:00.000,options,call
163,1646222280000,144.0,149.85,144.0,147.35,85050,912400,16550,weekly,2022-3-3T21:00:00.000,options,call
164,1646222340000,147.65,148.1,144.35,147.75,44350,919750,16550,weekly,2022-3-3T21:00:00.000,options,call
165,1646222400000,147.95,150.05,147.5,149.2,52150,919750,16550,weekly,2022-3-3T21:00:00.000,options,call
166,1646222460000,148.9,152.5,145.0,151.55,75250,919750,16550,weekly,2022-3-3T21:00:00.000,options,call
167,1646222520000,151.65,152.8,149.3,151.2,53650,940500,16550,weekly,2022-3-3T21:00:00.000,options,call
168,1646222580000,150.85,151.7,147.2,149.65,59000,940500,16550,weekly,2022-3-3T21:00:00.000,options,call
169,1646222640000,149.4,149.9,145.75,147.3,29900,940500,16550,weekly,2022-3-3T21:00:00.000,options,call
170,1646222700000,147.65,149.6,143.6,144.7,37550,966050,16550,weekly,2022-3-3T21:00:00.000,options,call
171,1646222760000,144.7,148.0,141.75,146.7,48500,966050,16550,weekly,2022-3-3T21:00:00.000,options,call
172,1646222820000,147.25,150.45,146.45,150.0,59950,966050,16550,weekly,2022-3-3T21:00:00.000,options,call
173,1646222880000,149.3,150.55,145.55,146.05,52200,973900,16550,weekly,2022-3-3T21:00:00.000,options,call
174,1646222940000,146.05,146.2,143.45,145.1,39150,973900,16550,weekly,2022-3-3T21:00:00.000,options,call
175,1646223000000,145.5,148.5,145.05,146.05,38550,973900,16550,weekly,2022-3-3T21:00:00.000,options,call
176,1646223060000,146.15,146.3,142.65,143.9,35550,984400,16550,weekly,2022-3-3T21:00:00.000,options,call
177,1646223120000,143.7,144.8,141.45,144.0,58700,984400,16550,weekly,2022-3-3T21:00:00.000,options,call
178,1646223180000,144.35,144.35,139.0,139.7,71850,984400,16550,weekly,2022-3-3T21:00:00.000,options,call
179,1646223240000,138.3,139.55,135.3,138.3,118750,991600,16550,weekly,2022-3-3T21:00:00.000,options,call
180,1646223300000,138.35,141.65,136.75,140.75,104400,991600,16550,weekly,2022-3-3T21:00:00.000,options,call
181,1646223360000,140.7,145.8,140.6,145.45,85350,991600,16550,weekly,2022-3-3T21:00:00.000,options,call
182,1646223420000,145.6,146.5,142.5,144.1,75100,963450,16550,weekly,2022-3-3T21:00:00.000,options,call
183,1646223480000,144.65,144.65,141.75,142.8,32900,963450,16550,weekly,2022-3-3T21:00:00.000,options,call
184,1646223540000,141.35,141.35,138.85,140.4,52250,963450,16550,weekly,2022-3-3T21:00:00.000,options,call
185,1646223600000,140.45,144.75,139.95,144.0,52850,978100,16550,weekly,2022-3-3T21:00:00.000,options,call
186,1646223660000,144.3,144.3,140.0,141.95,41700,978100,16550,weekly,2022-3-3T21:00:00.000,options,call
187,1646223720000,141.4,142.7,131.55,131.7,107200,978100,16550,weekly,2022-3-3T21:00:00.000,options,call
188,1646223780000,131.2,134.2,130.35,134.2,95100,979000,16550,weekly,2022-3-3T21:00:00.000,options,call
189,1646223840000,134.1,141.4,134.1,141.4,114900,979000,16550,weekly,2022-3-3T21:00:00.000,options,call
190,1646223900000,141.15,141.55,136.6,138.8,68900,979000,16550,weekly,2022-3-3T21:00:00.000,options,call
191,1646223960000,139.4,141.2,132.3,135.0,98600,982950,16550,weekly,2022-3-3T21:00:00.000,options,call
192,1646224020000,135.35,137.65,132.6,137.0,59650,982950,16550,weekly,2022-3-3T21:00:00.000,options,call
193,1646224080000,136.75,138.9,135.4,135.5,37950,982950,16550,weekly,2022-3-3T21:00:00.000,options,call
194,1646224140000,135.75,139.4,134.2,138.4,45300,994450,16550,weekly,2022-3-3T21:00:00.000,options,call
195,1646224200000,138.0,140.9,134.75,134.75,67450,994450,16550,weekly,2022-3-3T21:00:00.000,options,call
196,1646224260000,134.75,136.95,133.4,133.8,56700,994450,16550,weekly,2022-3-3T21:00:00.000,options,call
197,1646224320000,133.95,138.3,133.05,133.05,57950,1016100,16550,weekly,2022-3-3T21:00:00.000,options,call
198,1646224380000,133.8,136.45,132.2,132.8,51100,1016100,16550,weekly,2022-3-3T21:00:00.000,options,call
199,1646224440000,133.65,135.4,132.45,133.05,61000,1016100,16550,weekly,2022-3-3T21:00:00.000,options,call
200,1646224500000,133.1,133.1,125.15,130.1,160200,1004700,16550,weekly,2022-3-3T21:00:00.000,options,call
201,1646224560000,130.95,135.8,129.6,133.1,88750,1004700,16550,weekly,2022-3-3T21:00:00.000,options,call
202,1646224620000,132.5,134.0,130.4,132.45,58950,1004700,16550,weekly,2022-3-3T21:00:00.000,options,call
203,1646224680000,132.0,132.6,127.35,129.05,64950,993000,16550,weekly,2022-3-3T21:00:00.000,options,call
204,1646224740000,130.65,132.8,129.85,131.9,72750,993000,16550,weekly,2022-3-3T21:00:00.000,options,call
205,1646224800000,131.7,135.4,131.2,135.4,68950,993000,16550,weekly,2022-3-3T21:00:00.000,options,call
206,1646224860000,134.8,136.45,132.8,135.55,45850,987100,16550,weekly,2022-3-3T21:00:00.000,options,call
207,1646224920000,135.3,138.4,134.8,138.15,56250,987100,16550,weekly,2022-3-3T21:00:00.000,options,call
208,1646224980000,138.2,140.8,136.05,138.25,82750,987100,16550,weekly,2022-3-3T21:00:00.000,options,call
209,1646225040000,138.2,138.6,132.65,132.65,54050,1005550,16550,weekly,2022-3-3T21:00:00.000,options,call
210,1646225100000,131.55,131.85,128.45,130.5,66500,1005550,16550,weekly,2022-3-3T21:00:00.000,options,call
211,1646225160000,130.05,130.2,127.2,129.25,73050,1005550,16550,weekly,2022-3-3T21:00:00.000,options,call
212,1646225220000,129.2,132.6,127.75,132.6,80450,1010100,16550,weekly,2022-3-3T21:00:00.000,options,call
213,1646225280000,132.8,133.1,121.6,124.2,125900,1010100,16550,weekly,2022-3-3T21:00:00.000,options,call
214,1646225340000,124.2,126.7,122.4,124.6,103900,1010100,16550,weekly,2022-3-3T21:00:00.000,options,call
215,1646225400000,124.5,127.4,121.2,122.35,76050,1010100,16550,weekly,2022-3-3T21:00:00.000,options,call
216,1646225460000,121.8,127.7,121.55,126.25,82300,1024200,16550,weekly,2022-3-3T21:00:00.000,options,call
217,1646225520000,126.5,128.65,121.65,122.85,84300,1024200,16550,weekly,2022-3-3T21:00:00.000,options,call
218,1646225580000,123.25,126.75,121.8,125.7,78800,1024200,16550,weekly,2022-3-3T21:00:00.000,options,call
219,1646225640000,125.8,127.05,124.1,124.45,63300,1042000,16550,weekly,2022-3-3T21:00:00.000,options,call
220,1646225700000,124.0,127.5,122.0,127.4,72450,1042000,16550,weekly,2022-3-3T21:00:00.000,options,call
221,1646225760000,127.15,129.55,126.75,129.2,81750,1042000,16550,weekly,2022-3-3T21:00:00.000,options,call
222,1646225820000,129.0,132.8,128.8,132.8,96750,1077450,16550,weekly,2022-3-3T21:00:00.000,options,call
223,1646225880000,134.25,140.2,133.7,140.2,194350,1077450,16550,weekly,2022-3-3T21:00:00.000,options,call
224,1646225940000,140.65,142.8,137.25,141.45,111150,1077450,16550,weekly,2022-3-3T21:00:00.000,options,call
225,1646226000000,142.0,145.5,138.2,143.0,184100,1124250,16550,weekly,2022-3-3T21:00:00.000,options,call
226,1646226060000,143.55,150.1,143.15,149.0,191700,1124250,16550,weekly,2022-3-3T21:00:00.000,options,call
227,1646226120000,148.8,149.8,145.65,148.6,131850,1124250,16550,weekly,2022-3-3T21:00:00.000,options,call
228,1646226180000,148.6,156.45,147.65,155.7,184500,1143450,16550,weekly,2022-3-3T21:00:00.000,options,call
229,1646226240000,155.5,163.45,155.1,161.55,353800,1143450,16550,weekly,2022-3-3T21:00:00.000,options,call
230,1646226300000,161.2,162.3,155.8,156.75,187250,1143450,16550,weekly,2022-3-3T21:00:00.000,options,call
231,1646226360000,156.5,164.0,153.3,159.7,223750,1070600,16550,weekly,2022-3-3T21:00:00.000,options,call
232,1646226420000,159.4,161.0,153.75,160.25,113250,1070600,16550,weekly,2022-3-3T21:00:00.000,options,call
233,1646226480000,159.45,160.15,155.05,156.45,83450,1070600,16550,weekly,2022-3-3T21:00:00.000,options,call
234,1646226540000,157.2,161.05,156.5,157.35,69900,1097350,16550,weekly,2022-3-3T21:00:00.000,options,call
235,1646226600000,157.3,160.2,150.85,152.55,120400,1097350,16550,weekly,2022-3-3T21:00:00.000,options,call
236,1646226660000,152.5,154.3,146.15,153.4,113350,1097350,16550,weekly,2022-3-3T21:00:00.000,options,call
237,1646226720000,154.4,156.8,148.55,149.75,92900,1105550,16550,weekly,2022-3-3T21:00:00.000,options,call
238,1646226780000,149.8,151.65,146.0,146.8,78650,1105550,16550,weekly,2022-3-3T21:00:00.000,options,call
239,1646226840000,147.45,152.35,147.45,152.2,62400,1105550,16550,weekly,2022-3-3T21:00:00.000,options,call
240,1646226900000,153.3,153.5,142.7,143.3,125750,1128000,16550,weekly,2022-3-3T21:00:00.000,options,call
241,1646226960000,141.8,145.2,140.0,143.35,107700,1128000,16550,weekly,2022-3-3T21:00:00.000,options,call
242,1646227020000,143.4,146.2,140.9,143.0,72850,1128000,16550,weekly,2022-3-3T21:00:00.000,options,call
243,1646227080000,142.2,146.25,139.8,144.2,83750,1140350,16550,weekly,2022-3-3T21:00:00.000,options,call
244,1646227140000,144.3,152.15,141.75,151.9,143350,1140350,16550,weekly,2022-3-3T21:00:00.000,options,call
245,1646227200000,151.5,156.65,151.0,154.2,170100,1140350,16550,weekly,2022-3-3T21:00:00.000,options,call
246,1646227260000,154.5,154.5,145.2,145.6,100900,1156350,16550,weekly,2022-3-3T21:00:00.000,options,call
247,1646227320000,145.4,146.25,139.05,143.35,118600,1156350,16550,weekly,2022-3-3T21:00:00.000,options,call
248,1646227380000,143.25,148.2,141.7,148.2,70950,1156350,16550,weekly,2022-3-3T21:00:00.000,options,call
249,1646227440000,148.75,149.4,141.65,144.8,71400,1162650,16550,weekly,2022-3-3T21:00:00.000,options,call
250,1646227500000,143.65,144.3,138.65,139.8,82450,1162650,16550,weekly,2022-3-3T21:00:00.000,options,call
251,1646227560000,139.2,140.0,136.3,139.1,133150,1162650,16550,weekly,2022-3-3T21:00:00.000,options,call
252,1646227620000,139.0,139.4,129.9,131.65,180550,1182550,16550,weekly,2022-3-3T21:00:00.000,options,call
253,1646227680000,132.0,132.0,128.0,129.7,139950,1182550,16550,weekly,2022-3-3T21:00:00.000,options,call
254,1646227740000,129.9,135.35,129.9,134.7,85900,1182550,16550,weekly,2022-3-3T21:00:00.000,options,call
255,1646227800000,136.35,143.6,135.8,142.6,146150,1201050,16550,weekly,2022-3-3T21:00:00.000,options,call
256,1646227860000,142.6,143.95,136.9,136.9,115050,1201050,16550,weekly,2022-3-3T21:00:00.000,options,call
257,1646227920000,137.65,141.85,135.65,135.65,77600,1201050,16550,weekly,2022-3-3T21:00:00.000,options,call
258,1646227980000,135.25,140.35,135.05,140.35,51800,1199900,16550,weekly,2022-3-3T21:00:00.000,options,call
259,1646228040000,140.1,141.8,135.65,135.95,65050,1199900,16550,weekly,2022-3-3T21:00:00.000,options,call
260,1646228100000,136.5,142.75,133.75,142.75,81150,1199900,16550,weekly,2022-3-3T21:00:00.000,options,call
261,1646228160000,142.35,143.95,134.55,135.0,98650,1208650,16550,weekly,2022-3-3T21:00:00.000,options,call
262,1646228220000,134.45,137.7,133.0,135.05,64200,1208650,16550,weekly,2022-3-3T21:00:00.000,options,call
263,1646228280000,135.05,140.35,133.2,138.5,50950,1208650,16550,weekly,2022-3-3T21:00:00.000,options,call
264,1646228340000,138.8,140.45,136.65,136.7,29050,1217200,16550,weekly,2022-3-3T21:00:00.000,options,call
265,1646228400000,136.55,145.6,134.2,145.6,89650,1217200,16550,weekly,2022-3-3T21:00:00.000,options,call
266,1646228460000,145.05,149.65,142.5,142.5,119100,1217200,16550,weekly,2022-3-3T21:00:00.000,options,call
267,1646228520000,143.5,145.9,134.8,137.55,107350,1219550,16550,weekly,2022-3-3T21:00:00.000,options,call
268,1646228580000,137.7,142.75,136.55,142.0,48000,1219550,16550,weekly,2022-3-3T21:00:00.000,options,call
269,1646228640000,142.25,144.1,138.75,144.1,51250,1219550,16550,weekly,2022-3-3T21:00:00.000,options,call
270,1646228700000,144.8,149.55,143.55,145.8,170350,1234850,16550,weekly,2022-3-3T21:00:00.000,options,call
271,1646228760000,146.35,150.3,145.45,146.4,114000,1234850,16550,weekly,2022-3-3T21:00:00.000,options,call
272,1646228820000,146.5,153.45,146.5,152.8,113750,1234850,16550,weekly,2022-3-3T21:00:00.000,options,call
273,1646228880000,153.45,155.5,150.1,153.2,139250,1227100,16550,weekly,2022-3-3T21:00:00.000,options,call
274,1646228940000,152.6,152.85,147.2,149.8,85250,1227100,16550,weekly,2022-3-3T21:00:00.000,options,call
275,1646229000000,148.9,155.65,147.25,155.0,104600,1227100,16550,weekly,2022-3-3T21:00:00.000,options,call
276,1646229060000,155.0,155.75,148.0,148.0,92300,1237900,16550,weekly,2022-3-3T21:00:00.000,options,call
277,1646229120000,147.35,152.35,147.0,151.8,63450,1237900,16550,weekly,2022-3-3T21:00:00.000,options,call
278,1646229180000,151.85,155.35,150.8,155.15,88600,1237900,16550,weekly,2022-3-3T21:00:00.000,options,call
279,1646229240000,154.8,155.75,152.2,153.5,90950,1238750,16550,weekly,2022-3-3T21:00:00.000,options,call
280,1646229300000,154.55,154.55,150.05,153.45,52050,1238750,16550,weekly,2022-3-3T21:00:00.000,options,call
281,1646229360000,153.15,158.0,152.15,155.9,114150,1238750,16550,weekly,2022-3-3T21:00:00.000,options,call
282,1646229420000,155.2,158.55,154.7,157.1,91050,1233650,16550,weekly,2022-3-3T21:00:00.000,options,call
283,1646229480000,155.9,155.9,150.7,151.7,98500,1233650,16550,weekly,2022-3-3T21:00:00.000,options,call
284,1646229540000,151.35,151.8,142.5,143.4,114550,1233650,16550,weekly,2022-3-3T21:00:00.000,options,call
285,1646229600000,143.4,143.4,135.2,137.6,160750,1207650,16550,weekly,2022-3-3T21:00:00.000,options,call
286,1646229660000,137.9,139.9,137.0,138.0,69900,1207650,16550,weekly,2022-3-3T21:00:00.000,options,call
287,1646229720000,138.0,141.15,137.2,138.0,66600,1207650,16550,weekly,2022-3-3T21:00:00.000,options,call
288,1646229780000,138.45,142.45,136.45,142.2,90750,1215950,16550,weekly,2022-3-3T21:00:00.000,options,call
289,1646229840000,142.55,145.45,141.85,142.6,104400,1215950,16550,weekly,2022-3-3T21:00:00.000,options,call
290,1646229900000,142.35,149.2,142.3,146.15,93000,1215950,16550,weekly,2022-3-3T21:00:00.000,options,call
291,1646229960000,146.5,148.1,143.25,147.9,62500,1234700,16550,weekly,2022-3-3T21:00:00.000,options,call
292,1646230020000,147.75,148.35,138.95,142.6,82850,1234700,16550,weekly,2022-3-3T21:00:00.000,options,call
293,1646230080000,142.7,143.75,138.65,141.5,53100,1234700,16550,weekly,2022-3-3T21:00:00.000,options,call
294,1646230140000,141.35,144.4,140.75,141.55,50000,1260200,16550,weekly,2022-3-3T21:00:00.000,options,call
295,1646230200000,141.5,144.95,137.05,137.05,78550,1260200,16550,weekly,2022-3-3T21:00:00.000,options,call
296,1646230260000,137.2,139.9,136.35,139.9,69450,1260200,16550,weekly,2022-3-3T21:00:00.000,options,call
297,1646230320000,139.2,140.75,135.6,135.9,57650,1275300,16550,weekly,2022-3-3T21:00:00.000,options,call
298,1646230380000,135.0,137.65,131.75,132.45,123450,1275300,16550,weekly,2022-3-3T21:00:00.000,options,call
299,1646230440000,132.4,135.65,131.4,131.65,74050,1275300,16550,weekly,2022-3-3T21:00:00.000,options,call
300,1646230500000,131.35,136.55,126.3,126.3,115600,1275150,16550,weekly,2022-3-3T21:00:00.000,options,call
301,1646230560000,127.3,132.85,125.8,131.2,176000,1275150,16550,weekly,2022-3-3T21:00:00.000,options,call
302,1646230620000,130.85,132.9,127.05,128.8,88350,1275150,16550,weekly,2022-3-3T21:00:00.000,options,call
303,1646230680000,128.55,128.8,125.0,126.45,107200,1259800,16550,weekly,2022-3-3T21:00:00.000,options,call
304,1646230740000,125.7,128.35,124.95,125.35,85400,1259800,16550,weekly,2022-3-3T21:00:00.000,options,call
305,1646230800000,125.35,126.15,120.8,121.35,154000,1259800,16550,weekly,2022-3-3T21:00:00.000,options,call
306,1646230860000,120.95,122.4,118.75,119.3,152900,1230400,16550,weekly,2022-3-3T21:00:00.000,options,call
307,1646230920000,118.35,119.95,113.75,118.85,142100,1230400,16550,weekly,2022-3-3T21:00:00.000,options,call
308,1646230980000,118.45,123.1,117.6,120.7,132800,1230400,16550,weekly,2022-3-3T21:00:00.000,options,call
309,1646231040000,120.35,120.35,114.5,117.5,115450,1222200,16550,weekly,2022-3-3T21:00:00.000,options,call
310,1646231100000,117.85,123.15,116.75,119.05,129550,1222200,16550,weekly,2022-3-3T21:00:00.000,options,call
311,1646231160000,118.1,120.25,116.1,117.0,80700,1222200,16550,weekly,2022-3-3T21:00:00.000,options,call
312,1646231220000,117.05,117.25,112.25,113.2,105700,1230500,16550,weekly,2022-3-3T21:00:00.000,options,call
313,1646231280000,113.2,118.3,113.2,117.1,87450,1230500,16550,weekly,2022-3-3T21:00:00.000,options,call
314,1646231340000,117.0,120.05,115.5,119.0,66650,1230500,16550,weekly,2022-3-3T21:00:00.000,options,call
315,1646231400000,118.05,124.2,118.05,123.65,114300,1212850,16550,weekly,2022-3-3T21:00:00.000,options,call
316,1646231460000,123.9,127.9,122.5,123.35,145600,1212850,16550,weekly,2022-3-3T21:00:00.000,options,call
317,1646231520000,123.6,127.2,122.45,124.75,71600,1212850,16550,weekly,2022-3-3T21:00:00.000,options,call
318,1646231580000,124.5,125.2,116.95,118.3,90900,1229700,16550,weekly,2022-3-3T21:00:00.000,options,call
319,1646231640000,118.3,121.5,115.5,115.8,77950,1229700,16550,weekly,2022-3-3T21:00:00.000,options,call
320,1646231700000,115.8,120.75,115.0,116.0,74700,1229700,16550,weekly,2022-3-3T21:00:00.000,options,call
321,1646231760000,116.5,119.55,111.7,119.55,119400,1230600,16550,weekly,2022-3-3T21:00:00.000,options,call
322,1646231820000,119.3,123.6,118.85,121.75,129900,1230600,16550,weekly,2022-3-3T21:00:00.000,options,call
323,1646231880000,122.0,123.3,115.8,116.55,72500,1230600,16550,weekly,2022-3-3T21:00:00.000,options,call
324,1646231940000,116.2,121.55,115.1,118.65,85550,1206450,16550,weekly,2022-3-3T21:00:00.000,options,call
325,1646232000000,118.15,121.95,116.0,120.45,76650,1206450,16550,weekly,2022-3-3T21:00:00.000,options,call
326,1646232060000,120.25,128.25,119.65,128.25,135750,1206450,16550,weekly,2022-3-3T21:00:00.000,options,call
327,1646232120000,129.45,130.1,124.45,129.1,182650,1150700,16550,weekly,2022-3-3T21:00:00.000,options,call
328,1646232180000,129.1,132.6,126.55,129.7,158600,1150700,16550,weekly,2022-3-3T21:00:00.000,options,call
329,1646232240000,129.05,138.7,127.3,134.95,196600,1150700,16550,weekly,2022-3-3T21:00:00.000,options,call
330,1646232300000,136.0,142.55,135.7,138.6,245200,1108800,16550,weekly,2022-3-3T21:00:00.000,options,call
331,1646232360000,138.3,138.75,131.15,131.15,145050,1108800,16550,weekly,2022-3-3T21:00:00.000,options,call
332,1646232420000,131.5,133.35,127.1,129.3,118550,1108800,16550,weekly,2022-3-3T21:00:00.000,options,call
333,1646232480000,129.65,133.5,125.75,128.85,96800,1086550,16550,weekly,2022-3-3T21:00:00.000,options,call
334,1646232540000,130.0,132.15,129.65,130.15,69000,1086550,16550,weekly,2022-3-3T21:00:00.000,options,call
335,1646232600000,130.0,134.25,126.65,133.15,81150,1086550,16550,weekly,2022-3-3T21:00:00.000,options,call
336,1646232660000,133.4,133.95,126.3,126.3,93500,1087950,16550,weekly,2022-3-3T21:00:00.000,options,call
337,1646232720000,126.65,132.0,126.65,129.3,88700,1087950,16550,weekly,2022-3-3T21:00:00.000,options,call
338,1646232780000,128.9,130.75,127.0,130.75,63650,1087950,16550,weekly,2022-3-3T21:00:00.000,options,call
339,1646232840000,130.65,132.5,120.75,122.15,148550,1114450,16550,weekly,2022-3-3T21:00:00.000,options,call
340,1646232900000,122.05,127.95,122.05,122.8,102250,1114450,16550,weekly,2022-3-3T21:00:00.000,options,call
341,1646232960000,122.15,127.4,122.05,127.4,112300,1114450,16550,weekly,2022-3-3T21:00:00.000,options,call
342,1646233020000,127.7,127.7,122.95,123.5,106400,1091950,16550,weekly,2022-3-3T21:00:00.000,options,call
343,1646233080000,124.9,125.3,121.3,124.95,87150,1091950,16550,weekly,2022-3-3T21:00:00.000,options,call
344,1646233140000,125.75,132.55,125.15,132.55,112200,1091950,16550,weekly,2022-3-3T21:00:00.000,options,call
345,1646233200000,132.65,162.25,132.65,155.0,663450,1065950,16550,weekly,2022-3-3T21:00:00.000,options,call
346,1646233260000,154.6,160.95,149.4,149.65,365600,1065950,16550,weekly,2022-3-3T21:00:00.000,options,call
347,1646233320000,151.2,157.55,149.95,150.5,204350,1065950,16550,weekly,2022-3-3T21:00:00.000,options,call
348,1646233380000,151.25,161.0,148.6,160.0,260700,933750,16550,weekly,2022-3-3T21:00:00.000,options,call
349,1646233440000,160.1,164.3,156.5,157.3,193300,933750,16550,weekly,2022-3-3T21:00:00.000,options,call
350,1646233500000,156.5,158.65,153.0,156.4,249250,933750,16550,weekly,2022-3-3T21:00:00.000,options,call
351,1646233560000,155.6,162.3,153.75,157.65,157150,883200,16550,weekly,2022-3-3T21:00:00.000,options,call
352,1646233620000,157.5,162.0,156.6,160.8,124650,883200,16550,weekly,2022-3-3T21:00:00.000,options,call
353,1646233680000,159.35,161.7,157.55,157.8,154850,883200,16550,weekly,2022-3-3T21:00:00.000,options,call
354,1646233740000,157.4,161.0,152.6,159.05,126900,850450,16550,weekly,2022-3-3T21:00:00.000,options,call
355,1646233800000,160.5,163.45,160.0,162.4,138850,850450,16550,weekly,2022-3-3T21:00:00.000,options,call
356,1646233860000,162.35,169.85,162.35,169.45,193850,850450,16550,weekly,2022-3-3T21:00:00.000,options,call
357,1646233920000,170.2,177.45,169.4,172.25,192250,768300,16550,weekly,2022-3-3T21:00:00.000,options,call
358,1646233980000,171.75,173.0,169.65,172.15,122500,768300,16550,weekly,2022-3-3T21:00:00.000,options,call
359,1646234040000,172.45,177.8,172.15,174.45,141150,768300,16550,weekly,2022-3-3T21:00:00.000,options,call
360,1646234100000,175.35,180.7,167.0,170.0,208600,664250,16550,weekly,2022-3-3T21:00:00.000,options,call
361,1646234160000,170.2,172.35,162.3,169.6,121000,664250,16550,weekly,2022-3-3T21:00:00.000,options,call
362,1646234220000,168.75,176.9,168.75,176.7,87000,664250,16550,weekly,2022-3-3T21:00:00.000,options,call
363,1646234280000,177.5,179.5,172.45,176.3,116000,613100,16550,weekly,2022-3-3T21:00:00.000,options,call
364,1646234340000,175.35,180.2,175.0,178.8,93350,613100,16550,weekly,2022-3-3T21:00:00.000,options,call
365,1646234400000,178.35,181.0,177.6,179.4,103700,613100,16550,weekly,2022-3-3T21:00:00.000,options,call
366,1646234460000,178.65,180.0,174.15,177.6,81450,518750,16550,weekly,2022-3-3T21:00:00.000,options,call
367,1646234520000,176.8,180.1,175.65,178.95,87750,518750,16550,weekly,2022-3-3T21:00:00.000,options,call
368,1646234580000,179.2,182.75,178.1,181.9,66700,518750,16550,weekly,2022-3-3T21:00:00.000,options,call
369,1646234640000,183.6,188.85,179.45,181.1,174200,437550,16550,weekly,2022-3-3T21:00:00.000,options,call
370,1646234700000,182.8,189.35,182.8,189.35,75100,437550,16550,weekly,2022-3-3T21:00:00.000,options,call
371,1646234760000,189.2,191.45,189.05,189.4,49050,437550,16550,weekly,2022-3-3T21:00:00.000,options,call
372,1646234820000,189.1,189.85,185.9,187.45,52950,367450,16550,weekly,2022-3-3T21:00:00.000,options,call
373,1646234880000,186.8,191.45,185.6,187.95,50800,367450,16550,weekly,2022-3-3T21:00:00.000,options,call
374,1646234940000,187.85,195.0,187.75,195.0,78050,367450,16550,weekly,2022-3-3T21:00:00.000,options,call
