,timestamp,open,high,low,close,volume,open_interest,strike,expiry_type,expiry,instrument,contract_type
0,1666323900000,85.55,85.55,62.1,63.95,104075,198125,39300,weekly,2022-10-27T21:00:00.000,options,put
1,1666323960000,63.45,64.3,60.2,62.15,76875,198125,39300,weekly,2022-10-27T21:00:00.000,options,put
2,1666324020000,61.9,64.4,60.05,63.15,58875,220875,39300,weekly,2022-10-27T21:00:00.000,options,put
3,1666324080000,63.05,66.15,62.55,63.95,60275,220875,39300,weekly,2022-10-27T21:00:00.000,options,put
4,1666324140000,63.75,64.3,58.55,58.8,44625,220875,39300,weekly,2022-10-27T21:00:00.000,options,put
5,1666324200000,57.7,59.8,56.6,57.8,65650,248775,39300,weekly,2022-10-27T21:00:00.000,options,put
6,1666324260000,57.75,58.35,55.0,57.0,90750,248775,39300,weekly,2022-10-27T21:00:00.000,options,put
7,1666324320000,56.95,57.8,55.5,56.55,118450,248775,39300,weekly,2022-10-27T21:00:00.000,options,put
8,1666324380000,56.55,56.55,54.6,55.7,107825,321775,39300,weekly,2022-10-27T21:00:00.000,options,put
9,1666324440000,55.8,57.5,53.95,57.5,39775,321775,39300,weekly,2022-10-27T21:00:00.000,options,put
10,1666324500000,56.6,57.85,55.15,57.1,51200,321775,39300,weekly,2022-10-27T21:00:00.000,options,put
11,1666324560000,56.95,58.85,56.5,58.6,33600,351000,39300,weekly,2022-10-27T21:00:00.000,options,put
12,1666324620000,58.4,58.6,56.55,57.0,45250,351000,39300,weekly,2022-10-27T21:00:00.000,options,put
13,1666324680000,56.95,57.85,55.75,56.15,81250,351000,39300,weekly,2022-10-27T21:00:00.000,options,put
14,1666324740000,56.0,56.65,54.6,55.85,76525,376850,39300,weekly,2022-10-27T21:00:00.000,options,put
15,1666324800000,55.5,57.35,53.8,57.35,58150,376850,39300,weekly,2022-10-27T21:00:00.000,options,put
16,1666324860000,57.15,57.25,55.2,55.3,23925,376850,39300,weekly,2022-10-27T21:00:00.000,options,put
17,1666324920000,55.4,57.2,55.35,55.85,24200,424925,39300,weekly,2022-10-27T21:00:00.000,options,put
18,1666324980000,56.1,56.6,54.75,55.75,28125,424925,39300,weekly,2022-10-27T21:00:00.000,options,put
19,1666325040000,55.7,55.7,54.15,54.55,15550,424925,39300,weekly,2022-10-27T21:00:00.000,options,put
20,1666325100000,54.6,55.65,53.55,54.3,32000,433150,39300,weekly,2022-10-27T21:00:00.000,options,put
21,1666325160000,54.2,55.5,53.2,54.35,32175,433150,39300,weekly,2022-10-27T21:00:00.000,options,put
22,1666325220000,54.25,54.95,52.75,54.85,47075,433150,39300,weekly,2022-10-27T21:00:00.000,options,put
23,1666325280000,54.8,55.3,53.2,53.6,30575,432725,39300,weekly,2022-10-27T21:00:00.000,options,put
24,1666325340000,53.55,54.7,53.1,54.1,29800,432725,39300,weekly,2022-10-27T21:00:00.000,options,put
25,1666325400000,54.25,55.2,53.6,54.9,31525,432725,39300,weekly,2022-10-27T21:00:00.000,options,put
26,1666325460000,54.9,55.0,52.55,53.05,48675,450275,39300,weekly,2022-10-27T21:00:00.000,options,put
27,1666325520000,52.5,52.5,50.15,51.75,49900,450275,39300,weekly,2022-10-27T21:00:00.000,options,put
28,1666325580000,51.45,52.4,50.95,52.0,42725,450275,39300,weekly,2022-10-27T21:00:00.000,options,put
29,1666325640000,52.15,52.55,51.4,52.1,15825,462700,39300,weekly,2022-10-27T21:00:00.000,options,put
30,1666325700000,52.2,52.9,51.95,52.45,26900,462700,39300,weekly,2022-10-27T21:00:00.000,options,put
31,1666325760000,52.65,54.45,52.05,54.05,51275,462700,39300,weekly,2022-10-27T21:00:00.000,options,put
32,1666325820000,54.0,54.2,52.85,52.95,31050,473800,39300,weekly,2022-10-27T21:00:00.000,options,put
33,1666325880000,52.4,54.15,52.4,53.85,24175,473800,39300,weekly,2022-10-27T21:00:00.000,options,put
34,1666325940000,54.15,54.25,53.0,53.6,18775,473800,39300,weekly,2022-10-27T21:00:00.000,options,put
35,1666326000000,53.8,53.8,51.35,51.6,22650,479400,39300,weekly,2022-10-27T21:00:00.000,options,put
36,1666326060000,51.6,52.1,49.55,49.8,25400,479400,39300,weekly,2022-10-27T21:00:00.000,options,put
37,1666326120000,50.5,51.6,50.35,51.3,19950,479400,39300,weekly,2022-10-27T21:00:00.000,options,put
38,1666326180000,51.55,52.15,51.3,52.05,15675,475250,39300,weekly,2022-10-27T21:00:00.000,options,put
39,1666326240000,52.05,52.7,51.0,51.1,16550,475250,39300,weekly,2022-10-27T21:00:00.000,options,put
40,1666326300000,51.1,51.8,49.2,50.3,33150,475250,39300,weekly,2022-10-27T21:00:00.000,options,put
41,1666326360000,50.0,50.2,48.45,49.45,50675,484425,39300,weekly,2022-10-27T21:00:00.000,options,put
42,1666326420000,49.55,51.1,48.4,50.85,72975,484425,39300,weekly,2022-10-27T21:00:00.000,options,put
43,1666326480000,50.8,51.35,49.85,50.15,103075,484425,39300,weekly,2022-10-27T21:00:00.000,options,put
44,1666326540000,50.3,50.55,49.1,49.25,40025,530125,39300,weekly,2022-10-27T21:00:00.000,options,put
45,1666326600000,49.0,49.9,48.15,49.4,56025,530125,39300,weekly,2022-10-27T21:00:00.000,options,put
46,1666326660000,49.25,49.6,48.65,49.25,35250,530125,39300,weekly,2022-10-27T21:00:00.000,options,put
47,1666326720000,49.15,49.5,48.85,49.45,26800,564150,39300,weekly,2022-10-27T21:00:00.000,options,put
48,1666326780000,49.25,49.25,46.9,47.05,44275,564150,39300,weekly,2022-10-27T21:00:00.000,options,put
49,1666326840000,47.2,47.3,45.1,45.1,50525,564150,39300,weekly,2022-10-27T21:00:00.000,options,put
50,1666326900000,45.4,46.3,45.2,45.95,55125,639000,39300,weekly,2022-10-27T21:00:00.000,options,put
51,1666326960000,45.8,46.0,45.05,46.0,35275,639000,39300,weekly,2022-10-27T21:00:00.000,options,put
52,1666327020000,46.0,46.0,44.7,44.7,28775,639000,39300,weekly,2022-10-27T21:00:00.000,options,put
53,1666327080000,44.8,46.45,44.25,46.45,34975,666450,39300,weekly,2022-10-27T21:00:00.000,options,put
54,1666327140000,46.2,46.45,45.0,45.1,22575,666450,39300,weekly,2022-10-27T21:00:00.000,options,put
55,1666327200000,44.95,46.0,44.8,44.95,46925,666450,39300,weekly,2022-10-27T21:00:00.000,options,put
56,1666327260000,45.0,46.75,44.1,45.7,49300,694575,39300,weekly,2022-10-27T21:00:00.000,options,put
57,1666327320000,45.45,45.95,45.05,45.4,29625,694575,39300,weekly,2022-10-27T21:00:00.000,options,put
58,1666327380000,45.1,46.0,44.9,45.45,21525,694575,39300,weekly,2022-10-27T21:00:00.000,options,put
59,1666327440000,45.25,46.3,44.55,45.15,21300,703450,39300,weekly,2022-10-27T21:00:00.000,options,put
60,1666327500000,45.05,45.15,43.6,44.6,31275,703450,39300,weekly,2022-10-27T21:00:00.000,options,put
61,1666327560000,44.7,45.25,43.7,43.7,14275,703450,39300,weekly,2022-10-27T21:00:00.000,options,put
62,1666327620000,43.65,44.35,42.85,44.25,21925,707125,39300,weekly,2022-10-27T21:00:00.000,options,put
63,1666327680000,44.25,45.35,44.2,45.25,19800,707125,39300,weekly,2022-10-27T21:00:00.000,options,put
64,1666327740000,44.85,46.35,44.85,45.9,20450,707125,39300,weekly,2022-10-27T21:00:00.000,options,put
65,1666327800000,45.65,46.4,45.15,46.0,22950,703925,39300,weekly,2022-10-27T21:00:00.000,options,put
66,1666327860000,46.1,46.6,45.75,45.85,11400,703925,39300,weekly,2022-10-27T21:00:00.000,options,put
67,1666327920000,45.95,46.3,45.5,46.05,6675,703925,39300,weekly,2022-10-27T21:00:00.000,options,put
68,1666327980000,46.05,46.45,45.25,45.7,24675,713350,39300,weekly,2022-10-27T21:00:00.000,options,put
69,1666328040000,45.75,45.75,44.55,45.55,9425,713350,39300,weekly,2022-10-27T21:00:00.000,options,put
70,1666328100000,45.3,46.4,45.3,45.85,14300,713350,39300,weekly,2022-10-27T21:00:00.000,options,put
71,1666328160000,45.7,46.5,45.4,45.55,16775,716125,39300,weekly,2022-10-27T21:00:00.000,options,put
72,1666328220000,45.65,46.7,45.45,46.6,12950,716125,39300,weekly,2022-10-27T21:00:00.000,options,put
73,1666328280000,46.6,46.8,45.5,45.95,17000,716125,39300,weekly,2022-10-27T21:00:00.000,options,put
74,1666328340000,46.0,46.0,45.15,45.45,10700,718050,39300,weekly,2022-10-27T21:00:00.000,options,put
75,1666328400000,45.4,46.75,45.4,45.65,18425,718050,39300,weekly,2022-10-27T21:00:00.000,options,put
76,1666328460000,45.6,45.85,44.2,44.45,11750,718050,39300,weekly,2022-10-27T21:00:00.000,options,put
77,1666328520000,44.8,46.2,44.7,45.8,14650,713575,39300,weekly,2022-10-27T21:00:00.000,options,put
78,1666328580000,45.65,46.1,44.3,45.2,15325,713575,39300,weekly,2022-10-27T21:00:00.000,options,put
79,1666328640000,44.8,45.45,44.6,44.85,8700,713575,39300,weekly,2022-10-27T21:00:00.000,options,put
80,1666328700000,44.6,45.6,44.6,45.15,9325,716350,39300,weekly,2022-10-27T21:00:00.000,options,put
81,1666328760000,45.3,45.8,44.9,45.05,14425,716350,39300,weekly,2022-10-27T21:00:00.000,options,put
82,1666328820000,45.05,46.05,44.85,45.65,17125,716350,39300,weekly,2022-10-27T21:00:00.000,options,put
83,1666328880000,45.35,45.45,44.85,44.85,7775,732500,39300,weekly,2022-10-27T21:00:00.000,options,put
84,1666328940000,44.85,45.3,44.3,44.9,10925,732500,39300,weekly,2022-10-27T21:00:00.000,options,put
85,1666329000000,44.65,45.1,44.15,44.8,15700,732500,39300,weekly,2022-10-27T21:00:00.000,options,put
86,1666329060000,44.8,45.45,44.7,45.3,7850,731450,39300,weekly,2022-10-27T21:00:00.000,options,put
87,1666329120000,45.1,45.6,45.0,45.45,6075,731450,39300,weekly,2022-10-27T21:00:00.000,options,put
88,1666329180000,45.45,45.65,44.6,45.05,4025,731450,39300,weekly,2022-10-27T21:00:00.000,options,put
89,1666329240000,45.05,45.5,44.5,45.3,4325,731750,39300,weekly,2022-10-27T21:00:00.000,options,put
90,1666329300000,45.25,45.55,44.7,44.85,7700,731750,39300,weekly,2022-10-27T21:00:00.000,options,put
91,1666329360000,44.75,45.65,44.5,45.6,6675,731750,39300,weekly,2022-10-27T21:00:00.000,options,put
92,1666329420000,45.5,46.2,45.35,45.7,12800,729125,39300,weekly,2022-10-27T21:00:00.000,options,put
93,1666329480000,45.6,46.2,45.25,45.95,5475,729125,39300,weekly,2022-10-27T21:00:00.000,options,put
94,1666329540000,46.15,46.5,45.6,46.35,6200,729125,39300,weekly,2022-10-27T21:00:00.000,options,put
95,1666329600000,46.5,47.0,45.95,46.5,13350,729475,39300,weekly,2022-10-27T21:00:00.000,options,put
96,1666329660000,46.5,47.45,46.5,46.5,20650,729475,39300,weekly,2022-10-27T21:00:00.000,options,put
97,1666329720000,46.3,46.6,45.45,46.05,10375,729475,39300,weekly,2022-10-27T21:00:00.000,options,put
98,1666329780000,46.05,46.1,45.15,45.2,10825,728225,39300,weekly,2022-10-27T21:00:00.000,options,put
99,1666329840000,45.2,46.25,45.1,45.9,5425,728225,39300,weekly,2022-10-27T21:00:00.000,options,put
100,1666329900000,45.95,46.4,45.15,45.15,6875,728225,39300,weekly,2022-10-27T21:00:00.000,options,put
101,1666329960000,45.05,45.7,45.05,45.5,8675,729975,39300,weekly,2022-10-27T21:00:00.000,options,put
102,1666330020000,45.5,46.15,45.2,46.15,9725,729975,39300,weekly,2022-10-27T21:00:00.000,options,put
103,1666330080000,45.8,46.65,45.7,45.8,9525,729975,39300,weekly,2022-10-27T21:00:00.000,options,put
104,1666330140000,46.0,46.55,45.1,46.45,10925,735250,39300,weekly,2022-10-27T21:00:00.000,options,put
105,1666330200000,46.35,46.35,45.1,46.0,10275,735250,39300,weekly,2022-10-27T21:00:00.000,options,put
106,1666330260000,45.8,45.95,45.25,45.25,2400,735250,39300,weekly,2022-10-27T21:00:00.000,options,put
107,1666330320000,45.25,45.65,44.75,45.0,5450,739875,39300,weekly,2022-10-27T21:00:00.000,options,put
108,1666330380000,44.9,45.5,44.5,44.75,10950,739875,39300,weekly,2022-10-27T21:00:00.000,options,put
109,1666330440000,44.65,45.4,44.05,45.2,23425,739875,39300,weekly,2022-10-27T21:00:00.000,options,put
110,1666330500000,45.2,45.3,44.05,44.65,11675,730275,39300,weekly,2022-10-27T21:00:00.000,options,put
111,1666330560000,44.3,44.4,43.15,43.7,16625,730275,39300,weekly,2022-10-27T21:00:00.000,options,put
112,1666330620000,43.7,44.05,43.1,43.3,7475,730275,39300,weekly,2022-10-27T21:00:00.000,options,put
113,1666330680000,43.05,43.2,40.0,41.8,32650,733250,39300,weekly,2022-10-27T21:00:00.000,options,put
114,1666330740000,41.8,42.45,41.75,42.3,12500,733250,39300,weekly,2022-10-27T21:00:00.000,options,put
115,1666330800000,42.55,42.7,42.05,42.05,12425,733250,39300,weekly,2022-10-27T21:00:00.000,options,put
116,1666330860000,42.0,42.65,41.75,42.65,13275,738550,39300,weekly,2022-10-27T21:00:00.000,options,put
117,1666330920000,42.5,42.95,42.35,42.75,11175,738550,39300,weekly,2022-10-27T21:00:00.000,options,put
118,1666330980000,42.6,42.8,41.75,41.8,3425,738550,39300,weekly,2022-10-27T21:00:00.000,options,put
119,1666331040000,41.75,42.35,41.55,41.9,10775,740400,39300,weekly,2022-10-27T21:00:00.000,options,put
120,1666331100000,41.85,42.45,41.75,42.4,6750,740400,39300,weekly,2022-10-27T21:00:00.000,options,put
121,1666331160000,42.4,42.6,41.75,42.0,3125,740400,39300,weekly,2022-10-27T21:00:00.000,options,put
122,1666331220000,42.0,42.0,41.25,41.75,4125,740150,39300,weekly,2022-10-27T21:00:00.000,options,put
123,1666331280000,41.75,42.35,41.75,42.2,5175,740150,39300,weekly,2022-10-27T21:00:00.000,options,put
124,1666331340000,42.2,42.3,41.85,41.85,1875,740150,39300,weekly,2022-10-27T21:00:00.000,options,put
125,1666331400000,41.85,42.4,41.65,42.4,575,739800,39300,weekly,2022-10-27T21:00:00.000,options,put
126,1666331460000,42.2,42.8,42.2,42.45,4975,739800,39300,weekly,2022-10-27T21:00:00.000,options,put
127,1666331520000,42.45,42.6,42.3,42.45,1575,739800,39300,weekly,2022-10-27T21:00:00.000,options,put
128,1666331580000,42.25,42.8,42.1,42.8,4625,739350,39300,weekly,2022-10-27T21:00:00.000,options,put
129,1666331640000,42.75,43.1,42.75,42.85,1625,739350,39300,weekly,2022-10-27T21:00:00.000,options,put
130,1666331700000,42.85,43.3,42.6,43.0,3125,739350,39300,weekly,2022-10-27T21:00:00.000,options,put
131,1666331760000,43.25,43.25,42.5,42.7,4500,738275,39300,weekly,2022-10-27T21:00:00.000,options,put
132,1666331820000,42.7,42.9,42.25,42.25,3800,738275,39300,weekly,2022-10-27T21:00:00.000,options,put
133,1666331880000,42.5,42.55,42.0,42.05,2375,738275,39300,weekly,2022-10-27T21:00:00.000,options,put
134,1666331940000,42.1,42.1,38.55,40.35,41850,737600,39300,weekly,2022-10-27T21:00:00.000,options,put
135,1666332000000,40.75,40.85,37.5,38.25,36450,737600,39300,weekly,2022-10-27T21:00:00.000,options,put
136,1666332060000,38.25,38.75,37.95,38.6,15750,737600,39300,weekly,2022-10-27T21:00:00.000,options,put
137,1666332120000,38.6,38.85,38.0,38.0,11050,726325,39300,weekly,2022-10-27T21:00:00.000,options,put
138,1666332180000,38.15,38.35,37.8,37.85,11650,726325,39300,weekly,2022-10-27T21:00:00.000,options,put
139,1666332240000,37.85,38.35,37.65,38.35,14650,726325,39300,weekly,2022-10-27T21:00:00.000,options,put
140,1666332300000,38.3,38.5,37.5,37.65,19800,721725,39300,weekly,2022-10-27T21:00:00.000,options,put
141,1666332360000,37.75,38.3,37.6,37.95,21675,721725,39300,weekly,2022-10-27T21:00:00.000,options,put
142,1666332420000,37.95,37.95,37.35,37.45,4325,721725,39300,weekly,2022-10-27T21:00:00.000,options,put
143,1666332480000,37.6,37.85,37.35,37.75,7375,735675,39300,weekly,2022-10-27T21:00:00.000,options,put
144,1666332540000,37.75,37.75,37.2,37.6,14525,735675,39300,weekly,2022-10-27T21:00:00.000,options,put
145,1666332600000,37.45,37.5,37.05,37.4,12000,735675,39300,weekly,2022-10-27T21:00:00.000,options,put
146,1666332660000,37.35,37.5,37.0,37.25,20950,736000,39300,weekly,2022-10-27T21:00:00.000,options,put
147,1666332720000,37.3,37.5,36.45,37.05,15600,736000,39300,weekly,2022-10-27T21:00:00.000,options,put
148,1666332780000,37.05,37.05,36.2,36.2,21850,736000,39300,weekly,2022-10-27T21:00:00.000,options,put
149,1666332840000,36.3,36.45,35.65,35.8,14750,735000,39300,weekly,2022-10-27T21:00:00.000,options,put
150,1666332900000,35.75,36.15,35.6,36.0,12850,735000,39300,weekly,2022-10-27T21:00:00.000,options,put
151,1666332960000,36.05,36.75,35.8,36.75,11150,735000,39300,weekly,2022-10-27T21:00:00.000,options,put
152,1666333020000,36.75,37.35,36.5,37.25,13600,740575,39300,weekly,2022-10-27T21:00:00.000,options,put
153,1666333080000,37.35,38.1,37.25,37.85,15550,740575,39300,weekly,2022-10-27T21:00:00.000,options,put
154,1666333140000,37.85,38.0,37.3,37.9,18950,740575,39300,weekly,2022-10-27T21:00:00.000,options,put
155,1666333200000,37.85,38.3,37.35,38.0,14100,738000,39300,weekly,2022-10-27T21:00:00.000,options,put
156,1666333260000,37.95,38.2,37.55,37.75,8275,738000,39300,weekly,2022-10-27T21:00:00.000,options,put
157,1666333320000,37.9,38.0,37.4,37.65,5150,738000,39300,weekly,2022-10-27T21:00:00.000,options,put
158,1666333380000,37.7,37.8,37.15,37.15,6650,739450,39300,weekly,2022-10-27T21:00:00.000,options,put
159,1666333440000,37.2,38.3,37.2,38.15,4100,739450,39300,weekly,2022-10-27T21:00:00.000,options,put
160,1666333500000,38.2,38.4,37.45,37.65,7575,739450,39300,weekly,2022-10-27T21:00:00.000,options,put
161,1666333560000,37.85,37.85,36.9,37.4,17850,735900,39300,weekly,2022-10-27T21:00:00.000,options,put
162,1666333620000,37.25,37.75,36.8,37.6,10125,735900,39300,weekly,2022-10-27T21:00:00.000,options,put
163,1666333680000,37.6,37.8,37.25,37.25,6050,735900,39300,weekly,2022-10-27T21:00:00.000,options,put
164,1666333740000,37.25,37.65,37.1,37.3,8425,735975,39300,weekly,2022-10-27T21:00:00.000,options,put
165,1666333800000,37.3,37.35,36.65,36.9,8825,735975,39300,weekly,2022-10-27T21:00:00.000,options,put
166,1666333860000,36.9,36.9,36.2,36.7,5225,735975,39300,weekly,2022-10-27T21:00:00.000,options,put
167,1666333920000,36.55,37.25,36.2,37.25,5800,730950,39300,weekly,2022-10-27T21:00:00.000,options,put
168,1666333980000,37.2,37.2,36.75,36.9,6025,730950,39300,weekly,2022-10-27T21:00:00.000,options,put
169,1666334040000,36.65,37.4,36.65,37.2,5125,730950,39300,weekly,2022-10-27T21:00:00.000,options,put
170,1666334100000,37.6,37.9,37.25,37.9,6450,733500,39300,weekly,2022-10-27T21:00:00.000,options,put
171,1666334160000,37.9,37.9,37.0,37.35,3775,733500,39300,weekly,2022-10-27T21:00:00.000,options,put
172,1666334220000,37.35,37.6,36.85,37.05,4450,733500,39300,weekly,2022-10-27T21:00:00.000,options,put
173,1666334280000,37.0,37.5,36.9,37.1,5375,733275,39300,weekly,2022-10-27T21:00:00.000,options,put
174,1666334340000,36.95,37.65,36.8,37.35,8075,733275,39300,weekly,2022-10-27T21:00:00.000,options,put
175,1666334400000,37.35,37.75,37.0,37.0,5075,733275,39300,weekly,2022-10-27T21:00:00.000,options,put
176,1666334460000,37.0,37.0,35.3,35.55,31025,726025,39300,weekly,2022-10-27T21:00:00.000,options,put
177,1666334520000,35.55,36.25,35.45,36.1,13750,726025,39300,weekly,2022-10-27T21:00:00.000,options,put
178,1666334580000,36.05,36.8,35.65,36.15,60600,726025,39300,weekly,2022-10-27T21:00:00.000,options,put
179,1666334640000,36.3,36.6,36.05,36.4,36275,730875,39300,weekly,2022-10-27T21:00:00.000,options,put
180,1666334700000,36.2,36.55,35.75,35.95,14475,730875,39300,weekly,2022-10-27T21:00:00.000,options,put
181,1666334760000,35.95,36.3,35.75,36.0,9025,730875,39300,weekly,2022-10-27T21:00:00.000,options,put
182,1666334820000,36.25,36.65,35.95,36.45,22475,730675,39300,weekly,2022-10-27T21:00:00.000,options,put
183,1666334880000,36.5,36.6,35.7,35.85,13000,730675,39300,weekly,2022-10-27T21:00:00.000,options,put
184,1666334940000,35.9,36.35,35.7,36.1,14600,730675,39300,weekly,2022-10-27T21:00:00.000,options,put
185,1666335000000,36.35,36.7,36.15,36.5,10625,737675,39300,weekly,2022-10-27T21:00:00.000,options,put
186,1666335060000,36.3,36.8,36.05,36.3,8075,737675,39300,weekly,2022-10-27T21:00:00.000,options,put
187,1666335120000,36.35,36.95,36.35,36.4,7950,737675,39300,weekly,2022-10-27T21:00:00.000,options,put
188,1666335180000,36.25,36.95,36.25,36.7,4900,733725,39300,weekly,2022-10-27T21:00:00.000,options,put
189,1666335240000,36.6,36.8,36.4,36.4,3475,733725,39300,weekly,2022-10-27T21:00:00.000,options,put
190,1666335300000,36.5,36.5,35.8,35.85,11500,733725,39300,weekly,2022-10-27T21:00:00.000,options,put
191,1666335360000,36.0,36.4,35.8,36.25,5000,737250,39300,weekly,2022-10-27T21:00:00.000,options,put
192,1666335420000,36.3,36.5,35.95,36.15,5975,737250,39300,weekly,2022-10-27T21:00:00.000,options,put
193,1666335480000,36.2,36.2,35.65,35.8,6375,737250,39300,weekly,2022-10-27T21:00:00.000,options,put
194,1666335540000,35.65,36.1,35.45,35.75,7175,739150,39300,weekly,2022-10-27T21:00:00.000,options,put
195,1666335600000,35.85,36.15,35.55,36.0,10600,739150,39300,weekly,2022-10-27T21:00:00.000,options,put
196,1666335660000,36.3,36.45,35.9,36.15,6475,739150,39300,weekly,2022-10-27T21:00:00.000,options,put
197,1666335720000,36.35,36.35,35.9,36.2,6525,740375,39300,weekly,2022-10-27T21:00:00.000,options,put
198,1666335780000,36.15,36.4,35.9,36.35,3475,740375,39300,weekly,2022-10-27T21:00:00.000,options,put
199,1666335840000,36.4,36.45,35.65,36.3,7500,740375,39300,weekly,2022-10-27T21:00:00.000,options,put
200,1666335900000,36.15,37.05,36.15,36.5,9075,740850,39300,weekly,2022-10-27T21:00:00.000,options,put
201,1666335960000,36.55,36.65,36.0,36.2,3800,740850,39300,weekly,2022-10-27T21:00:00.000,options,put
202,1666336020000,36.15,36.8,36.15,36.4,4500,740850,39300,weekly,2022-10-27T21:00:00.000,options,put
203,1666336080000,36.5,37.35,36.25,37.0,18850,741975,39300,weekly,2022-10-27T21:00:00.000,options,put
204,1666336140000,36.7,37.1,36.45,36.7,5725,741975,39300,weekly,2022-10-27T21:00:00.000,options,put
205,1666336200000,36.45,36.85,36.25,36.7,4350,741975,39300,weekly,2022-10-27T21:00:00.000,options,put
206,1666336260000,36.95,37.2,36.15,36.55,3875,741975,39300,weekly,2022-10-27T21:00:00.000,options,put
207,1666336320000,36.65,37.1,36.4,36.65,2975,737700,39300,weekly,2022-10-27T21:00:00.000,options,put
208,1666336380000,36.65,36.8,36.15,36.5,1825,737700,39300,weekly,2022-10-27T21:00:00.000,options,put
209,1666336440000,36.4,37.1,36.4,36.95,1700,737775,39300,weekly,2022-10-27T21:00:00.000,options,put
210,1666336500000,36.7,36.85,36.4,36.45,3325,737775,39300,weekly,2022-10-27T21:00:00.000,options,put
211,1666336560000,36.45,37.85,35.75,37.3,18050,737775,39300,weekly,2022-10-27T21:00:00.000,options,put
212,1666336620000,37.5,37.65,36.45,36.45,30925,725475,39300,weekly,2022-10-27T21:00:00.000,options,put
213,1666336680000,36.45,37.15,35.85,36.85,24100,725475,39300,weekly,2022-10-27T21:00:00.000,options,put
214,1666336740000,36.9,37.6,36.65,36.8,17675,725475,39300,weekly,2022-10-27T21:00:00.000,options,put
215,1666336800000,36.7,36.95,36.35,36.7,45075,713525,39300,weekly,2022-10-27T21:00:00.000,options,put
216,1666336860000,36.7,37.0,36.35,36.35,15275,713525,39300,weekly,2022-10-27T21:00:00.000,options,put
217,1666336920000,36.55,36.6,35.25,35.6,20275,713525,39300,weekly,2022-10-27T21:00:00.000,options,put
218,1666336980000,35.75,35.85,34.3,34.65,44200,713200,39300,weekly,2022-10-27T21:00:00.000,options,put
219,1666337040000,34.85,35.5,34.25,34.95,32550,713200,39300,weekly,2022-10-27T21:00:00.000,options,put
220,1666337100000,35.05,35.45,34.55,35.3,31275,713200,39300,weekly,2022-10-27T21:00:00.000,options,put
221,1666337160000,35.5,35.7,35.05,35.15,28575,718475,39300,weekly,2022-10-27T21:00:00.000,options,put
222,1666337220000,35.15,35.3,34.5,34.95,29575,718475,39300,weekly,2022-10-27T21:00:00.000,options,put
223,1666337280000,35.0,35.4,34.9,34.95,17625,718475,39300,weekly,2022-10-27T21:00:00.000,options,put
224,1666337340000,34.95,34.95,33.15,33.45,32700,724850,39300,weekly,2022-10-27T21:00:00.000,options,put
225,1666337400000,33.4,34.65,33.0,34.5,34800,724850,39300,weekly,2022-10-27T21:00:00.000,options,put
226,1666337460000,34.4,34.95,34.35,34.45,23100,724850,39300,weekly,2022-10-27T21:00:00.000,options,put
227,1666337520000,34.5,34.75,34.3,34.35,15075,716325,39300,weekly,2022-10-27T21:00:00.000,options,put
228,1666337580000,34.6,34.6,34.1,34.45,24150,716325,39300,weekly,2022-10-27T21:00:00.000,options,put
229,1666337640000,34.45,34.85,33.8,34.4,33100,716325,39300,weekly,2022-10-27T21:00:00.000,options,put
230,1666337700000,34.4,34.85,33.95,34.8,27225,714450,39300,weekly,2022-10-27T21:00:00.000,options,put
231,1666337760000,34.65,34.9,34.4,34.6,26750,714450,39300,weekly,2022-10-27T21:00:00.000,options,put
232,1666337820000,34.4,34.7,34.15,34.15,18850,714450,39300,weekly,2022-10-27T21:00:00.000,options,put
233,1666337880000,34.05,34.6,33.95,34.5,9400,701900,39300,weekly,2022-10-27T21:00:00.000,options,put
234,1666337940000,34.35,34.6,33.85,34.4,40150,701900,39300,weekly,2022-10-27T21:00:00.000,options,put
235,1666338000000,34.5,35.05,34.4,34.85,18525,701900,39300,weekly,2022-10-27T21:00:00.000,options,put
236,1666338060000,34.95,35.05,34.35,34.5,31650,693425,39300,weekly,2022-10-27T21:00:00.000,options,put
237,1666338120000,34.5,34.5,33.55,34.05,30175,693425,39300,weekly,2022-10-27T21:00:00.000,options,put
238,1666338180000,34.05,34.25,33.15,33.85,20300,693425,39300,weekly,2022-10-27T21:00:00.000,options,put
239,1666338240000,33.9,34.35,33.9,34.15,7375,716600,39300,weekly,2022-10-27T21:00:00.000,options,put
240,1666338300000,33.75,34.5,33.5,34.35,7275,716600,39300,weekly,2022-10-27T21:00:00.000,options,put
241,1666338360000,34.15,34.75,33.8,34.55,30750,716600,39300,weekly,2022-10-27T21:00:00.000,options,put
242,1666338420000,34.65,34.7,34.05,34.2,10075,716875,39300,weekly,2022-10-27T21:00:00.000,options,put
243,1666338480000,34.35,34.7,33.8,34.6,20475,716875,39300,weekly,2022-10-27T21:00:00.000,options,put
244,1666338540000,34.65,34.8,33.6,34.0,5500,716875,39300,weekly,2022-10-27T21:00:00.000,options,put
245,1666338600000,34.0,34.5,33.55,34.5,14975,712725,39300,weekly,2022-10-27T21:00:00.000,options,put
246,1666338660000,34.45,34.8,34.4,34.7,17525,712725,39300,weekly,2022-10-27T21:00:00.000,options,put
247,1666338720000,34.55,34.85,34.2,34.6,15975,712725,39300,weekly,2022-10-27T21:00:00.000,options,put
248,1666338780000,34.5,34.6,33.85,34.1,9425,730550,39300,weekly,2022-10-27T21:00:00.000,options,put
249,1666338840000,34.1,34.5,33.8,34.5,6875,730550,39300,weekly,2022-10-27T21:00:00.000,options,put
250,1666338900000,34.5,34.5,33.55,33.95,8475,730550,39300,weekly,2022-10-27T21:00:00.000,options,put
251,1666338960000,33.9,34.35,33.8,33.85,9700,733450,39300,weekly,2022-10-27T21:00:00.000,options,put
252,1666339020000,34.0,34.1,33.6,33.8,4100,733450,39300,weekly,2022-10-27T21:00:00.000,options,put
253,1666339080000,33.9,34.1,33.2,33.25,7725,733450,39300,weekly,2022-10-27T21:00:00.000,options,put
254,1666339140000,33.45,33.65,32.8,33.1,10375,731675,39300,weekly,2022-10-27T21:00:00.000,options,put
255,1666339200000,33.65,33.75,33.05,33.05,7475,731675,39300,weekly,2022-10-27T21:00:00.000,options,put
256,1666339260000,33.0,33.5,32.7,32.95,7950,731675,39300,weekly,2022-10-27T21:00:00.000,options,put
257,1666339320000,33.2,33.25,32.45,32.9,11025,731675,39300,weekly,2022-10-27T21:00:00.000,options,put
258,1666339380000,32.95,32.95,31.95,32.3,7975,730375,39300,weekly,2022-10-27T21:00:00.000,options,put
259,1666339440000,32.35,32.5,32.0,32.0,11575,730375,39300,weekly,2022-10-27T21:00:00.000,options,put
260,1666339500000,32.05,32.45,31.9,32.35,9950,731325,39300,weekly,2022-10-27T21:00:00.000,options,put
261,1666339560000,32.3,32.5,32.0,32.3,10675,731325,39300,weekly,2022-10-27T21:00:00.000,options,put
262,1666339620000,32.2,32.9,32.05,32.9,10225,731325,39300,weekly,2022-10-27T21:00:00.000,options,put
263,1666339680000,33.1,35.1,32.95,34.4,36100,731325,39300,weekly,2022-10-27T21:00:00.000,options,put
264,1666339740000,34.55,34.75,33.9,34.35,17700,731575,39300,weekly,2022-10-27T21:00:00.000,options,put
265,1666339800000,34.6,35.75,34.55,35.55,21150,731575,39300,weekly,2022-10-27T21:00:00.000,options,put
266,1666339860000,35.6,36.15,35.0,35.15,31400,731575,39300,weekly,2022-10-27T21:00:00.000,options,put
267,1666339920000,35.4,35.9,34.3,35.5,30025,734550,39300,weekly,2022-10-27T21:00:00.000,options,put
268,1666339980000,35.45,36.0,35.25,35.3,30025,734550,39300,weekly,2022-10-27T21:00:00.000,options,put
269,1666340040000,35.4,36.2,35.2,36.1,29400,734550,39300,weekly,2022-10-27T21:00:00.000,options,put
270,1666340100000,36.2,36.6,34.75,35.55,34175,734050,39300,weekly,2022-10-27T21:00:00.000,options,put
271,1666340160000,35.45,35.85,34.7,35.7,27075,734050,39300,weekly,2022-10-27T21:00:00.000,options,put
272,1666340220000,35.6,35.75,33.8,34.05,21475,734050,39300,weekly,2022-10-27T21:00:00.000,options,put
273,1666340280000,34.0,34.05,32.7,32.75,32250,720750,39300,weekly,2022-10-27T21:00:00.000,options,put
274,1666340340000,32.8,33.25,32.25,32.75,16575,720750,39300,weekly,2022-10-27T21:00:00.000,options,put
275,1666340400000,33.05,34.95,33.05,34.75,13125,720750,39300,weekly,2022-10-27T21:00:00.000,options,put
276,1666340460000,34.75,35.25,33.95,35.05,17850,707075,39300,weekly,2022-10-27T21:00:00.000,options,put
277,1666340520000,34.85,35.0,33.7,34.15,5825,707075,39300,weekly,2022-10-27T21:00:00.000,options,put
278,1666340580000,34.4,34.4,32.85,33.25,10675,707075,39300,weekly,2022-10-27T21:00:00.000,options,put
279,1666340640000,33.25,34.5,33.25,34.5,4125,704400,39300,weekly,2022-10-27T21:00:00.000,options,put
280,1666340700000,34.5,34.6,33.3,33.5,12250,704400,39300,weekly,2022-10-27T21:00:00.000,options,put
281,1666340760000,33.35,34.5,33.35,34.5,3700,704400,39300,weekly,2022-10-27T21:00:00.000,options,put
282,1666340820000,34.6,34.95,33.95,34.35,7225,709300,39300,weekly,2022-10-27T21:00:00.000,options,put
283,1666340880000,34.3,34.7,33.45,34.0,7100,709300,39300,weekly,2022-10-27T21:00:00.000,options,put
284,1666340940000,33.95,34.25,33.35,33.35,7175,709300,39300,weekly,2022-10-27T21:00:00.000,options,put
285,1666341000000,33.35,35.75,33.35,35.4,17775,710550,39300,weekly,2022-10-27T21:00:00.000,options,put
286,1666341060000,35.55,36.95,35.4,36.3,26950,710550,39300,weekly,2022-10-27T21:00:00.000,options,put
287,1666341120000,36.3,36.95,35.55,36.05,32375,710550,39300,weekly,2022-10-27T21:00:00.000,options,put
288,1666341180000,36.15,36.4,35.25,35.3,22050,718175,39300,weekly,2022-10-27T21:00:00.000,options,put
289,1666341240000,35.4,36.3,35.25,36.15,15650,718175,39300,weekly,2022-10-27T21:00:00.000,options,put
290,1666341300000,36.4,36.4,34.95,35.4,11775,718175,39300,weekly,2022-10-27T21:00:00.000,options,put
291,1666341360000,35.5,37.25,35.4,36.45,16375,720300,39300,weekly,2022-10-27T21:00:00.000,options,put
292,1666341420000,36.4,37.1,36.05,37.05,9225,720300,39300,weekly,2022-10-27T21:00:00.000,options,put
293,1666341480000,36.65,37.5,36.0,37.15,22100,720300,39300,weekly,2022-10-27T21:00:00.000,options,put
294,1666341540000,37.15,39.8,37.05,39.75,27900,717100,39300,weekly,2022-10-27T21:00:00.000,options,put
295,1666341600000,40.8,42.75,40.35,42.05,59300,717100,39300,weekly,2022-10-27T21:00:00.000,options,put
296,1666341660000,42.3,42.4,37.4,38.35,35250,717100,39300,weekly,2022-10-27T21:00:00.000,options,put
297,1666341720000,38.5,42.2,37.9,42.05,42050,704850,39300,weekly,2022-10-27T21:00:00.000,options,put
298,1666341780000,42.2,42.3,39.75,39.85,28625,704850,39300,weekly,2022-10-27T21:00:00.000,options,put
299,1666341840000,39.8,40.6,38.0,38.55,23350,704850,39300,weekly,2022-10-27T21:00:00.000,options,put
300,1666341900000,39.15,40.4,38.55,39.95,15575,693525,39300,weekly,2022-10-27T21:00:00.000,options,put
301,1666341960000,40.15,41.2,38.85,39.0,27400,693525,39300,weekly,2022-10-27T21:00:00.000,options,put
302,1666342020000,38.75,39.5,36.95,38.1,28700,693525,39300,weekly,2022-10-27T21:00:00.000,options,put
303,1666342080000,37.95,38.15,35.95,37.85,24400,696525,39300,weekly,2022-10-27T21:00:00.000,options,put
304,1666342140000,37.85,38.15,35.55,35.75,18975,696525,39300,weekly,2022-10-27T21:00:00.000,options,put
305,1666342200000,35.8,38.55,35.8,37.95,33900,696525,39300,weekly,2022-10-27T21:00:00.000,options,put
306,1666342260000,37.8,39.0,37.3,37.7,19900,704700,39300,weekly,2022-10-27T21:00:00.000,options,put
307,1666342320000,37.7,38.5,36.85,37.8,13775,704700,39300,weekly,2022-10-27T21:00:00.000,options,put
308,1666342380000,38.1,38.55,37.4,37.45,12200,704700,39300,weekly,2022-10-27T21:00:00.000,options,put
309,1666342440000,37.7,38.1,36.75,37.4,11125,714225,39300,weekly,2022-10-27T21:00:00.000,options,put
310,1666342500000,37.4,37.65,36.25,36.4,7425,714225,39300,weekly,2022-10-27T21:00:00.000,options,put
311,1666342560000,36.4,37.2,34.65,37.1,33700,714225,39300,weekly,2022-10-27T21:00:00.000,options,put
312,1666342620000,37.05,37.85,36.85,37.45,8775,717550,39300,weekly,2022-10-27T21:00:00.000,options,put
313,1666342680000,37.85,39.95,37.7,39.95,19175,717550,39300,weekly,2022-10-27T21:00:00.000,options,put
314,1666342740000,40.45,43.7,40.4,42.4,63625,717550,39300,weekly,2022-10-27T21:00:00.000,options,put
315,1666342800000,42.4,43.0,40.65,41.15,32200,688525,39300,weekly,2022-10-27T21:00:00.000,options,put
316,1666342860000,41.45,43.7,40.7,43.5,32225,688525,39300,weekly,2022-10-27T21:00:00.000,options,put
317,1666342920000,43.75,43.75,41.1,41.55,18650,688525,39300,weekly,2022-10-27T21:00:00.000,options,put
318,1666342980000,41.85,41.85,39.75,39.75,18975,687850,39300,weekly,2022-10-27T21:00:00.000,options,put
319,1666343040000,39.8,41.0,38.7,40.45,22700,687850,39300,weekly,2022-10-27T21:00:00.000,options,put
320,1666343100000,41.2,41.2,39.8,39.8,8575,687850,39300,weekly,2022-10-27T21:00:00.000,options,put
321,1666343160000,40.25,40.95,39.05,39.85,24075,686925,39300,weekly,2022-10-27T21:00:00.000,options,put
322,1666343220000,40.0,42.05,40.0,41.45,18625,686925,39300,weekly,2022-10-27T21:00:00.000,options,put
323,1666343280000,41.85,41.85,38.9,40.0,41000,686925,39300,weekly,2022-10-27T21:00:00.000,options,put
324,1666343340000,40.1,40.8,38.95,39.85,10400,666775,39300,weekly,2022-10-27T21:00:00.000,options,put
325,1666343400000,40.05,40.75,38.7,39.6,23100,666775,39300,weekly,2022-10-27T21:00:00.000,options,put
326,1666343460000,39.6,41.4,39.05,40.45,39725,666775,39300,weekly,2022-10-27T21:00:00.000,options,put
327,1666343520000,41.05,42.35,40.0,41.5,39525,622700,39300,weekly,2022-10-27T21:00:00.000,options,put
328,1666343580000,41.4,42.55,41.25,42.15,40425,622700,39300,weekly,2022-10-27T21:00:00.000,options,put
329,1666343640000,42.5,43.0,41.8,42.55,78525,622700,39300,weekly,2022-10-27T21:00:00.000,options,put
330,1666343700000,42.7,43.0,40.1,41.3,29225,583050,39300,weekly,2022-10-27T21:00:00.000,options,put
331,1666343760000,41.3,41.4,39.9,40.6,18250,583050,39300,weekly,2022-10-27T21:00:00.000,options,put
332,1666343820000,40.75,41.85,39.6,41.1,17000,583050,39300,weekly,2022-10-27T21:00:00.000,options,put
333,1666343880000,41.4,41.7,40.45,40.75,14550,569350,39300,weekly,2022-10-27T21:00:00.000,options,put
334,1666343940000,40.9,41.8,40.35,41.7,24575,569350,39300,weekly,2022-10-27T21:00:00.000,options,put
335,1666344000000,41.85,41.85,40.55,41.0,32700,569350,39300,weekly,2022-10-27T21:00:00.000,options,put
336,1666344060000,41.25,41.3,40.3,40.95,15100,589225,39300,weekly,2022-10-27T21:00:00.000,options,put
337,1666344120000,41.15,43.1,41.1,43.0,26200,589225,39300,weekly,2022-10-27T21:00:00.000,options,put
338,1666344180000,42.9,42.95,41.45,41.85,16750,589225,39300,weekly,2022-10-27T21:00:00.000,options,put
339,1666344240000,41.9,42.25,40.7,40.9,14825,581775,39300,weekly,2022-10-27T21:00:00.000,options,put
340,1666344300000,41.3,41.35,38.1,38.95,42775,581775,39300,weekly,2022-10-27T21:00:00.000,options,put
341,1666344360000,39.25,39.9,37.4,38.0,16725,581775,39300,weekly,2022-10-27T21:00:00.000,options,put
342,1666344420000,38.05,38.05,36.05,37.55,49075,560900,39300,weekly,2022-10-27T21:00:00.000,options,put
343,1666344480000,38.3,39.3,37.85,39.15,37950,560900,39300,weekly,2022-10-27T21:00:00.000,options,put
344,1666344540000,39.15,39.35,37.3,37.85,21300,560900,39300,weekly,2022-10-27T21:00:00.000,options,put
345,1666344600000,38.05,38.8,35.9,36.8,25150,521575,39300,weekly,2022-10-27T21:00:00.000,options,put
346,1666344660000,36.8,38.6,36.8,38.35,10725,521575,39300,weekly,2022-10-27T21:00:00.000,options,put
347,1666344720000,38.3,38.4,36.8,37.05,17075,521575,39300,weekly,2022-10-27T21:00:00.000,options,put
348,1666344780000,36.75,36.9,35.4,36.45,14925,524625,39300,weekly,2022-10-27T21:00:00.000,options,put
349,1666344840000,36.05,37.15,35.6,35.7,32975,524625,39300,weekly,2022-10-27T21:00:00.000,options,put
350,1666344900000,36.0,36.0,33.4,34.35,30425,524625,39300,weekly,2022-10-27T21:00:00.000,options,put
351,1666344960000,34.45,35.85,34.25,34.55,23500,516900,39300,weekly,2022-10-27T21:00:00.000,options,put
352,1666345020000,34.5,34.55,33.0,34.2,26750,516900,39300,weekly,2022-10-27T21:00:00.000,options,put
353,1666345080000,34.05,34.05,32.8,33.45,22750,516900,39300,weekly,2022-10-27T21:00:00.000,options,put
354,1666345140000,33.5,33.9,32.85,33.65,20450,517775,39300,weekly,2022-10-27T21:00:00.000,options,put
355,1666345200000,33.6,34.45,33.0,33.35,34550,517775,39300,weekly,2022-10-27T21:00:00.000,options,put
356,1666345260000,33.35,34.35,33.05,33.15,25050,517775,39300,weekly,2022-10-27T21:00:00.000,options,put
357,1666345320000,33.4,33.75,31.75,32.4,21425,522025,39300,weekly,2022-10-27T21:00:00.000,options,put
358,1666345380000,32.45,33.2,32.1,33.1,22925,522025,39300,weekly,2022-10-27T21:00:00.000,options,put
359,1666345440000,33.25,33.9,32.8,33.6,34900,522025,39300,weekly,2022-10-27T21:00:00.000,options,put
360,1666345500000,33.8,34.1,32.4,32.45,18625,535075,39300,weekly,2022-10-27T21:00:00.000,options,put
361,1666345560000,32.55,33.7,32.55,33.0,26450,535075,39300,weekly,2022-10-27T21:00:00.000,options,put
362,1666345620000,33.1,33.1,31.1,31.7,37800,535075,39300,weekly,2022-10-27T21:00:00.000,options,put
363,1666345680000,31.65,32.25,29.9,31.0,49275,548700,39300,weekly,2022-10-27T21:00:00.000,options,put
364,1666345740000,30.95,32.0,30.3,31.05,53975,548700,39300,weekly,2022-10-27T21:00:00.000,options,put
365,1666345800000,30.9,32.45,30.6,31.4,33100,548700,39300,weekly,2022-10-27T21:00:00.000,options,put
366,1666345860000,31.45,32.2,30.65,30.7,21225,539625,39300,weekly,2022-10-27T21:00:00.000,options,put
367,1666345920000,30.75,31.0,29.15,30.0,53850,539625,39300,weekly,2022-10-27T21:00:00.000,options,put
368,1666345980000,29.95,31.45,29.95,30.5,54625,539625,39300,weekly,2022-10-27T21:00:00.000,options,put
369,1666346040000,30.95,31.2,30.0,30.35,54450,528700,39300,weekly,2022-10-27T21:00:00.000,options,put
370,1666346100000,30.45,31.7,26.8,29.95,74575,528700,39300,weekly,2022-10-27T21:00:00.000,options,put
371,1666346160000,29.9,30.05,29.15,29.6,61325,528700,39300,weekly,2022-10-27T21:00:00.000,options,put
372,1666346220000,29.6,30.3,29.5,30.1,56275,505650,39300,weekly,2022-10-27T21:00:00.000,options,put
373,1666346280000,30.65,30.65,29.2,29.55,32675,505650,39300,weekly,2022-10-27T21:00:00.000,options,put
374,1666346340000,29.5,30.05,26.5,30.0,54100,505650,39300,weekly,2022-10-27T21:00:00.000,options,put
