,timestamp,open,high,low,close,volume,open_interest,strike,expiry_type,expiry,instrument,contract_type
0,1590119040000,179.95,179.95,101.15,168.2,15600,,18200,weekly,2020-5-28T21:00:00.000,options,call
1,1590119100000,167.8,182.45,165.45,179.2,16840,,18200,weekly,2020-5-28T21:00:00.000,options,call
2,1590119160000,180.1,191.45,179.2,185.0,9740,,18200,weekly,2020-5-28T21:00:00.000,options,call
3,1590119220000,185.75,188.0,179.5,188.0,10340,,18200,weekly,2020-5-28T21:00:00.000,options,call
4,1590119280000,188.15,204.0,187.85,198.7,12240,,18200,weekly,2020-5-28T21:00:00.000,options,call
5,1590119340000,198.8,200.0,192.2,194.55,8820,,18200,weekly,2020-5-28T21:00:00.000,options,call
6,1590119400000,194.0,210.1,192.95,207.0,6480,,18200,weekly,2020-5-28T21:00:00.000,options,call
7,1590119460000,205.85,215.75,202.1,214.75,12380,,18200,weekly,2020-5-28T21:00:00.000,options,call
8,1590119520000,215.35,228.85,213.45,223.0,28720,,18200,weekly,2020-5-28T21:00:00.000,options,call
9,1590119580000,223.95,227.4,219.2,221.25,15180,,18200,weekly,2020-5-28T21:00:00.000,options,call
10,1590119640000,218.85,223.2,215.25,215.25,11260,,18200,weekly,2020-5-28T21:00:00.000,options,call
11,1590119700000,214.9,221.95,213.0,220.4,6620,,18200,weekly,2020-5-28T21:00:00.000,options,call
12,1590119760000,221.35,242.3,220.1,232.0,12760,,18200,weekly,2020-5-28T21:00:00.000,options,call
13,1590119820000,232.75,238.3,229.8,238.0,8460,,18200,weekly,2020-5-28T21:00:00.000,options,call
14,1590119880000,234.75,261.1,233.0,261.1,16000,,18200,weekly,2020-5-28T21:00:00.000,options,call
15,1590119940000,262.5,269.05,249.15,257.7,19460,,18200,weekly,2020-5-28T21:00:00.000,options,call
16,1590120000000,258.25,260.85,248.15,255.3,9080,,18200,weekly,2020-5-28T21:00:00.000,options,call
17,1590120060000,256.55,262.9,241.3,244.15,10640,,18200,weekly,2020-5-28T21:00:00.000,options,call
18,1590120120000,246.0,260.45,246.0,256.8,6080,,18200,weekly,2020-5-28T21:00:00.000,options,call
19,1590120180000,260.0,261.95,254.8,257.0,6280,,18200,weekly,2020-5-28T21:00:00.000,options,call
20,1590120240000,258.7,291.15,258.5,283.25,19900,,18200,weekly,2020-5-28T21:00:00.000,options,call
21,1590120300000,283.25,287.2,277.4,283.35,11320,,18200,weekly,2020-5-28T21:00:00.000,options,call
22,1590120360000,280.6,283.95,274.9,276.55,9080,,18200,weekly,2020-5-28T21:00:00.000,options,call
23,1590120420000,275.0,275.0,256.15,265.75,16360,,18200,weekly,2020-5-28T21:00:00.000,options,call
24,1590120480000,262.3,266.8,262.3,264.0,3520,,18200,weekly,2020-5-28T21:00:00.000,options,call
25,1590120540000,266.0,278.0,266.0,271.55,5540,,18200,weekly,2020-5-28T21:00:00.000,options,call
26,1590120600000,274.1,274.1,265.75,267.75,5900,,18200,weekly,2020-5-28T21:00:00.000,options,call
27,1590120660000,267.45,276.0,266.6,273.9,4200,,18200,weekly,2020-5-28T21:00:00.000,options,call
28,1590120720000,275.75,280.0,270.95,270.95,5520,,18200,weekly,2020-5-28T21:00:00.000,options,call
29,1590120780000,272.0,272.8,258.05,259.95,11660,,18200,weekly,2020-5-28T21:00:00.000,options,call
30,1590120840000,260.0,260.65,239.35,245.95,12780,,18200,weekly,2020-5-28T21:00:00.000,options,call
31,1590120900000,247.15,252.05,241.7,241.7,5560,,18200,weekly,2020-5-28T21:00:00.000,options,call
32,1590120960000,242.1,252.0,240.5,252.0,5440,,18200,weekly,2020-5-28T21:00:00.000,options,call
33,1590121020000,251.85,266.35,250.65,266.35,4840,,18200,weekly,2020-5-28T21:00:00.000,options,call
34,1590121080000,266.0,270.8,265.65,268.0,6000,,18200,weekly,2020-5-28T21:00:00.000,options,call
35,1590121140000,269.7,270.15,260.0,260.55,3300,,18200,weekly,2020-5-28T21:00:00.000,options,call
36,1590121200000,260.45,261.65,252.0,253.55,11300,,18200,weekly,2020-5-28T21:00:00.000,options,call
37,1590121260000,253.35,266.05,253.35,264.2,19500,,18200,weekly,2020-5-28T21:00:00.000,options,call
38,1590121320000,264.2,264.9,256.9,257.6,1720,,18200,weekly,2020-5-28T21:00:00.000,options,call
39,1590121380000,258.45,264.55,257.55,264.0,6340,,18200,weekly,2020-5-28T21:00:00.000,options,call
40,1590121440000,263.85,266.05,258.15,259.2,7740,,18200,weekly,2020-5-28T21:00:00.000,options,call
41,1590121500000,259.2,262.95,252.0,255.0,2400,,18200,weekly,2020-5-28T21:00:00.000,options,call
42,1590121560000,255.0,262.8,252.25,260.85,2720,,18200,weekly,2020-5-28T21:00:00.000,options,call
43,1590121620000,262.1,263.9,260.0,261.75,4680,,18200,weekly,2020-5-28T21:00:00.000,options,call
44,1590121680000,261.8,262.8,258.9,260.0,4740,,18200,weekly,2020-5-28T21:00:00.000,options,call
45,1590121740000,260.0,260.0,254.65,257.25,7600,,18200,weekly,2020-5-28T21:00:00.000,options,call
46,1590121800000,258.1,259.55,256.0,256.9,2040,,18200,weekly,2020-5-28T21:00:00.000,options,call
47,1590121860000,255.5,263.55,253.0,262.0,4060,,18200,weekly,2020-5-28T21:00:00.000,options,call
48,1590121920000,262.0,317.7,262.0,293.9,36180,,18200,weekly,2020-5-28T21:00:00.000,options,call
49,1590121980000,293.9,313.25,287.4,309.0,16200,,18200,weekly,2020-5-28T21:00:00.000,options,call
50,1590122040000,310.0,342.25,304.3,316.9,28980,,18200,weekly,2020-5-28T21:00:00.000,options,call
51,1590122100000,317.8,317.8,208.05,242.0,34140,,18200,weekly,2020-5-28T21:00:00.000,options,call
52,1590122160000,247.05,255.55,215.05,224.2,14980,,18200,weekly,2020-5-28T21:00:00.000,options,call
53,1590122220000,226.35,239.4,225.0,230.85,12340,,18200,weekly,2020-5-28T21:00:00.000,options,call
54,1590122280000,227.25,253.55,226.05,245.95,10920,,18200,weekly,2020-5-28T21:00:00.000,options,call
55,1590122340000,245.55,245.55,207.45,212.7,19560,,18200,weekly,2020-5-28T21:00:00.000,options,call
56,1590122400000,210.75,223.3,205.95,218.5,10100,,18200,weekly,2020-5-28T21:00:00.000,options,call
57,1590122460000,216.5,220.45,206.95,219.95,9620,,18200,weekly,2020-5-28T21:00:00.000,options,call
58,1590122520000,219.95,220.2,212.2,216.0,5120,,18200,weekly,2020-5-28T21:00:00.000,options,call
59,1590122580000,214.7,216.55,197.45,205.4,14540,,18200,weekly,2020-5-28T21:00:00.000,options,call
60,1590122640000,207.2,207.2,188.2,194.4,12940,,18200,weekly,2020-5-28T21:00:00.000,options,call
61,1590122700000,195.0,211.7,194.0,194.1,7540,,18200,weekly,2020-5-28T21:00:00.000,options,call
62,1590122760000,193.1,204.2,189.0,200.5,8360,,18200,weekly,2020-5-28T21:00:00.000,options,call
63,1590122820000,195.05,211.0,191.4,208.65,7240,,18200,weekly,2020-5-28T21:00:00.000,options,call
64,1590122880000,209.95,236.3,208.55,216.65,18200,,18200,weekly,2020-5-28T21:00:00.000,options,call
65,1590122940000,214.5,231.05,214.45,225.0,7280,,18200,weekly,2020-5-28T21:00:00.000,options,call
66,1590123000000,223.5,225.0,206.2,213.2,8100,,18200,weekly,2020-5-28T21:00:00.000,options,call
67,1590123060000,215.3,222.3,215.15,220.0,5420,,18200,weekly,2020-5-28T21:00:00.000,options,call
68,1590123120000,221.0,221.0,200.45,201.0,5600,,18200,weekly,2020-5-28T21:00:00.000,options,call
69,1590123180000,200.9,205.6,193.85,205.15,5440,,18200,weekly,2020-5-28T21:00:00.000,options,call
70,1590123240000,204.6,219.0,199.6,210.05,7800,,18200,weekly,2020-5-28T21:00:00.000,options,call
71,1590123300000,209.9,211.7,182.75,182.75,15840,,18200,weekly,2020-5-28T21:00:00.000,options,call
72,1590123360000,181.45,183.8,171.6,175.05,14660,,18200,weekly,2020-5-28T21:00:00.000,options,call
73,1590123420000,175.25,183.0,174.0,175.0,5560,,18200,weekly,2020-5-28T21:00:00.000,options,call
74,1590123480000,174.4,174.4,161.35,168.3,14920,,18200,weekly,2020-5-28T21:00:00.000,options,call
75,1590123540000,169.25,169.25,141.0,144.1,33220,,18200,weekly,2020-5-28T21:00:00.000,options,call
76,1590123600000,145.0,148.4,132.0,136.1,25440,,18200,weekly,2020-5-28T21:00:00.000,options,call
77,1590123660000,139.8,149.25,137.4,141.65,21660,,18200,weekly,2020-5-28T21:00:00.000,options,call
78,1590123720000,141.25,142.05,132.4,138.75,15140,,18200,weekly,2020-5-28T21:00:00.000,options,call
79,1590123780000,138.65,146.4,138.65,144.25,6340,,18200,weekly,2020-5-28T21:00:00.000,options,call
80,1590123840000,144.85,144.85,137.0,140.7,7260,,18200,weekly,2020-5-28T21:00:00.000,options,call
81,1590123900000,141.35,141.95,122.7,122.8,15760,,18200,weekly,2020-5-28T21:00:00.000,options,call
82,1590123960000,121.85,128.2,119.8,126.7,22960,,18200,weekly,2020-5-28T21:00:00.000,options,call
83,1590124020000,126.7,128.75,121.95,121.95,22440,,18200,weekly,2020-5-28T21:00:00.000,options,call
84,1590124080000,121.85,123.35,111.4,115.35,19560,,18200,weekly,2020-5-28T21:00:00.000,options,call
85,1590124140000,115.5,120.0,111.35,112.5,12640,,18200,weekly,2020-5-28T21:00:00.000,options,call
86,1590124200000,112.5,123.0,110.0,119.4,16240,,18200,weekly,2020-5-28T21:00:00.000,options,call
87,1590124260000,119.0,128.4,117.85,128.25,7600,,18200,weekly,2020-5-28T21:00:00.000,options,call
88,1590124320000,128.3,129.0,124.2,125.2,10920,,18200,weekly,2020-5-28T21:00:00.000,options,call
89,1590124380000,125.2,136.3,125.2,134.95,15140,,18200,weekly,2020-5-28T21:00:00.000,options,call
90,1590124440000,135.2,135.45,129.75,134.45,7840,,18200,weekly,2020-5-28T21:00:00.000,options,call
91,1590124500000,134.3,145.3,133.6,135.0,21100,,18200,weekly,2020-5-28T21:00:00.000,options,call
92,1590124560000,133.7,135.75,130.0,133.95,7200,,18200,weekly,2020-5-28T21:00:00.000,options,call
93,1590124620000,133.95,140.8,133.35,137.25,6260,,18200,weekly,2020-5-28T21:00:00.000,options,call
94,1590124680000,137.25,137.25,127.05,127.3,11640,,18200,weekly,2020-5-28T21:00:00.000,options,call
95,1590124740000,127.05,128.6,116.1,117.8,8220,,18200,weekly,2020-5-28T21:00:00.000,options,call
96,1590124800000,117.8,122.15,114.7,122.05,10960,,18200,weekly,2020-5-28T21:00:00.000,options,call
97,1590124860000,121.5,123.0,116.05,119.2,3080,,18200,weekly,2020-5-28T21:00:00.000,options,call
98,1590124920000,119.2,124.25,118.6,124.25,2740,,18200,weekly,2020-5-28T21:00:00.000,options,call
99,1590124980000,125.0,125.25,118.0,118.0,6240,,18200,weekly,2020-5-28T21:00:00.000,options,call
100,1590125040000,117.75,118.6,111.85,117.55,5500,,18200,weekly,2020-5-28T21:00:00.000,options,call
101,1590125100000,117.55,121.5,115.3,118.8,6820,,18200,weekly,2020-5-28T21:00:00.000,options,call
102,1590125160000,118.05,121.2,112.05,114.45,5640,,18200,weekly,2020-5-28T21:00:00.000,options,call
103,1590125220000,114.8,119.25,113.6,118.35,5000,,18200,weekly,2020-5-28T21:00:00.000,options,call
104,1590125280000,118.4,119.35,114.75,114.75,3560,,18200,weekly,2020-5-28T21:00:00.000,options,call
105,1590125340000,114.8,115.0,108.85,114.0,10980,,18200,weekly,2020-5-28T21:00:00.000,options,call
106,1590125400000,113.25,119.45,112.0,116.05,3140,,18200,weekly,2020-5-28T21:00:00.000,options,call
107,1590125460000,117.4,120.0,116.0,117.3,4820,,18200,weekly,2020-5-28T21:00:00.000,options,call
108,1590125520000,117.25,117.8,111.45,111.45,6120,,18200,weekly,2020-5-28T21:00:00.000,options,call
109,1590125580000,111.0,112.6,107.5,112.6,3480,,18200,weekly,2020-5-28T21:00:00.000,options,call
110,1590125640000,112.85,116.4,110.95,114.5,6860,,18200,weekly,2020-5-28T21:00:00.000,options,call
111,1590125700000,114.5,120.05,114.5,117.85,6420,,18200,weekly,2020-5-28T21:00:00.000,options,call
112,1590125760000,117.85,119.0,116.15,118.1,3440,,18200,weekly,2020-5-28T21:00:00.000,options,call
113,1590125820000,119.0,122.1,118.0,120.55,2980,,18200,weekly,2020-5-28T21:00:00.000,options,call
114,1590125880000,121.25,124.55,118.8,120.75,5900,,18200,weekly,2020-5-28T21:00:00.000,options,call
115,1590125940000,121.0,121.0,116.9,119.05,5480,,18200,weekly,2020-5-28T21:00:00.000,options,call
116,1590126000000,119.05,127.0,118.5,121.6,6880,,18200,weekly,2020-5-28T21:00:00.000,options,call
117,1590126060000,121.6,130.65,121.6,128.5,6520,,18200,weekly,2020-5-28T21:00:00.000,options,call
118,1590126120000,128.45,132.5,125.2,127.75,8320,,18200,weekly,2020-5-28T21:00:00.000,options,call
119,1590126180000,128.05,130.8,125.7,127.65,7580,,18200,weekly,2020-5-28T21:00:00.000,options,call
120,1590126240000,127.95,134.5,127.95,130.7,11720,,18200,weekly,2020-5-28T21:00:00.000,options,call
121,1590126300000,130.7,135.15,129.45,129.9,7180,,18200,weekly,2020-5-28T21:00:00.000,options,call
122,1590126360000,128.0,130.0,124.25,125.1,5480,,18200,weekly,2020-5-28T21:00:00.000,options,call
123,1590126420000,125.8,133.65,125.8,131.7,3680,,18200,weekly,2020-5-28T21:00:00.000,options,call
124,1590126480000,131.7,135.7,129.0,130.6,5400,,18200,weekly,2020-5-28T21:00:00.000,options,call
125,1590126540000,131.25,136.0,130.25,135.75,6420,,18200,weekly,2020-5-28T21:00:00.000,options,call
126,1590126600000,135.75,138.1,131.05,131.65,7620,,18200,weekly,2020-5-28T21:00:00.000,options,call
127,1590126660000,131.25,132.15,123.6,125.0,7200,,18200,weekly,2020-5-28T21:00:00.000,options,call
128,1590126720000,125.0,127.5,123.75,124.45,5180,,18200,weekly,2020-5-28T21:00:00.000,options,call
129,1590126780000,124.85,126.0,121.5,122.55,4160,,18200,weekly,2020-5-28T21:00:00.000,options,call
130,1590126840000,121.35,124.55,117.7,117.7,6620,,18200,weekly,2020-5-28T21:00:00.000,options,call
131,1590126900000,117.65,118.95,115.0,118.75,8940,,18200,weekly,2020-5-28T21:00:00.000,options,call
132,1590126960000,119.75,121.25,116.5,119.0,5080,,18200,weekly,2020-5-28T21:00:00.000,options,call
133,1590127020000,119.0,122.05,118.0,121.75,1560,,18200,weekly,2020-5-28T21:00:00.000,options,call
134,1590127080000,121.5,128.05,120.3,125.35,5680,,18200,weekly,2020-5-28T21:00:00.000,options,call
135,1590127140000,125.5,132.3,124.9,131.25,7220,,18200,weekly,2020-5-28T21:00:00.000,options,call
136,1590127200000,130.8,133.3,129.4,131.3,6460,,18200,weekly,2020-5-28T21:00:00.000,options,call
137,1590127260000,131.15,131.15,127.25,127.7,3720,,18200,weekly,2020-5-28T21:00:00.000,options,call
138,1590127320000,127.7,130.2,123.75,124.6,4580,,18200,weekly,2020-5-28T21:00:00.000,options,call
139,1590127380000,124.6,128.75,121.8,127.8,3120,,18200,weekly,2020-5-28T21:00:00.000,options,call
140,1590127440000,127.15,131.8,127.1,129.85,3500,,18200,weekly,2020-5-28T21:00:00.000,options,call
141,1590127500000,129.45,132.15,128.9,130.3,6680,,18200,weekly,2020-5-28T21:00:00.000,options,call
142,1590127560000,131.0,138.2,131.0,137.6,8460,,18200,weekly,2020-5-28T21:00:00.000,options,call
143,1590127620000,136.6,136.95,128.75,131.85,4800,,18200,weekly,2020-5-28T21:00:00.000,options,call
144,1590127680000,131.95,134.85,130.0,131.25,2780,,18200,weekly,2020-5-28T21:00:00.000,options,call
145,1590127740000,131.25,132.05,126.6,128.1,4220,,18200,weekly,2020-5-28T21:00:00.000,options,call
146,1590127800000,127.3,131.8,127.3,130.0,2500,,18200,weekly,2020-5-28T21:00:00.000,options,call
147,1590127860000,130.0,133.05,128.3,128.55,1780,,18200,weekly,2020-5-28T21:00:00.000,options,call
148,1590127920000,128.75,129.25,126.5,127.6,4180,,18200,weekly,2020-5-28T21:00:00.000,options,call
149,1590127980000,127.85,131.75,127.4,130.85,2380,,18200,weekly,2020-5-28T21:00:00.000,options,call
150,1590128040000,130.0,133.9,129.3,130.1,4200,,18200,weekly,2020-5-28T21:00:00.000,options,call
151,1590128100000,130.45,130.75,123.0,123.0,2700,,18200,weekly,2020-5-28T21:00:00.000,options,call
152,1590128160000,123.8,126.0,120.0,125.65,2980,,18200,weekly,2020-5-28T21:00:00.000,options,call
153,1590128220000,125.0,125.0,120.7,121.3,2400,,18200,weekly,2020-5-28T21:00:00.000,options,call
154,1590128280000,121.4,121.65,116.05,116.45,5400,,18200,weekly,2020-5-28T21:00:00.000,options,call
155,1590128340000,116.65,119.85,115.1,119.05,2480,,18200,weekly,2020-5-28T21:00:00.000,options,call
156,1590128400000,119.05,120.75,118.4,119.0,1200,,18200,weekly,2020-5-28T21:00:00.000,options,call
157,1590128460000,119.0,119.25,117.15,117.7,1800,,18200,weekly,2020-5-28T21:00:00.000,options,call
158,1590128520000,117.4,118.75,115.5,117.55,1640,,18200,weekly,2020-5-28T21:00:00.000,options,call
159,1590128580000,117.55,121.55,117.55,120.85,3320,,18200,weekly,2020-5-28T21:00:00.000,options,call
160,1590128640000,120.85,121.05,118.65,119.4,460,,18200,weekly,2020-5-28T21:00:00.000,options,call
161,1590128700000,119.8,121.4,119.2,120.65,1800,,18200,weekly,2020-5-28T21:00:00.000,options,call
162,1590128760000,120.65,124.65,120.65,123.5,2940,,18200,weekly,2020-5-28T21:00:00.000,options,call
163,1590128820000,123.5,125.75,121.6,121.6,2240,,18200,weekly,2020-5-28T21:00:00.000,options,call
164,1590128880000,119.7,120.9,118.7,118.7,1260,,18200,weekly,2020-5-28T21:00:00.000,options,call
165,1590128940000,117.15,117.55,112.0,113.1,5560,,18200,weekly,2020-5-28T21:00:00.000,options,call
166,1590129000000,113.9,114.75,109.35,109.35,6080,,18200,weekly,2020-5-28T21:00:00.000,options,call
167,1590129060000,109.35,113.8,109.25,113.4,6320,,18200,weekly,2020-5-28T21:00:00.000,options,call
168,1590129120000,113.4,114.7,111.6,112.3,4240,,18200,weekly,2020-5-28T21:00:00.000,options,call
169,1590129180000,114.25,115.2,112.95,114.3,3320,,18200,weekly,2020-5-28T21:00:00.000,options,call
170,1590129240000,114.4,114.4,111.7,111.7,3040,,18200,weekly,2020-5-28T21:00:00.000,options,call
171,1590129300000,112.8,114.25,112.35,114.1,1760,,18200,weekly,2020-5-28T21:00:00.000,options,call
172,1590129360000,114.1,116.85,114.1,114.9,5320,,18200,weekly,2020-5-28T21:00:00.000,options,call
173,1590129420000,115.1,118.5,115.1,118.25,2340,,18200,weekly,2020-5-28T21:00:00.000,options,call
174,1590129480000,118.25,119.8,118.1,118.65,1440,,18200,weekly,2020-5-28T21:00:00.000,options,call
175,1590129540000,118.0,118.15,113.95,114.15,1860,,18200,weekly,2020-5-28T21:00:00.000,options,call
176,1590129600000,114.0,115.0,112.1,113.6,2960,,18200,weekly,2020-5-28T21:00:00.000,options,call
177,1590129660000,113.6,115.5,112.5,115.25,500,,18200,weekly,2020-5-28T21:00:00.000,options,call
178,1590129720000,114.55,117.95,114.1,114.4,2880,,18200,weekly,2020-5-28T21:00:00.000,options,call
179,1590129780000,114.35,118.35,114.35,117.0,1100,,18200,weekly,2020-5-28T21:00:00.000,options,call
180,1590129840000,116.3,118.7,114.3,117.65,2500,,18200,weekly,2020-5-28T21:00:00.000,options,call
181,1590129900000,119.8,122.1,118.95,121.3,4720,,18200,weekly,2020-5-28T21:00:00.000,options,call
182,1590129960000,121.4,122.75,120.5,121.25,2840,,18200,weekly,2020-5-28T21:00:00.000,options,call
183,1590130020000,121.25,123.0,119.8,122.6,4740,,18200,weekly,2020-5-28T21:00:00.000,options,call
184,1590130080000,122.75,122.75,119.5,120.45,4080,,18200,weekly,2020-5-28T21:00:00.000,options,call
185,1590130140000,120.45,123.8,120.0,122.0,1700,,18200,weekly,2020-5-28T21:00:00.000,options,call
186,1590130200000,122.4,123.55,120.0,123.3,2580,,18200,weekly,2020-5-28T21:00:00.000,options,call
187,1590130260000,123.6,123.6,120.0,121.45,2560,,18200,weekly,2020-5-28T21:00:00.000,options,call
188,1590130320000,121.7,121.7,117.1,118.5,2160,,18200,weekly,2020-5-28T21:00:00.000,options,call
189,1590130380000,118.5,119.6,116.35,117.3,1600,,18200,weekly,2020-5-28T21:00:00.000,options,call
190,1590130440000,117.0,119.05,115.9,119.05,1540,,18200,weekly,2020-5-28T21:00:00.000,options,call
191,1590130500000,118.05,121.0,117.6,120.2,1220,,18200,weekly,2020-5-28T21:00:00.000,options,call
192,1590130560000,121.1,123.95,120.3,121.2,2760,,18200,weekly,2020-5-28T21:00:00.000,options,call
193,1590130620000,121.2,121.65,117.15,117.15,1240,,18200,weekly,2020-5-28T21:00:00.000,options,call
194,1590130680000,116.55,119.8,116.1,117.6,1500,,18200,weekly,2020-5-28T21:00:00.000,options,call
195,1590130740000,117.6,118.7,114.55,116.9,3500,,18200,weekly,2020-5-28T21:00:00.000,options,call
196,1590130800000,117.05,121.35,117.05,117.55,4120,,18200,weekly,2020-5-28T21:00:00.000,options,call
197,1590130860000,118.55,118.55,115.7,117.55,1560,,18200,weekly,2020-5-28T21:00:00.000,options,call
198,1590130920000,117.6,120.45,116.2,117.7,2240,,18200,weekly,2020-5-28T21:00:00.000,options,call
199,1590130980000,117.7,117.7,112.0,114.1,5740,,18200,weekly,2020-5-28T21:00:00.000,options,call
200,1590131040000,115.0,115.65,112.3,114.3,2000,,18200,weekly,2020-5-28T21:00:00.000,options,call
201,1590131100000,114.3,116.8,113.0,116.4,2280,,18200,weekly,2020-5-28T21:00:00.000,options,call
202,1590131160000,117.05,118.15,115.65,116.55,1000,,18200,weekly,2020-5-28T21:00:00.000,options,call
203,1590131220000,116.55,118.0,115.4,118.0,640,,18200,weekly,2020-5-28T21:00:00.000,options,call
204,1590131280000,118.3,120.0,117.0,118.2,2980,,18200,weekly,2020-5-28T21:00:00.000,options,call
205,1590131340000,118.2,119.2,115.5,116.65,1440,,18200,weekly,2020-5-28T21:00:00.000,options,call
206,1590131400000,116.5,116.5,111.2,111.7,4900,,18200,weekly,2020-5-28T21:00:00.000,options,call
207,1590131460000,111.5,113.45,110.1,112.1,3140,,18200,weekly,2020-5-28T21:00:00.000,options,call
208,1590131520000,112.1,113.5,111.5,112.2,1400,,18200,weekly,2020-5-28T21:00:00.000,options,call
209,1590131580000,112.2,114.25,112.1,114.25,760,,18200,weekly,2020-5-28T21:00:00.000,options,call
210,1590131640000,112.2,112.2,100.0,104.65,11420,,18200,weekly,2020-5-28T21:00:00.000,options,call
211,1590131700000,104.65,106.9,104.65,105.8,3520,,18200,weekly,2020-5-28T21:00:00.000,options,call
212,1590131760000,106.55,108.35,105.8,107.5,3980,,18200,weekly,2020-5-28T21:00:00.000,options,call
213,1590131820000,108.0,111.4,108.0,111.15,2380,,18200,weekly,2020-5-28T21:00:00.000,options,call
214,1590131880000,110.5,113.35,109.5,110.15,4200,,18200,weekly,2020-5-28T21:00:00.000,options,call
215,1590131940000,109.8,112.25,109.3,110.4,1980,,18200,weekly,2020-5-28T21:00:00.000,options,call
216,1590132000000,110.05,110.4,107.2,108.4,3760,,18200,weekly,2020-5-28T21:00:00.000,options,call
217,1590132060000,108.2,109.0,106.9,107.2,1780,,18200,weekly,2020-5-28T21:00:00.000,options,call
218,1590132120000,107.15,110.2,106.15,109.0,2360,,18200,weekly,2020-5-28T21:00:00.000,options,call
219,1590132180000,109.5,113.75,108.7,112.25,1560,,18200,weekly,2020-5-28T21:00:00.000,options,call
220,1590132240000,112.15,112.15,109.9,109.9,9020,,18200,weekly,2020-5-28T21:00:00.000,options,call
221,1590132300000,109.75,109.75,106.0,106.55,2160,,18200,weekly,2020-5-28T21:00:00.000,options,call
222,1590132360000,106.0,111.0,106.0,111.0,5260,,18200,weekly,2020-5-28T21:00:00.000,options,call
223,1590132420000,111.4,119.7,111.35,116.8,7140,,18200,weekly,2020-5-28T21:00:00.000,options,call
224,1590132480000,117.2,118.0,115.25,115.25,3360,,18200,weekly,2020-5-28T21:00:00.000,options,call
225,1590132540000,115.25,121.75,115.25,119.9,9880,,18200,weekly,2020-5-28T21:00:00.000,options,call
226,1590132600000,119.25,121.45,117.6,119.45,4200,,18200,weekly,2020-5-28T21:00:00.000,options,call
227,1590132660000,119.45,119.5,115.3,119.15,5220,,18200,weekly,2020-5-28T21:00:00.000,options,call
228,1590132720000,119.25,119.95,114.8,115.25,2400,,18200,weekly,2020-5-28T21:00:00.000,options,call
229,1590132780000,115.0,115.2,111.55,112.55,3520,,18200,weekly,2020-5-28T21:00:00.000,options,call
230,1590132840000,112.6,114.0,111.05,111.05,1540,,18200,weekly,2020-5-28T21:00:00.000,options,call
231,1590132900000,111.05,115.85,111.05,112.4,1140,,18200,weekly,2020-5-28T21:00:00.000,options,call
232,1590132960000,112.05,112.9,110.1,111.85,1720,,18200,weekly,2020-5-28T21:00:00.000,options,call
233,1590133020000,111.95,111.95,107.0,108.15,3340,,18200,weekly,2020-5-28T21:00:00.000,options,call
234,1590133080000,107.3,108.0,105.4,107.95,2500,,18200,weekly,2020-5-28T21:00:00.000,options,call
235,1590133140000,108.65,112.0,107.65,110.9,3400,,18200,weekly,2020-5-28T21:00:00.000,options,call
236,1590133200000,111.3,111.55,108.35,108.45,3180,,18200,weekly,2020-5-28T21:00:00.000,options,call
237,1590133260000,108.3,110.9,108.0,110.3,1420,,18200,weekly,2020-5-28T21:00:00.000,options,call
238,1590133320000,109.6,110.25,103.75,103.95,3080,,18200,weekly,2020-5-28T21:00:00.000,options,call
239,1590133380000,103.75,107.95,103.75,107.0,3080,,18200,weekly,2020-5-28T21:00:00.000,options,call
240,1590133440000,107.0,109.0,105.75,109.0,3080,,18200,weekly,2020-5-28T21:00:00.000,options,call
241,1590133500000,109.1,113.15,108.6,111.5,9480,,18200,weekly,2020-5-28T21:00:00.000,options,call
242,1590133560000,111.0,111.85,108.6,109.0,2580,,18200,weekly,2020-5-28T21:00:00.000,options,call
243,1590133620000,108.6,108.65,102.3,102.3,4420,,18200,weekly,2020-5-28T21:00:00.000,options,call
244,1590133680000,101.3,104.0,97.65,102.15,10600,,18200,weekly,2020-5-28T21:00:00.000,options,call
245,1590133740000,102.15,104.7,101.75,104.2,4240,,18200,weekly,2020-5-28T21:00:00.000,options,call
246,1590133800000,103.45,105.5,102.35,104.0,6140,,18200,weekly,2020-5-28T21:00:00.000,options,call
247,1590133860000,103.5,105.8,103.0,104.0,2560,,18200,weekly,2020-5-28T21:00:00.000,options,call
248,1590133920000,104.1,105.3,102.05,102.1,3900,,18200,weekly,2020-5-28T21:00:00.000,options,call
249,1590133980000,102.1,102.1,94.35,98.85,8080,,18200,weekly,2020-5-28T21:00:00.000,options,call
250,1590134040000,100.3,100.3,94.7,94.75,3560,,18200,weekly,2020-5-28T21:00:00.000,options,call
251,1590134100000,94.0,95.5,92.25,94.2,8900,,18200,weekly,2020-5-28T21:00:00.000,options,call
252,1590134160000,94.95,99.0,94.5,97.45,4260,,18200,weekly,2020-5-28T21:00:00.000,options,call
253,1590134220000,97.1,97.85,94.6,96.65,2180,,18200,weekly,2020-5-28T21:00:00.000,options,call
254,1590134280000,96.35,99.75,96.35,99.05,4040,,18200,weekly,2020-5-28T21:00:00.000,options,call
255,1590134340000,99.0,104.0,99.0,102.3,11300,,18200,weekly,2020-5-28T21:00:00.000,options,call
256,1590134400000,103.15,105.0,100.8,105.0,3540,,18200,weekly,2020-5-28T21:00:00.000,options,call
257,1590134460000,105.0,106.1,102.3,103.25,3060,,18200,weekly,2020-5-28T21:00:00.000,options,call
258,1590134520000,103.55,103.55,100.6,103.0,3940,,18200,weekly,2020-5-28T21:00:00.000,options,call
259,1590134580000,103.4,105.45,102.75,105.45,3360,,18200,weekly,2020-5-28T21:00:00.000,options,call
260,1590134640000,105.45,108.0,104.65,107.4,4620,,18200,weekly,2020-5-28T21:00:00.000,options,call
261,1590134700000,107.4,108.35,103.3,104.95,5200,,18200,weekly,2020-5-28T21:00:00.000,options,call
262,1590134760000,104.95,106.65,104.15,106.65,1180,,18200,weekly,2020-5-28T21:00:00.000,options,call
263,1590134820000,106.2,106.2,102.95,102.95,2380,,18200,weekly,2020-5-28T21:00:00.000,options,call
264,1590134880000,103.05,105.0,103.05,104.95,2600,,18200,weekly,2020-5-28T21:00:00.000,options,call
265,1590134940000,105.35,108.2,104.7,105.05,2900,,18200,weekly,2020-5-28T21:00:00.000,options,call
266,1590135000000,105.55,110.55,104.8,109.9,3040,,18200,weekly,2020-5-28T21:00:00.000,options,call
267,1590135060000,109.9,110.5,106.0,106.85,3020,,18200,weekly,2020-5-28T21:00:00.000,options,call
268,1590135120000,106.85,107.0,103.9,107.0,2460,,18200,weekly,2020-5-28T21:00:00.000,options,call
269,1590135180000,105.75,109.95,105.0,109.95,1740,,18200,weekly,2020-5-28T21:00:00.000,options,call
270,1590135240000,110.0,115.4,110.0,115.0,13060,,18200,weekly,2020-5-28T21:00:00.000,options,call
271,1590135300000,115.0,119.6,114.8,115.15,8540,,18200,weekly,2020-5-28T21:00:00.000,options,call
272,1590135360000,114.35,115.1,111.0,111.45,8160,,18200,weekly,2020-5-28T21:00:00.000,options,call
273,1590135420000,111.7,112.5,106.9,108.45,4320,,18200,weekly,2020-5-28T21:00:00.000,options,call
274,1590135480000,108.45,110.1,106.05,107.05,2960,,18200,weekly,2020-5-28T21:00:00.000,options,call
275,1590135540000,108.5,111.4,106.55,110.8,3760,,18200,weekly,2020-5-28T21:00:00.000,options,call
276,1590135600000,111.4,115.65,110.6,110.6,5100,,18200,weekly,2020-5-28T21:00:00.000,options,call
277,1590135660000,111.85,111.85,106.9,110.0,5040,,18200,weekly,2020-5-28T21:00:00.000,options,call
278,1590135720000,109.15,109.15,103.75,104.2,4960,,18200,weekly,2020-5-28T21:00:00.000,options,call
279,1590135780000,104.2,106.4,103.2,105.0,5040,,18200,weekly,2020-5-28T21:00:00.000,options,call
280,1590135840000,105.95,106.25,102.05,103.65,5300,,18200,weekly,2020-5-28T21:00:00.000,options,call
281,1590135900000,103.65,106.0,102.85,105.6,5140,,18200,weekly,2020-5-28T21:00:00.000,options,call
282,1590135960000,105.85,107.2,104.0,106.95,1200,,18200,weekly,2020-5-28T21:00:00.000,options,call
283,1590136020000,106.95,108.0,105.35,106.0,1800,,18200,weekly,2020-5-28T21:00:00.000,options,call
284,1590136080000,107.0,107.45,104.95,104.95,2060,,18200,weekly,2020-5-28T21:00:00.000,options,call
285,1590136140000,104.3,113.95,104.05,113.95,7040,,18200,weekly,2020-5-28T21:00:00.000,options,call
286,1590136200000,113.0,115.45,112.15,113.05,6500,,18200,weekly,2020-5-28T21:00:00.000,options,call
287,1590136260000,113.15,118.7,110.0,111.3,6600,,18200,weekly,2020-5-28T21:00:00.000,options,call
288,1590136320000,111.6,112.0,109.55,112.0,2440,,18200,weekly,2020-5-28T21:00:00.000,options,call
289,1590136380000,112.0,118.3,112.0,116.0,4880,,18200,weekly,2020-5-28T21:00:00.000,options,call
290,1590136440000,116.0,116.0,110.1,112.7,3540,,18200,weekly,2020-5-28T21:00:00.000,options,call
291,1590136500000,112.7,113.45,110.05,112.55,1340,,18200,weekly,2020-5-28T21:00:00.000,options,call
292,1590136560000,112.55,115.2,111.8,115.2,4700,,18200,weekly,2020-5-28T21:00:00.000,options,call
293,1590136620000,114.9,114.9,111.05,111.25,2880,,18200,weekly,2020-5-28T21:00:00.000,options,call
294,1590136680000,111.25,111.55,108.0,109.1,2820,,18200,weekly,2020-5-28T21:00:00.000,options,call
295,1590136740000,109.1,109.7,103.0,104.55,4680,,18200,weekly,2020-5-28T21:00:00.000,options,call
296,1590136800000,104.9,111.55,104.9,111.55,4100,,18200,weekly,2020-5-28T21:00:00.000,options,call
297,1590136860000,111.1,116.0,110.8,116.0,4500,,18200,weekly,2020-5-28T21:00:00.000,options,call
298,1590136920000,116.15,130.0,115.45,123.35,31260,,18200,weekly,2020-5-28T21:00:00.000,options,call
299,1590136980000,123.2,126.7,120.3,126.7,8060,,18200,weekly,2020-5-28T21:00:00.000,options,call
300,1590137040000,126.7,133.5,123.35,123.85,13180,,18200,weekly,2020-5-28T21:00:00.000,options,call
301,1590137100000,123.35,123.95,117.05,121.45,8440,,18200,weekly,2020-5-28T21:00:00.000,options,call
302,1590137160000,121.45,122.3,116.0,117.05,5060,,18200,weekly,2020-5-28T21:00:00.000,options,call
303,1590137220000,118.35,120.35,116.7,118.9,4360,,18200,weekly,2020-5-28T21:00:00.000,options,call
304,1590137280000,118.9,118.9,115.65,116.05,4380,,18200,weekly,2020-5-28T21:00:00.000,options,call
305,1590137340000,116.05,116.75,113.0,114.7,8860,,18200,weekly,2020-5-28T21:00:00.000,options,call
306,1590137400000,114.85,123.35,114.5,122.9,9800,,18200,weekly,2020-5-28T21:00:00.000,options,call
307,1590137460000,124.25,126.45,118.8,119.0,7860,,18200,weekly,2020-5-28T21:00:00.000,options,call
308,1590137520000,119.0,122.0,118.1,122.0,2400,,18200,weekly,2020-5-28T21:00:00.000,options,call
309,1590137580000,122.0,122.0,116.95,117.5,3980,,18200,weekly,2020-5-28T21:00:00.000,options,call
310,1590137640000,117.9,123.95,117.9,121.75,5280,,18200,weekly,2020-5-28T21:00:00.000,options,call
311,1590137700000,121.75,123.0,120.05,121.45,5440,,18200,weekly,2020-5-28T21:00:00.000,options,call
312,1590137760000,120.4,121.6,117.6,117.6,3840,,18200,weekly,2020-5-28T21:00:00.000,options,call
313,1590137820000,116.55,116.6,102.3,103.45,13160,,18200,weekly,2020-5-28T21:00:00.000,options,call
314,1590137880000,102.8,106.0,100.45,105.0,13820,,18200,weekly,2020-5-28T21:00:00.000,options,call
315,1590137940000,104.0,105.0,99.0,101.5,14740,,18200,weekly,2020-5-28T21:00:00.000,options,call
316,1590138000000,101.5,106.0,100.0,105.8,7260,,18200,weekly,2020-5-28T21:00:00.000,options,call
317,1590138060000,105.9,109.2,105.55,105.9,6060,,18200,weekly,2020-5-28T21:00:00.000,options,call
318,1590138120000,105.9,106.5,100.55,101.5,5600,,18200,weekly,2020-5-28T21:00:00.000,options,call
319,1590138180000,101.6,101.6,96.2,99.55,16680,,18200,weekly,2020-5-28T21:00:00.000,options,call
320,1590138240000,99.6,100.0,96.25,99.85,4880,,18200,weekly,2020-5-28T21:00:00.000,options,call
321,1590138300000,99.85,101.0,97.5,97.5,7980,,18200,weekly,2020-5-28T21:00:00.000,options,call
322,1590138360000,97.5,98.3,92.7,96.9,9760,,18200,weekly,2020-5-28T21:00:00.000,options,call
323,1590138420000,96.75,101.95,96.7,99.1,6220,,18200,weekly,2020-5-28T21:00:00.000,options,call
324,1590138480000,99.75,101.0,96.35,96.35,6840,,18200,weekly,2020-5-28T21:00:00.000,options,call
325,1590138540000,96.35,100.0,96.0,100.0,2680,,18200,weekly,2020-5-28T21:00:00.000,options,call
326,1590138600000,100.0,105.3,98.6,105.3,9980,,18200,weekly,2020-5-28T21:00:00.000,options,call
327,1590138660000,104.4,105.0,100.35,100.55,12400,,18200,weekly,2020-5-28T21:00:00.000,options,call
328,1590138720000,100.1,104.25,100.0,103.0,7680,,18200,weekly,2020-5-28T21:00:00.000,options,call
329,1590138780000,103.25,103.3,98.15,100.0,3680,,18200,weekly,2020-5-28T21:00:00.000,options,call
330,1590138840000,100.0,103.45,97.6,103.0,12440,,18200,weekly,2020-5-28T21:00:00.000,options,call
331,1590138900000,103.45,110.65,102.8,107.75,15840,,18200,weekly,2020-5-28T21:00:00.000,options,call
332,1590138960000,108.0,109.2,103.5,104.1,9680,,18200,weekly,2020-5-28T21:00:00.000,options,call
333,1590139020000,104.8,106.95,101.6,103.35,4920,,18200,weekly,2020-5-28T21:00:00.000,options,call
334,1590139080000,104.55,105.4,99.25,99.25,4920,,18200,weekly,2020-5-28T21:00:00.000,options,call
335,1590139140000,99.45,103.55,99.45,100.0,3940,,18200,weekly,2020-5-28T21:00:00.000,options,call
336,1590139200000,99.75,103.25,98.95,102.65,5360,,18200,weekly,2020-5-28T21:00:00.000,options,call
337,1590139260000,102.45,102.45,99.35,100.6,4160,,18200,weekly,2020-5-28T21:00:00.000,options,call
338,1590139320000,100.85,101.7,98.55,98.55,18280,,18200,weekly,2020-5-28T21:00:00.000,options,call
339,1590139380000,98.5,100.0,96.0,98.75,13080,,18200,weekly,2020-5-28T21:00:00.000,options,call
340,1590139440000,98.0,102.7,98.0,102.7,5680,,18200,weekly,2020-5-28T21:00:00.000,options,call
341,1590139500000,101.9,104.2,101.0,103.1,7640,,18200,weekly,2020-5-28T21:00:00.000,options,call
342,1590139560000,103.1,104.85,101.8,103.25,7420,,18200,weekly,2020-5-28T21:00:00.000,options,call
343,1590139620000,103.25,104.45,100.1,103.35,6860,,18200,weekly,2020-5-28T21:00:00.000,options,call
344,1590139680000,103.35,104.65,102.0,102.75,1740,,18200,weekly,2020-5-28T21:00:00.000,options,call
345,1590139740000,103.5,108.85,103.5,105.45,8040,,18200,weekly,2020-5-28T21:00:00.000,options,call
346,1590139800000,105.0,105.15,96.0,96.0,12800,,18200,weekly,2020-5-28T21:00:00.000,options,call
347,1590139860000,95.65,95.75,91.05,92.0,17000,,18200,weekly,2020-5-28T21:00:00.000,options,call
348,1590139920000,92.25,95.75,91.35,95.6,9020,,18200,weekly,2020-5-28T21:00:00.000,options,call
349,1590139980000,95.75,97.9,94.0,96.55,17760,,18200,weekly,2020-5-28T21:00:00.000,options,call
350,1590140040000,96.7,99.0,95.5,98.0,5340,,18200,weekly,2020-5-28T21:00:00.000,options,call
351,1590140100000,96.85,97.25,94.8,96.1,3420,,18200,weekly,2020-5-28T21:00:00.000,options,call
352,1590140160000,96.15,99.8,95.6,98.15,12800,,18200,weekly,2020-5-28T21:00:00.000,options,call
353,1590140220000,98.0,98.2,95.6,97.35,13860,,18200,weekly,2020-5-28T21:00:00.000,options,call
354,1590140280000,97.1,98.1,95.3,95.95,9820,,18200,weekly,2020-5-28T21:00:00.000,options,call
355,1590140340000,95.45,99.7,94.8,98.95,12300,,18200,weekly,2020-5-28T21:00:00.000,options,call
356,1590140400000,99.45,101.1,97.45,100.7,15360,,18200,weekly,2020-5-28T21:00:00.000,options,call
357,1590140460000,100.95,103.9,100.5,102.25,7800,,18200,weekly,2020-5-28T21:00:00.000,options,call
358,1590140520000,101.65,102.6,100.85,101.6,3180,,18200,weekly,2020-5-28T21:00:00.000,options,call
359,1590140580000,101.55,102.7,101.0,102.4,10400,,18200,weekly,2020-5-28T21:00:00.000,options,call
360,1590140640000,102.15,108.0,102.15,108.0,6880,,18200,weekly,2020-5-28T21:00:00.000,options,call
361,1590140700000,107.25,109.65,107.0,108.6,8860,,18200,weekly,2020-5-28T21:00:00.000,options,call
362,1590140760000,108.6,110.6,108.05,109.0,7840,,18200,weekly,2020-5-28T21:00:00.000,options,call
363,1590140820000,108.45,110.6,107.3,110.0,10360,,18200,weekly,2020-5-28T21:00:00.000,options,call
364,1590140880000,109.75,113.8,109.2,113.2,6680,,18200,weekly,2020-5-28T21:00:00.000,options,call
365,1590140940000,113.5,114.15,110.05,110.05,17320,,18200,weekly,2020-5-28T21:00:00.000,options,call
366,1590141000000,110.35,112.65,107.05,107.45,16360,,18200,weekly,2020-5-28T21:00:00.000,options,call
367,1590141060000,107.1,107.45,103.85,103.85,10320,,18200,weekly,2020-5-28T21:00:00.000,options,call
368,1590141120000,103.5,105.6,103.5,104.35,9200,,18200,weekly,2020-5-28T21:00:00.000,options,call
369,1590141180000,104.4,105.6,102.9,103.25,4840,,18200,weekly,2020-5-28T21:00:00.000,options,call
370,1590141240000,103.6,104.65,100.65,101.25,9880,,18200,weekly,2020-5-28T21:00:00.000,options,call
371,1590141300000,101.25,101.4,99.0,99.0,9060,,18200,weekly,2020-5-28T21:00:00.000,options,call
372,1590141360000,99.55,100.45,99.15,100.0,13100,,18200,weekly,2020-5-28T21:00:00.000,options,call
373,1590141420000,99.9,100.0,98.85,99.45,9560,,18200,weekly,2020-5-28T21:00:00.000,options,call
374,1590141480000,99.9,101.7,98.95,100.7,12460,,18200,weekly,2020-5-28T21:00:00.000,options,call
