,timestamp,open,high,low,close,volume,open_interest,strike,expiry_type,expiry,instrument,contract_type
0,1657012500000,2.6,2.7,2.35,2.7,2525,41625,30200,weekly,2022-7-7T21:00:00.000,options,put
1,1657012560000,2.8,3.1,2.7,3.1,9875,41625,30200,weekly,2022-7-7T21:00:00.000,options,put
2,1657012620000,3.0,3.0,2.85,2.85,2400,43100,30200,weekly,2022-7-7T21:00:00.000,options,put
3,1657012680000,2.9,2.9,2.75,2.85,2700,43100,30200,weekly,2022-7-7T21:00:00.000,options,put
4,1657012740000,2.9,2.9,2.8,2.8,2525,43100,30200,weekly,2022-7-7T21:00:00.000,options,put
5,1657012800000,2.8,2.85,2.75,2.75,675,42875,30200,weekly,2022-7-7T21:00:00.000,options,put
6,1657012860000,2.75,2.85,2.75,2.75,400,42875,30200,weekly,2022-7-7T21:00:00.000,options,put
7,1657012920000,2.8,2.8,2.75,2.8,175,42875,30200,weekly,2022-7-7T21:00:00.000,options,put
8,1657012980000,2.85,2.85,2.75,2.85,925,42775,30200,weekly,2022-7-7T21:00:00.000,options,put
9,1657013040000,2.75,2.8,2.75,2.8,425,42775,30200,weekly,2022-7-7T21:00:00.000,options,put
10,1657013100000,2.8,2.8,2.75,2.75,775,42775,30200,weekly,2022-7-7T21:00:00.000,options,put
11,1657013160000,2.75,2.75,2.7,2.7,750,41750,30200,weekly,2022-7-7T21:00:00.000,options,put
12,1657013220000,2.7,2.7,2.6,2.6,550,41750,30200,weekly,2022-7-7T21:00:00.000,options,put
13,1657013280000,2.7,2.7,2.65,2.65,525,41750,30200,weekly,2022-7-7T21:00:00.000,options,put
14,1657013340000,2.6,2.65,2.6,2.65,600,41300,30200,weekly,2022-7-7T21:00:00.000,options,put
15,1657013400000,2.65,2.65,2.65,2.65,100,41300,30200,weekly,2022-7-7T21:00:00.000,options,put
16,1657013460000,2.65,2.65,2.6,2.6,1050,41300,30200,weekly,2022-7-7T21:00:00.000,options,put
17,1657013520000,2.55,2.55,2.5,2.5,100,41250,30200,weekly,2022-7-7T21:00:00.000,options,put
18,1657013580000,2.5,2.5,2.5,2.5,1075,41250,30200,weekly,2022-7-7T21:00:00.000,options,put
19,1657013640000,2.45,2.45,2.45,2.45,350,41250,30200,weekly,2022-7-7T21:00:00.000,options,put
20,1657013700000,2.45,2.55,2.45,2.55,1025,41375,30200,weekly,2022-7-7T21:00:00.000,options,put
21,1657013760000,2.5,2.5,2.45,2.45,425,41375,30200,weekly,2022-7-7T21:00:00.000,options,put
22,1657013820000,2.55,2.6,2.55,2.6,325,41375,30200,weekly,2022-7-7T21:00:00.000,options,put
23,1657013940000,2.6,2.6,2.5,2.55,725,42275,30200,weekly,2022-7-7T21:00:00.000,options,put
24,1657014000000,2.5,2.55,2.5,2.55,200,42275,30200,weekly,2022-7-7T21:00:00.000,options,put
25,1657014060000,2.55,2.55,2.45,2.45,2550,41450,30200,weekly,2022-7-7T21:00:00.000,options,put
26,1657014120000,2.45,2.45,2.45,2.45,800,41450,30200,weekly,2022-7-7T21:00:00.000,options,put
27,1657014180000,2.45,2.45,2.2,2.3,2825,41450,30200,weekly,2022-7-7T21:00:00.000,options,put
28,1657014240000,2.4,2.45,2.4,2.4,700,41975,30200,weekly,2022-7-7T21:00:00.000,options,put
29,1657014300000,2.35,2.35,2.35,2.35,50,41975,30200,weekly,2022-7-7T21:00:00.000,options,put
30,1657014420000,2.45,2.45,2.35,2.35,1300,41425,30200,weekly,2022-7-7T21:00:00.000,options,put
31,1657014480000,2.35,2.35,2.35,2.35,525,41425,30200,weekly,2022-7-7T21:00:00.000,options,put
32,1657014540000,2.4,2.4,2.35,2.4,300,41425,30200,weekly,2022-7-7T21:00:00.000,options,put
33,1657014600000,2.35,2.35,2.35,2.35,150,41900,30200,weekly,2022-7-7T21:00:00.000,options,put
34,1657014660000,2.35,2.35,2.35,2.35,600,41900,30200,weekly,2022-7-7T21:00:00.000,options,put
35,1657014720000,2.4,2.45,2.35,2.45,700,41900,30200,weekly,2022-7-7T21:00:00.000,options,put
36,1657014780000,2.4,2.45,2.4,2.4,725,42275,30200,weekly,2022-7-7T21:00:00.000,options,put
37,1657014840000,2.4,2.4,2.4,2.4,75,42275,30200,weekly,2022-7-7T21:00:00.000,options,put
38,1657014900000,2.45,2.45,2.35,2.35,575,42275,30200,weekly,2022-7-7T21:00:00.000,options,put
39,1657014960000,2.4,2.4,2.35,2.35,50,42275,30200,weekly,2022-7-7T21:00:00.000,options,put
40,1657015080000,2.4,2.45,2.4,2.4,275,42150,30200,weekly,2022-7-7T21:00:00.000,options,put
41,1657015200000,2.5,2.5,2.5,2.5,150,42125,30200,weekly,2022-7-7T21:00:00.000,options,put
42,1657015260000,2.4,2.45,2.4,2.45,125,42125,30200,weekly,2022-7-7T21:00:00.000,options,put
43,1657015320000,2.45,2.45,2.45,2.45,150,42125,30200,weekly,2022-7-7T21:00:00.000,options,put
44,1657015380000,2.4,2.45,2.35,2.4,1575,42200,30200,weekly,2022-7-7T21:00:00.000,options,put
45,1657015440000,2.35,2.45,2.35,2.45,400,42200,30200,weekly,2022-7-7T21:00:00.000,options,put
46,1657015500000,2.45,2.45,2.4,2.4,75,42275,30200,weekly,2022-7-7T21:00:00.000,options,put
47,1657015560000,2.45,2.5,2.45,2.45,900,42275,30200,weekly,2022-7-7T21:00:00.000,options,put
48,1657015620000,2.5,2.5,2.4,2.4,375,42275,30200,weekly,2022-7-7T21:00:00.000,options,put
49,1657015680000,2.45,2.5,2.4,2.5,1650,42075,30200,weekly,2022-7-7T21:00:00.000,options,put
50,1657015740000,2.5,2.6,2.5,2.6,550,42075,30200,weekly,2022-7-7T21:00:00.000,options,put
51,1657015860000,2.65,2.65,2.6,2.6,400,42775,30200,weekly,2022-7-7T21:00:00.000,options,put
52,1657015980000,2.55,2.55,2.5,2.5,450,42775,30200,weekly,2022-7-7T21:00:00.000,options,put
53,1657016100000,2.55,2.55,2.55,2.55,125,42700,30200,weekly,2022-7-7T21:00:00.000,options,put
54,1657016160000,2.55,2.55,2.55,2.55,950,42700,30200,weekly,2022-7-7T21:00:00.000,options,put
55,1657016220000,2.6,2.6,2.55,2.55,1075,43850,30200,weekly,2022-7-7T21:00:00.000,options,put
56,1657016280000,2.55,2.55,2.55,2.55,175,43850,30200,weekly,2022-7-7T21:00:00.000,options,put
57,1657016340000,2.6,2.6,2.6,2.6,625,43850,30200,weekly,2022-7-7T21:00:00.000,options,put
58,1657016400000,2.6,2.65,2.6,2.65,525,43250,30200,weekly,2022-7-7T21:00:00.000,options,put
59,1657016460000,2.65,2.65,2.65,2.65,50,43250,30200,weekly,2022-7-7T21:00:00.000,options,put
60,1657016580000,2.65,2.65,2.65,2.65,700,43175,30200,weekly,2022-7-7T21:00:00.000,options,put
61,1657016640000,2.6,2.6,2.6,2.6,200,43175,30200,weekly,2022-7-7T21:00:00.000,options,put
62,1657016700000,2.7,2.7,2.7,2.7,600,43175,30200,weekly,2022-7-7T21:00:00.000,options,put
63,1657016760000,2.7,2.7,2.65,2.7,375,41925,30200,weekly,2022-7-7T21:00:00.000,options,put
64,1657017060000,2.55,2.65,2.55,2.65,25,41925,30200,weekly,2022-7-7T21:00:00.000,options,put
65,1657017120000,2.65,2.7,2.6,2.6,900,42325,30200,weekly,2022-7-7T21:00:00.000,options,put
66,1657017180000,2.7,2.7,2.7,2.7,175,42325,30200,weekly,2022-7-7T21:00:00.000,options,put
67,1657017240000,2.65,2.75,2.65,2.75,175,42325,30200,weekly,2022-7-7T21:00:00.000,options,put
68,1657017300000,2.65,2.65,2.65,2.65,25,42250,30200,weekly,2022-7-7T21:00:00.000,options,put
69,1657017360000,2.7,2.7,2.7,2.7,350,42250,30200,weekly,2022-7-7T21:00:00.000,options,put
70,1657017420000,2.75,2.9,2.75,2.75,2000,42250,30200,weekly,2022-7-7T21:00:00.000,options,put
71,1657017480000,2.7,2.7,2.7,2.7,75,41150,30200,weekly,2022-7-7T21:00:00.000,options,put
72,1657017540000,2.75,2.75,2.7,2.7,700,41150,30200,weekly,2022-7-7T21:00:00.000,options,put
73,1657017600000,2.7,2.7,2.7,2.7,1150,41150,30200,weekly,2022-7-7T21:00:00.000,options,put
74,1657017660000,2.75,2.75,2.7,2.7,1900,41150,30200,weekly,2022-7-7T21:00:00.000,options,put
75,1657017720000,2.75,2.75,2.65,2.7,525,41825,30200,weekly,2022-7-7T21:00:00.000,options,put
76,1657017780000,2.75,2.85,2.7,2.8,3775,41825,30200,weekly,2022-7-7T21:00:00.000,options,put
77,1657017840000,2.85,2.95,2.85,2.9,550,41350,30200,weekly,2022-7-7T21:00:00.000,options,put
78,1657017900000,2.9,3.0,2.85,2.95,3425,41350,30200,weekly,2022-7-7T21:00:00.000,options,put
79,1657017960000,2.95,2.95,2.9,2.95,875,41350,30200,weekly,2022-7-7T21:00:00.000,options,put
80,1657018020000,3.0,3.0,2.95,2.95,4975,40650,30200,weekly,2022-7-7T21:00:00.000,options,put
81,1657018080000,2.95,3.0,2.9,3.0,625,40650,30200,weekly,2022-7-7T21:00:00.000,options,put
82,1657018140000,2.95,3.0,2.9,2.9,1200,40650,30200,weekly,2022-7-7T21:00:00.000,options,put
83,1657018200000,2.95,2.95,2.9,2.9,850,39725,30200,weekly,2022-7-7T21:00:00.000,options,put
84,1657018260000,2.9,2.95,2.9,2.9,900,39725,30200,weekly,2022-7-7T21:00:00.000,options,put
85,1657018320000,2.85,3.05,2.85,2.95,6925,39725,30200,weekly,2022-7-7T21:00:00.000,options,put
86,1657018380000,2.95,3.0,2.95,3.0,275,34750,30200,weekly,2022-7-7T21:00:00.000,options,put
87,1657018440000,2.95,2.95,2.85,2.85,475,34750,30200,weekly,2022-7-7T21:00:00.000,options,put
88,1657018500000,2.85,2.9,2.85,2.9,200,34750,30200,weekly,2022-7-7T21:00:00.000,options,put
89,1657018560000,2.85,3.05,2.85,2.95,1625,34400,30200,weekly,2022-7-7T21:00:00.000,options,put
90,1657018620000,2.95,3.05,2.95,3.0,2575,34400,30200,weekly,2022-7-7T21:00:00.000,options,put
91,1657018680000,3.05,3.05,3.0,3.05,175,34400,30200,weekly,2022-7-7T21:00:00.000,options,put
92,1657018740000,3.05,3.15,3.05,3.15,975,36175,30200,weekly,2022-7-7T21:00:00.000,options,put
93,1657018800000,3.15,3.15,3.1,3.1,350,36175,30200,weekly,2022-7-7T21:00:00.000,options,put
94,1657018860000,3.1,3.1,3.05,3.05,525,36175,30200,weekly,2022-7-7T21:00:00.000,options,put
95,1657018920000,3.05,3.05,3.05,3.05,675,36175,30200,weekly,2022-7-7T21:00:00.000,options,put
96,1657019040000,3.05,3.05,3.05,3.05,75,35600,30200,weekly,2022-7-7T21:00:00.000,options,put
97,1657019280000,2.95,2.95,2.95,2.95,300,35575,30200,weekly,2022-7-7T21:00:00.000,options,put
98,1657019340000,2.9,3.0,2.9,3.0,625,35525,30200,weekly,2022-7-7T21:00:00.000,options,put
99,1657019400000,2.95,2.95,2.95,2.95,150,35525,30200,weekly,2022-7-7T21:00:00.000,options,put
100,1657019460000,2.9,2.9,2.9,2.9,50,35525,30200,weekly,2022-7-7T21:00:00.000,options,put
101,1657019520000,3.0,3.0,3.0,3.0,125,35225,30200,weekly,2022-7-7T21:00:00.000,options,put
102,1657019640000,2.95,2.95,2.95,2.95,525,35300,30200,weekly,2022-7-7T21:00:00.000,options,put
103,1657019700000,2.95,2.95,2.85,2.85,450,35300,30200,weekly,2022-7-7T21:00:00.000,options,put
104,1657019820000,2.8,2.8,2.8,2.8,25,35300,30200,weekly,2022-7-7T21:00:00.000,options,put
105,1657019940000,2.9,2.9,2.9,2.9,75,34875,30200,weekly,2022-7-7T21:00:00.000,options,put
106,1657020000000,2.9,2.9,2.9,2.9,425,34875,30200,weekly,2022-7-7T21:00:00.000,options,put
107,1657020060000,2.9,2.9,2.9,2.9,25,34925,30200,weekly,2022-7-7T21:00:00.000,options,put
108,1657020180000,2.85,2.85,2.8,2.8,225,34975,30200,weekly,2022-7-7T21:00:00.000,options,put
109,1657020240000,2.8,2.8,2.8,2.8,300,34975,30200,weekly,2022-7-7T21:00:00.000,options,put
110,1657020300000,2.8,2.8,2.8,2.8,225,34975,30200,weekly,2022-7-7T21:00:00.000,options,put
111,1657020360000,2.8,2.8,2.8,2.8,200,34975,30200,weekly,2022-7-7T21:00:00.000,options,put
112,1657020480000,2.8,2.8,2.8,2.8,25,34250,30200,weekly,2022-7-7T21:00:00.000,options,put
113,1657020540000,2.8,2.85,2.8,2.85,250,34025,30200,weekly,2022-7-7T21:00:00.000,options,put
114,1657020600000,2.8,2.8,2.8,2.8,100,34025,30200,weekly,2022-7-7T21:00:00.000,options,put
115,1657020660000,2.85,2.85,2.85,2.85,50,34025,30200,weekly,2022-7-7T21:00:00.000,options,put
116,1657020780000,2.8,2.8,2.8,2.8,125,33925,30200,weekly,2022-7-7T21:00:00.000,options,put
117,1657020840000,2.85,2.9,2.85,2.9,575,33925,30200,weekly,2022-7-7T21:00:00.000,options,put
118,1657020900000,2.9,2.9,2.9,2.9,150,33925,30200,weekly,2022-7-7T21:00:00.000,options,put
119,1657021020000,2.8,2.8,2.8,2.8,25,34050,30200,weekly,2022-7-7T21:00:00.000,options,put
120,1657021080000,2.9,2.9,2.9,2.9,225,34025,30200,weekly,2022-7-7T21:00:00.000,options,put
121,1657021200000,2.85,2.85,2.85,2.85,150,34025,30200,weekly,2022-7-7T21:00:00.000,options,put
122,1657021260000,2.8,2.9,2.8,2.9,575,33925,30200,weekly,2022-7-7T21:00:00.000,options,put
123,1657021320000,2.9,2.9,2.9,2.9,75,33925,30200,weekly,2022-7-7T21:00:00.000,options,put
124,1657021380000,2.85,2.85,2.85,2.85,75,33925,30200,weekly,2022-7-7T21:00:00.000,options,put
125,1657021440000,2.85,2.85,2.85,2.85,175,33925,30200,weekly,2022-7-7T21:00:00.000,options,put
126,1657021560000,2.85,2.85,2.85,2.85,25,33400,30200,weekly,2022-7-7T21:00:00.000,options,put
127,1657021860000,2.9,2.9,2.9,2.9,250,33400,30200,weekly,2022-7-7T21:00:00.000,options,put
128,1657021920000,2.95,2.95,2.9,2.9,375,33400,30200,weekly,2022-7-7T21:00:00.000,options,put
129,1657022100000,2.85,2.9,2.85,2.9,375,33100,30200,weekly,2022-7-7T21:00:00.000,options,put
130,1657022160000,2.9,2.9,2.9,2.9,200,33050,30200,weekly,2022-7-7T21:00:00.000,options,put
131,1657022280000,2.9,2.95,2.9,2.95,175,33050,30200,weekly,2022-7-7T21:00:00.000,options,put
132,1657022340000,2.85,2.85,2.85,2.85,100,33150,30200,weekly,2022-7-7T21:00:00.000,options,put
133,1657022400000,2.85,2.85,2.85,2.85,100,33150,30200,weekly,2022-7-7T21:00:00.000,options,put
134,1657022460000,2.9,2.95,2.8,2.8,1425,33150,30200,weekly,2022-7-7T21:00:00.000,options,put
135,1657022520000,2.85,2.85,2.8,2.8,175,33150,30200,weekly,2022-7-7T21:00:00.000,options,put
136,1657022940000,2.85,2.85,2.85,2.85,25,32925,30200,weekly,2022-7-7T21:00:00.000,options,put
137,1657023180000,2.85,2.9,2.85,2.9,700,32950,30200,weekly,2022-7-7T21:00:00.000,options,put
138,1657023360000,2.85,2.9,2.85,2.9,550,33000,30200,weekly,2022-7-7T21:00:00.000,options,put
139,1657023420000,2.85,2.85,2.85,2.85,225,33000,30200,weekly,2022-7-7T21:00:00.000,options,put
140,1657023540000,2.9,2.9,2.85,2.85,150,32525,30200,weekly,2022-7-7T21:00:00.000,options,put
141,1657023600000,2.9,2.95,2.9,2.95,150,32525,30200,weekly,2022-7-7T21:00:00.000,options,put
142,1657023660000,2.85,2.85,2.85,2.85,175,32525,30200,weekly,2022-7-7T21:00:00.000,options,put
143,1657023900000,2.85,2.95,2.85,2.9,525,32500,30200,weekly,2022-7-7T21:00:00.000,options,put
144,1657023960000,2.95,3.0,2.95,3.0,1150,32500,30200,weekly,2022-7-7T21:00:00.000,options,put
145,1657024020000,3.0,3.05,2.95,3.0,1125,32700,30200,weekly,2022-7-7T21:00:00.000,options,put
146,1657024080000,3.0,3.0,3.0,3.0,50,32700,30200,weekly,2022-7-7T21:00:00.000,options,put
147,1657024140000,3.0,3.0,2.95,2.95,150,32700,30200,weekly,2022-7-7T21:00:00.000,options,put
148,1657024200000,2.95,3.05,2.95,3.05,1000,32950,30200,weekly,2022-7-7T21:00:00.000,options,put
149,1657024260000,3.05,3.05,3.05,3.05,350,32950,30200,weekly,2022-7-7T21:00:00.000,options,put
150,1657024500000,2.95,2.95,2.95,2.95,50,32900,30200,weekly,2022-7-7T21:00:00.000,options,put
151,1657024620000,3.0,3.0,3.0,3.0,25,32900,30200,weekly,2022-7-7T21:00:00.000,options,put
152,1657024680000,3.05,3.05,3.05,3.05,125,32900,30200,weekly,2022-7-7T21:00:00.000,options,put
153,1657024740000,3.05,3.05,3.05,3.05,25,32975,30200,weekly,2022-7-7T21:00:00.000,options,put
154,1657024800000,3.1,3.1,3.05,3.05,75,32975,30200,weekly,2022-7-7T21:00:00.000,options,put
155,1657024860000,3.05,3.05,3.05,3.05,75,32975,30200,weekly,2022-7-7T21:00:00.000,options,put
156,1657024920000,3.05,3.05,3.0,3.0,50,32975,30200,weekly,2022-7-7T21:00:00.000,options,put
157,1657024980000,3.1,3.1,3.1,3.1,25,32975,30200,weekly,2022-7-7T21:00:00.000,options,put
158,1657025100000,3.0,3.0,3.0,3.0,25,32975,30200,weekly,2022-7-7T21:00:00.000,options,put
159,1657025220000,3.0,3.05,3.0,3.05,1050,32975,30200,weekly,2022-7-7T21:00:00.000,options,put
160,1657025280000,3.0,3.0,3.0,3.0,25,33000,30200,weekly,2022-7-7T21:00:00.000,options,put
161,1657025340000,3.0,3.0,3.0,3.0,25,33000,30200,weekly,2022-7-7T21:00:00.000,options,put
162,1657025400000,3.0,3.0,2.95,3.0,775,33000,30200,weekly,2022-7-7T21:00:00.000,options,put
163,1657025460000,2.95,2.95,2.95,2.95,25,32625,30200,weekly,2022-7-7T21:00:00.000,options,put
164,1657025520000,2.9,2.9,2.9,2.9,75,32625,30200,weekly,2022-7-7T21:00:00.000,options,put
165,1657025700000,3.0,3.0,3.0,3.0,150,32625,30200,weekly,2022-7-7T21:00:00.000,options,put
166,1657025760000,3.0,3.05,3.0,3.0,475,32625,30200,weekly,2022-7-7T21:00:00.000,options,put
167,1657026000000,3.05,3.05,3.0,3.0,350,32625,30200,weekly,2022-7-7T21:00:00.000,options,put
168,1657026060000,3.05,3.05,3.05,3.05,75,32625,30200,weekly,2022-7-7T21:00:00.000,options,put
169,1657026300000,3.05,3.05,3.0,3.0,75,32900,30200,weekly,2022-7-7T21:00:00.000,options,put
170,1657026360000,3.0,3.0,3.0,3.0,450,32900,30200,weekly,2022-7-7T21:00:00.000,options,put
171,1657026480000,3.0,3.0,3.0,3.0,50,32900,30200,weekly,2022-7-7T21:00:00.000,options,put
172,1657026540000,3.05,3.05,3.05,3.05,25,32650,30200,weekly,2022-7-7T21:00:00.000,options,put
173,1657026660000,3.05,3.05,3.0,3.0,975,32650,30200,weekly,2022-7-7T21:00:00.000,options,put
174,1657026720000,3.0,3.0,3.0,3.0,25,32450,30200,weekly,2022-7-7T21:00:00.000,options,put
175,1657026840000,3.0,3.0,3.0,3.0,25,32450,30200,weekly,2022-7-7T21:00:00.000,options,put
176,1657026900000,3.0,3.0,3.0,3.0,50,32450,30200,weekly,2022-7-7T21:00:00.000,options,put
177,1657026960000,3.0,3.0,3.0,3.0,600,32450,30200,weekly,2022-7-7T21:00:00.000,options,put
178,1657027020000,2.95,2.95,2.95,2.95,50,32450,30200,weekly,2022-7-7T21:00:00.000,options,put
179,1657027200000,2.95,2.95,2.95,2.95,100,32500,30200,weekly,2022-7-7T21:00:00.000,options,put
180,1657027440000,2.9,2.9,2.9,2.9,25,32550,30200,weekly,2022-7-7T21:00:00.000,options,put
181,1657027860000,2.9,2.95,2.8,2.9,575,32550,30200,weekly,2022-7-7T21:00:00.000,options,put
182,1657027920000,2.75,2.8,2.7,2.8,1050,32550,30200,weekly,2022-7-7T21:00:00.000,options,put
183,1657027980000,2.8,2.8,2.8,2.8,25,33225,30200,weekly,2022-7-7T21:00:00.000,options,put
184,1657028040000,2.8,2.8,2.8,2.8,50,33225,30200,weekly,2022-7-7T21:00:00.000,options,put
185,1657028100000,2.75,2.75,2.75,2.75,50,33225,30200,weekly,2022-7-7T21:00:00.000,options,put
186,1657028220000,2.75,2.75,2.75,2.75,125,33175,30200,weekly,2022-7-7T21:00:00.000,options,put
187,1657028280000,2.75,2.75,2.7,2.75,2150,34300,30200,weekly,2022-7-7T21:00:00.000,options,put
188,1657028340000,2.75,2.75,2.65,2.65,2000,34300,30200,weekly,2022-7-7T21:00:00.000,options,put
189,1657028400000,2.65,2.65,2.65,2.65,1250,34300,30200,weekly,2022-7-7T21:00:00.000,options,put
190,1657028520000,2.65,2.65,2.65,2.65,25,32775,30200,weekly,2022-7-7T21:00:00.000,options,put
191,1657028580000,2.65,2.65,2.65,2.65,550,32775,30200,weekly,2022-7-7T21:00:00.000,options,put
192,1657028640000,2.65,2.65,2.55,2.55,650,32775,30200,weekly,2022-7-7T21:00:00.000,options,put
193,1657028700000,2.55,2.55,2.55,2.55,150,32150,30200,weekly,2022-7-7T21:00:00.000,options,put
194,1657028940000,2.5,2.5,2.45,2.45,575,32150,30200,weekly,2022-7-7T21:00:00.000,options,put
195,1657029000000,2.45,2.45,2.45,2.45,125,32150,30200,weekly,2022-7-7T21:00:00.000,options,put
196,1657029060000,2.45,2.55,2.45,2.5,150,31725,30200,weekly,2022-7-7T21:00:00.000,options,put
197,1657029120000,2.5,2.55,2.45,2.45,450,31725,30200,weekly,2022-7-7T21:00:00.000,options,put
198,1657029300000,2.45,2.45,2.45,2.45,225,31700,30200,weekly,2022-7-7T21:00:00.000,options,put
199,1657029360000,2.45,2.45,2.45,2.45,25,31700,30200,weekly,2022-7-7T21:00:00.000,options,put
200,1657029420000,2.55,2.55,2.45,2.5,300,31700,30200,weekly,2022-7-7T21:00:00.000,options,put
201,1657029480000,2.45,2.45,2.45,2.45,200,31700,30200,weekly,2022-7-7T21:00:00.000,options,put
202,1657029540000,2.45,2.45,2.45,2.45,150,31700,30200,weekly,2022-7-7T21:00:00.000,options,put
203,1657029600000,2.45,2.55,2.45,2.45,450,31725,30200,weekly,2022-7-7T21:00:00.000,options,put
204,1657029660000,2.4,2.4,2.3,2.3,1325,31725,30200,weekly,2022-7-7T21:00:00.000,options,put
205,1657029720000,2.3,2.5,2.3,2.5,3400,31725,30200,weekly,2022-7-7T21:00:00.000,options,put
206,1657029780000,2.5,2.5,2.45,2.45,425,33200,30200,weekly,2022-7-7T21:00:00.000,options,put
207,1657029840000,2.45,2.45,2.45,2.45,25,33200,30200,weekly,2022-7-7T21:00:00.000,options,put
208,1657029900000,2.45,2.45,2.4,2.4,800,33200,30200,weekly,2022-7-7T21:00:00.000,options,put
209,1657029960000,2.35,2.35,2.35,2.35,500,32525,30200,weekly,2022-7-7T21:00:00.000,options,put
210,1657030020000,2.35,2.35,2.35,2.35,800,32525,30200,weekly,2022-7-7T21:00:00.000,options,put
211,1657030380000,2.45,2.5,2.45,2.5,150,32575,30200,weekly,2022-7-7T21:00:00.000,options,put
212,1657030500000,2.5,2.5,2.5,2.5,50,32575,30200,weekly,2022-7-7T21:00:00.000,options,put
213,1657030560000,2.45,2.45,2.45,2.45,100,32775,30200,weekly,2022-7-7T21:00:00.000,options,put
214,1657030620000,2.45,2.45,2.45,2.45,125,32775,30200,weekly,2022-7-7T21:00:00.000,options,put
215,1657030680000,2.45,2.45,2.4,2.4,175,32750,30200,weekly,2022-7-7T21:00:00.000,options,put
216,1657030740000,2.45,2.45,2.45,2.45,25,32750,30200,weekly,2022-7-7T21:00:00.000,options,put
217,1657030980000,2.45,2.5,2.45,2.5,475,32675,30200,weekly,2022-7-7T21:00:00.000,options,put
218,1657031040000,2.45,2.45,2.45,2.45,1450,32750,30200,weekly,2022-7-7T21:00:00.000,options,put
219,1657031100000,2.5,2.5,2.45,2.45,900,32750,30200,weekly,2022-7-7T21:00:00.000,options,put
220,1657031160000,2.45,2.45,2.45,2.45,825,32750,30200,weekly,2022-7-7T21:00:00.000,options,put
221,1657031520000,2.4,2.45,2.35,2.35,175,32350,30200,weekly,2022-7-7T21:00:00.000,options,put
222,1657031580000,2.4,2.4,2.4,2.4,25,32325,30200,weekly,2022-7-7T21:00:00.000,options,put
223,1657031640000,2.35,2.45,2.35,2.45,1475,32325,30200,weekly,2022-7-7T21:00:00.000,options,put
224,1657031700000,2.45,2.55,2.45,2.55,575,32325,30200,weekly,2022-7-7T21:00:00.000,options,put
225,1657031760000,2.5,2.5,2.5,2.5,825,32325,30200,weekly,2022-7-7T21:00:00.000,options,put
226,1657031820000,2.45,2.45,2.35,2.4,1350,33075,30200,weekly,2022-7-7T21:00:00.000,options,put
227,1657031880000,2.4,2.4,2.35,2.35,700,33075,30200,weekly,2022-7-7T21:00:00.000,options,put
228,1657031940000,2.35,2.35,2.3,2.35,275,32325,30200,weekly,2022-7-7T21:00:00.000,options,put
229,1657032000000,2.35,2.35,2.35,2.35,475,32325,30200,weekly,2022-7-7T21:00:00.000,options,put
230,1657032060000,2.3,2.35,2.3,2.35,125,32325,30200,weekly,2022-7-7T21:00:00.000,options,put
231,1657032120000,2.35,2.35,2.35,2.35,100,32325,30200,weekly,2022-7-7T21:00:00.000,options,put
232,1657032180000,2.35,2.45,2.35,2.4,300,31925,30200,weekly,2022-7-7T21:00:00.000,options,put
233,1657032240000,2.4,2.4,2.4,2.4,100,31925,30200,weekly,2022-7-7T21:00:00.000,options,put
234,1657032300000,2.35,2.35,2.3,2.3,600,31950,30200,weekly,2022-7-7T21:00:00.000,options,put
235,1657032360000,2.35,2.35,2.25,2.25,800,31950,30200,weekly,2022-7-7T21:00:00.000,options,put
236,1657032420000,2.25,2.3,2.25,2.3,875,31950,30200,weekly,2022-7-7T21:00:00.000,options,put
237,1657032540000,2.3,2.3,2.25,2.3,375,31600,30200,weekly,2022-7-7T21:00:00.000,options,put
238,1657032600000,2.25,2.25,2.2,2.2,500,31600,30200,weekly,2022-7-7T21:00:00.000,options,put
239,1657032660000,2.25,2.25,2.25,2.25,25,31400,30200,weekly,2022-7-7T21:00:00.000,options,put
240,1657032720000,2.3,2.3,2.3,2.3,200,31400,30200,weekly,2022-7-7T21:00:00.000,options,put
241,1657032780000,2.25,2.3,2.25,2.3,175,31400,30200,weekly,2022-7-7T21:00:00.000,options,put
242,1657032840000,2.35,2.35,2.25,2.25,425,31450,30200,weekly,2022-7-7T21:00:00.000,options,put
243,1657032900000,2.2,2.2,2.2,2.2,50,31450,30200,weekly,2022-7-7T21:00:00.000,options,put
244,1657033080000,2.1,2.2,2.1,2.2,1125,31625,30200,weekly,2022-7-7T21:00:00.000,options,put
245,1657033140000,2.2,2.2,2.2,2.2,75,31625,30200,weekly,2022-7-7T21:00:00.000,options,put
246,1657033200000,2.2,2.2,2.15,2.15,750,32175,30200,weekly,2022-7-7T21:00:00.000,options,put
247,1657033260000,2.2,2.25,2.15,2.25,675,32175,30200,weekly,2022-7-7T21:00:00.000,options,put
248,1657033320000,2.25,2.25,2.25,2.25,75,32175,30200,weekly,2022-7-7T21:00:00.000,options,put
249,1657033380000,2.25,2.25,2.15,2.15,1300,31725,30200,weekly,2022-7-7T21:00:00.000,options,put
250,1657033440000,2.15,2.25,2.15,2.2,3425,31725,30200,weekly,2022-7-7T21:00:00.000,options,put
251,1657033500000,2.25,2.25,2.25,2.25,250,31725,30200,weekly,2022-7-7T21:00:00.000,options,put
252,1657033560000,2.25,2.3,2.2,2.3,375,30725,30200,weekly,2022-7-7T21:00:00.000,options,put
253,1657033620000,2.3,2.3,2.2,2.25,1050,30725,30200,weekly,2022-7-7T21:00:00.000,options,put
254,1657033800000,2.2,2.2,2.15,2.15,325,30725,30200,weekly,2022-7-7T21:00:00.000,options,put
255,1657033860000,2.15,2.15,2.1,2.15,875,30725,30200,weekly,2022-7-7T21:00:00.000,options,put
256,1657033920000,2.15,2.2,2.1,2.15,1750,30725,30200,weekly,2022-7-7T21:00:00.000,options,put
257,1657034040000,2.1,2.1,2.05,2.05,475,30725,30200,weekly,2022-7-7T21:00:00.000,options,put
258,1657034100000,1.95,2.05,1.95,2.05,225,31025,30200,weekly,2022-7-7T21:00:00.000,options,put
259,1657034160000,2.05,2.05,1.9,1.9,500,31025,30200,weekly,2022-7-7T21:00:00.000,options,put
260,1657034220000,1.95,1.95,1.9,1.95,400,31025,30200,weekly,2022-7-7T21:00:00.000,options,put
261,1657034280000,1.85,1.9,1.8,1.9,750,30875,30200,weekly,2022-7-7T21:00:00.000,options,put
262,1657034340000,1.95,1.95,1.8,1.85,775,30875,30200,weekly,2022-7-7T21:00:00.000,options,put
263,1657034400000,1.85,2.0,1.85,1.85,325,30875,30200,weekly,2022-7-7T21:00:00.000,options,put
264,1657034460000,1.85,1.85,1.85,1.85,150,30450,30200,weekly,2022-7-7T21:00:00.000,options,put
265,1657034520000,1.9,1.9,1.9,1.9,1600,30450,30200,weekly,2022-7-7T21:00:00.000,options,put
266,1657034580000,2.0,2.05,1.9,1.9,675,30450,30200,weekly,2022-7-7T21:00:00.000,options,put
267,1657034640000,1.95,1.95,1.9,1.9,350,30450,30200,weekly,2022-7-7T21:00:00.000,options,put
268,1657034700000,1.95,2.0,1.95,2.0,325,30450,30200,weekly,2022-7-7T21:00:00.000,options,put
269,1657034760000,1.9,2.0,1.85,1.85,1675,30450,30200,weekly,2022-7-7T21:00:00.000,options,put
270,1657034820000,1.9,1.95,1.9,1.9,550,30500,30200,weekly,2022-7-7T21:00:00.000,options,put
271,1657034880000,1.9,1.95,1.85,1.95,1700,30500,30200,weekly,2022-7-7T21:00:00.000,options,put
272,1657034940000,1.95,2.05,1.8,1.8,3800,30500,30200,weekly,2022-7-7T21:00:00.000,options,put
