,timestamp,open,high,low,close,volume,open_interest,strike,expiry_type,expiry,instrument,contract_type
0,1586922240000,768.1,944.95,768.1,919.55,5020,,20500,weekly,2020-4-16T21:00:00.000,options,put
1,1586922300000,917.0,917.0,875.0,875.0,2620,,20500,weekly,2020-4-16T21:00:00.000,options,put
2,1586922360000,883.85,898.9,817.4,827.05,1680,,20500,weekly,2020-4-16T21:00:00.000,options,put
3,1586922420000,817.25,819.6,780.15,799.7,1660,,20500,weekly,2020-4-16T21:00:00.000,options,put
4,1586922480000,795.1,800.0,767.65,800.0,2800,,20500,weekly,2020-4-16T21:00:00.000,options,put
5,1586922540000,802.1,810.0,785.0,785.0,3060,,20500,weekly,2020-4-16T21:00:00.000,options,put
6,1586922600000,788.05,843.45,787.1,838.45,1900,,20500,weekly,2020-4-16T21:00:00.000,options,put
7,1586922660000,833.4,886.3,826.25,870.0,1520,,20500,weekly,2020-4-16T21:00:00.000,options,put
8,1586922720000,870.0,895.0,850.0,881.35,860,,20500,weekly,2020-4-16T21:00:00.000,options,put
9,1586922780000,870.9,886.55,848.8,863.65,780,,20500,weekly,2020-4-16T21:00:00.000,options,put
10,1586922840000,856.95,865.0,830.0,830.2,620,,20500,weekly,2020-4-16T21:00:00.000,options,put
11,1586922900000,840.35,852.3,832.95,832.95,220,,20500,weekly,2020-4-16T21:00:00.000,options,put
12,1586922960000,818.25,850.0,808.1,850.0,500,,20500,weekly,2020-4-16T21:00:00.000,options,put
13,1586923020000,850.0,909.8,844.05,909.8,1960,,20500,weekly,2020-4-16T21:00:00.000,options,put
14,1586923080000,895.4,909.95,887.4,900.0,840,,20500,weekly,2020-4-16T21:00:00.000,options,put
15,1586923140000,900.0,938.65,874.75,938.65,1200,,20500,weekly,2020-4-16T21:00:00.000,options,put
16,1586923200000,938.65,949.9,906.3,928.85,2200,,20500,weekly,2020-4-16T21:00:00.000,options,put
17,1586923260000,930.0,950.0,916.9,936.9,620,,20500,weekly,2020-4-16T21:00:00.000,options,put
18,1586923320000,933.2,933.2,862.55,879.4,900,,20500,weekly,2020-4-16T21:00:00.000,options,put
19,1586923380000,872.1,890.0,872.1,890.0,120,,20500,weekly,2020-4-16T21:00:00.000,options,put
20,1586923440000,910.0,910.95,886.0,886.0,540,,20500,weekly,2020-4-16T21:00:00.000,options,put
21,1586923500000,900.0,916.15,893.1,893.1,560,,20500,weekly,2020-4-16T21:00:00.000,options,put
22,1586923560000,871.65,881.25,870.0,881.25,440,,20500,weekly,2020-4-16T21:00:00.000,options,put
23,1586923620000,875.0,880.0,844.75,844.75,280,,20500,weekly,2020-4-16T21:00:00.000,options,put
24,1586923680000,850.0,855.25,838.3,854.85,460,,20500,weekly,2020-4-16T21:00:00.000,options,put
25,1586923740000,847.25,860.05,845.8,860.0,520,,20500,weekly,2020-4-16T21:00:00.000,options,put
26,1586923800000,858.75,886.0,857.5,864.75,700,,20500,weekly,2020-4-16T21:00:00.000,options,put
27,1586923860000,865.5,866.5,865.5,866.5,240,,20500,weekly,2020-4-16T21:00:00.000,options,put
28,1586923920000,876.1,882.05,865.65,872.5,160,,20500,weekly,2020-4-16T21:00:00.000,options,put
29,1586923980000,876.6,893.7,876.6,893.35,260,,20500,weekly,2020-4-16T21:00:00.000,options,put
30,1586924040000,887.6,893.7,848.0,848.0,340,,20500,weekly,2020-4-16T21:00:00.000,options,put
31,1586924100000,846.3,852.8,846.3,852.8,120,,20500,weekly,2020-4-16T21:00:00.000,options,put
32,1586924160000,832.75,833.05,820.0,826.7,1660,,20500,weekly,2020-4-16T21:00:00.000,options,put
33,1586924220000,833.75,833.75,810.0,815.2,420,,20500,weekly,2020-4-16T21:00:00.000,options,put
34,1586924280000,810.0,820.0,783.1,820.0,1200,,20500,weekly,2020-4-16T21:00:00.000,options,put
35,1586924340000,810.85,822.8,790.0,790.0,180,,20500,weekly,2020-4-16T21:00:00.000,options,put
36,1586924400000,800.85,821.15,795.65,804.0,780,,20500,weekly,2020-4-16T21:00:00.000,options,put
37,1586924460000,795.15,812.5,764.15,772.5,660,,20500,weekly,2020-4-16T21:00:00.000,options,put
38,1586924520000,772.5,772.5,725.4,735.0,2180,,20500,weekly,2020-4-16T21:00:00.000,options,put
39,1586924580000,735.0,735.0,717.75,724.2,2860,,20500,weekly,2020-4-16T21:00:00.000,options,put
40,1586924640000,724.2,729.9,710.0,727.8,860,,20500,weekly,2020-4-16T21:00:00.000,options,put
41,1586924700000,727.8,775.0,727.8,755.75,820,,20500,weekly,2020-4-16T21:00:00.000,options,put
42,1586924760000,766.2,766.2,738.0,758.0,260,,20500,weekly,2020-4-16T21:00:00.000,options,put
43,1586924820000,742.25,745.4,733.7,744.5,3140,,20500,weekly,2020-4-16T21:00:00.000,options,put
44,1586924880000,740.45,749.05,712.55,724.25,860,,20500,weekly,2020-4-16T21:00:00.000,options,put
45,1586924940000,717.0,717.0,686.65,709.45,1080,,20500,weekly,2020-4-16T21:00:00.000,options,put
46,1586925000000,715.7,725.8,702.5,715.95,1480,,20500,weekly,2020-4-16T21:00:00.000,options,put
47,1586925060000,715.95,715.95,661.1,688.65,2640,,20500,weekly,2020-4-16T21:00:00.000,options,put
48,1586925120000,677.0,684.6,644.95,650.0,2500,,20500,weekly,2020-4-16T21:00:00.000,options,put
49,1586925180000,653.4,653.4,637.05,639.75,2080,,20500,weekly,2020-4-16T21:00:00.000,options,put
50,1586925240000,637.65,662.65,628.55,662.65,5280,,20500,weekly,2020-4-16T21:00:00.000,options,put
51,1586925300000,670.0,673.85,661.0,661.0,580,,20500,weekly,2020-4-16T21:00:00.000,options,put
52,1586925360000,660.0,681.25,660.0,678.4,3300,,20500,weekly,2020-4-16T21:00:00.000,options,put
53,1586925420000,679.3,689.65,662.75,675.45,1660,,20500,weekly,2020-4-16T21:00:00.000,options,put
54,1586925480000,672.45,672.45,650.0,651.5,1900,,20500,weekly,2020-4-16T21:00:00.000,options,put
55,1586925540000,654.7,672.7,654.05,659.85,520,,20500,weekly,2020-4-16T21:00:00.000,options,put
56,1586925600000,659.85,673.25,645.35,670.45,860,,20500,weekly,2020-4-16T21:00:00.000,options,put
57,1586925660000,671.0,677.35,660.0,670.75,980,,20500,weekly,2020-4-16T21:00:00.000,options,put
58,1586925720000,660.45,664.05,645.95,657.3,1820,,20500,weekly,2020-4-16T21:00:00.000,options,put
59,1586925780000,657.4,670.85,651.0,651.0,460,,20500,weekly,2020-4-16T21:00:00.000,options,put
60,1586925840000,651.0,654.2,634.95,640.15,1100,,20500,weekly,2020-4-16T21:00:00.000,options,put
61,1586925900000,640.15,668.05,640.15,659.7,320,,20500,weekly,2020-4-16T21:00:00.000,options,put
62,1586925960000,659.7,678.0,659.7,678.0,940,,20500,weekly,2020-4-16T21:00:00.000,options,put
63,1586926020000,678.0,719.8,668.3,706.0,2320,,20500,weekly,2020-4-16T21:00:00.000,options,put
64,1586926080000,699.0,710.0,688.0,708.15,1080,,20500,weekly,2020-4-16T21:00:00.000,options,put
65,1586926140000,723.0,741.8,715.2,734.3,1460,,20500,weekly,2020-4-16T21:00:00.000,options,put
66,1586926200000,734.3,734.3,705.25,713.25,780,,20500,weekly,2020-4-16T21:00:00.000,options,put
67,1586926260000,713.25,735.0,713.25,717.25,1320,,20500,weekly,2020-4-16T21:00:00.000,options,put
68,1586926320000,717.25,717.75,693.1,710.0,540,,20500,weekly,2020-4-16T21:00:00.000,options,put
69,1586926380000,701.0,701.0,686.8,697.0,280,,20500,weekly,2020-4-16T21:00:00.000,options,put
70,1586926440000,698.3,704.3,674.5,675.9,1280,,20500,weekly,2020-4-16T21:00:00.000,options,put
71,1586926500000,667.65,667.65,652.05,654.55,780,,20500,weekly,2020-4-16T21:00:00.000,options,put
72,1586926560000,654.55,656.1,640.0,644.2,1500,,20500,weekly,2020-4-16T21:00:00.000,options,put
73,1586926620000,656.15,662.55,648.0,660.2,380,,20500,weekly,2020-4-16T21:00:00.000,options,put
74,1586926680000,660.2,666.55,656.0,656.0,760,,20500,weekly,2020-4-16T21:00:00.000,options,put
75,1586926740000,649.35,671.95,644.0,661.0,5600,,20500,weekly,2020-4-16T21:00:00.000,options,put
76,1586926800000,672.75,682.75,659.35,679.3,1560,,20500,weekly,2020-4-16T21:00:00.000,options,put
77,1586926860000,679.3,679.3,652.4,675.2,1540,,20500,weekly,2020-4-16T21:00:00.000,options,put
78,1586926920000,675.0,676.6,666.1,675.0,320,,20500,weekly,2020-4-16T21:00:00.000,options,put
79,1586926980000,672.0,686.5,672.0,684.5,2420,,20500,weekly,2020-4-16T21:00:00.000,options,put
80,1586927040000,676.6,697.0,674.35,685.15,1460,,20500,weekly,2020-4-16T21:00:00.000,options,put
81,1586927100000,689.15,689.75,675.55,680.0,880,,20500,weekly,2020-4-16T21:00:00.000,options,put
82,1586927160000,686.0,695.0,680.0,695.0,560,,20500,weekly,2020-4-16T21:00:00.000,options,put
83,1586927220000,690.0,710.65,690.0,697.65,1520,,20500,weekly,2020-4-16T21:00:00.000,options,put
84,1586927280000,697.65,704.65,684.55,684.55,360,,20500,weekly,2020-4-16T21:00:00.000,options,put
85,1586927340000,684.55,686.1,666.9,678.4,1400,,20500,weekly,2020-4-16T21:00:00.000,options,put
86,1586927400000,689.25,705.95,689.25,689.5,380,,20500,weekly,2020-4-16T21:00:00.000,options,put
87,1586927460000,680.0,681.0,668.45,676.7,720,,20500,weekly,2020-4-16T21:00:00.000,options,put
88,1586927520000,676.6,676.6,652.0,654.85,480,,20500,weekly,2020-4-16T21:00:00.000,options,put
89,1586927580000,669.5,669.5,652.0,652.0,260,,20500,weekly,2020-4-16T21:00:00.000,options,put
90,1586927640000,652.0,654.7,641.25,643.25,800,,20500,weekly,2020-4-16T21:00:00.000,options,put
91,1586927700000,652.1,652.1,608.35,631.55,1860,,20500,weekly,2020-4-16T21:00:00.000,options,put
92,1586927760000,625.9,640.9,625.9,639.3,720,,20500,weekly,2020-4-16T21:00:00.000,options,put
93,1586927820000,628.0,641.65,610.0,610.0,1240,,20500,weekly,2020-4-16T21:00:00.000,options,put
94,1586927880000,590.3,610.5,579.15,604.1,4660,,20500,weekly,2020-4-16T21:00:00.000,options,put
95,1586927940000,602.1,627.15,602.1,627.15,2060,,20500,weekly,2020-4-16T21:00:00.000,options,put
96,1586928000000,627.15,636.0,617.7,636.0,1060,,20500,weekly,2020-4-16T21:00:00.000,options,put
97,1586928060000,636.0,636.0,625.0,635.65,2000,,20500,weekly,2020-4-16T21:00:00.000,options,put
98,1586928120000,635.0,653.45,631.95,640.65,10880,,20500,weekly,2020-4-16T21:00:00.000,options,put
99,1586928180000,636.6,664.35,636.6,664.35,3340,,20500,weekly,2020-4-16T21:00:00.000,options,put
100,1586928240000,662.35,673.6,660.0,661.05,700,,20500,weekly,2020-4-16T21:00:00.000,options,put
101,1586928300000,657.45,657.45,647.2,655.95,400,,20500,weekly,2020-4-16T21:00:00.000,options,put
102,1586928360000,655.95,679.25,655.95,678.75,1060,,20500,weekly,2020-4-16T21:00:00.000,options,put
103,1586928420000,674.85,678.35,670.0,674.35,980,,20500,weekly,2020-4-16T21:00:00.000,options,put
104,1586928480000,667.2,671.3,662.5,671.3,500,,20500,weekly,2020-4-16T21:00:00.000,options,put
105,1586928540000,672.0,744.25,672.0,721.95,5860,,20500,weekly,2020-4-16T21:00:00.000,options,put
106,1586928600000,713.75,733.6,697.45,699.15,960,,20500,weekly,2020-4-16T21:00:00.000,options,put
107,1586928660000,707.6,710.0,700.15,702.0,2080,,20500,weekly,2020-4-16T21:00:00.000,options,put
108,1586928720000,704.95,704.95,681.05,690.0,280,,20500,weekly,2020-4-16T21:00:00.000,options,put
109,1586928780000,692.85,692.85,679.1,685.9,1520,,20500,weekly,2020-4-16T21:00:00.000,options,put
110,1586928840000,691.4,700.15,684.55,685.0,680,,20500,weekly,2020-4-16T21:00:00.000,options,put
111,1586928900000,682.85,692.05,681.55,692.05,260,,20500,weekly,2020-4-16T21:00:00.000,options,put
112,1586928960000,691.0,699.0,687.25,690.0,360,,20500,weekly,2020-4-16T21:00:00.000,options,put
113,1586929020000,686.0,686.0,662.85,672.3,5020,,20500,weekly,2020-4-16T21:00:00.000,options,put
114,1586929080000,668.45,683.65,668.45,670.3,2460,,20500,weekly,2020-4-16T21:00:00.000,options,put
115,1586929140000,674.6,689.0,674.6,679.05,480,,20500,weekly,2020-4-16T21:00:00.000,options,put
116,1586929200000,674.65,680.0,674.65,680.0,2260,,20500,weekly,2020-4-16T21:00:00.000,options,put
117,1586929260000,684.5,684.5,645.25,648.35,3140,,20500,weekly,2020-4-16T21:00:00.000,options,put
118,1586929320000,648.7,657.9,645.25,656.3,560,,20500,weekly,2020-4-16T21:00:00.000,options,put
119,1586929380000,656.3,660.9,650.75,650.75,500,,20500,weekly,2020-4-16T21:00:00.000,options,put
120,1586929440000,666.0,669.55,656.75,656.75,120,,20500,weekly,2020-4-16T21:00:00.000,options,put
121,1586929500000,658.6,660.0,616.2,624.0,1520,,20500,weekly,2020-4-16T21:00:00.000,options,put
122,1586929560000,624.0,646.75,624.0,632.7,900,,20500,weekly,2020-4-16T21:00:00.000,options,put
123,1586929620000,649.0,649.0,626.7,631.6,860,,20500,weekly,2020-4-16T21:00:00.000,options,put
124,1586929680000,625.05,642.9,620.0,642.9,300,,20500,weekly,2020-4-16T21:00:00.000,options,put
125,1586929740000,639.75,651.35,639.75,644.7,760,,20500,weekly,2020-4-16T21:00:00.000,options,put
126,1586929800000,647.25,677.65,643.0,676.25,4460,,20500,weekly,2020-4-16T21:00:00.000,options,put
127,1586929860000,660.6,676.4,660.6,674.45,4380,,20500,weekly,2020-4-16T21:00:00.000,options,put
128,1586929920000,672.95,678.35,665.0,676.0,3060,,20500,weekly,2020-4-16T21:00:00.000,options,put
129,1586929980000,676.0,690.9,676.0,688.45,1900,,20500,weekly,2020-4-16T21:00:00.000,options,put
130,1586930040000,687.75,703.8,675.0,703.8,2040,,20500,weekly,2020-4-16T21:00:00.000,options,put
131,1586930100000,701.1,748.95,698.15,720.0,3380,,20500,weekly,2020-4-16T21:00:00.000,options,put
132,1586930160000,716.5,716.55,705.5,716.55,280,,20500,weekly,2020-4-16T21:00:00.000,options,put
133,1586930220000,720.0,720.0,700.05,710.0,920,,20500,weekly,2020-4-16T21:00:00.000,options,put
134,1586930280000,715.0,720.0,706.8,706.8,660,,20500,weekly,2020-4-16T21:00:00.000,options,put
135,1586930340000,706.8,709.95,690.0,700.75,1500,,20500,weekly,2020-4-16T21:00:00.000,options,put
136,1586930400000,700.75,709.0,697.0,707.55,540,,20500,weekly,2020-4-16T21:00:00.000,options,put
137,1586930460000,709.0,727.45,709.0,720.8,1360,,20500,weekly,2020-4-16T21:00:00.000,options,put
138,1586930520000,727.25,741.0,707.8,724.05,1780,,20500,weekly,2020-4-16T21:00:00.000,options,put
139,1586930580000,726.75,731.1,700.0,702.0,320,,20500,weekly,2020-4-16T21:00:00.000,options,put
140,1586930640000,697.1,704.4,690.3,694.3,1640,,20500,weekly,2020-4-16T21:00:00.000,options,put
141,1586930700000,693.75,700.0,692.4,700.0,1000,,20500,weekly,2020-4-16T21:00:00.000,options,put
142,1586930760000,700.0,704.25,678.7,678.7,2700,,20500,weekly,2020-4-16T21:00:00.000,options,put
143,1586930820000,685.05,685.05,661.15,670.0,9380,,20500,weekly,2020-4-16T21:00:00.000,options,put
144,1586930880000,675.75,675.75,665.0,667.85,180,,20500,weekly,2020-4-16T21:00:00.000,options,put
145,1586930940000,660.0,663.0,652.1,663.0,480,,20500,weekly,2020-4-16T21:00:00.000,options,put
146,1586931000000,664.0,685.0,664.0,685.0,160,,20500,weekly,2020-4-16T21:00:00.000,options,put
147,1586931060000,685.0,702.2,684.0,692.05,280,,20500,weekly,2020-4-16T21:00:00.000,options,put
148,1586931120000,702.75,721.45,700.2,717.0,9240,,20500,weekly,2020-4-16T21:00:00.000,options,put
149,1586931180000,724.95,755.0,722.3,743.4,9360,,20500,weekly,2020-4-16T21:00:00.000,options,put
150,1586931240000,739.5,750.75,731.25,733.55,2220,,20500,weekly,2020-4-16T21:00:00.000,options,put
151,1586931300000,740.0,759.4,736.25,737.5,2820,,20500,weekly,2020-4-16T21:00:00.000,options,put
152,1586931360000,741.35,756.45,740.0,756.45,220,,20500,weekly,2020-4-16T21:00:00.000,options,put
153,1586931420000,758.0,772.4,758.0,771.85,4460,,20500,weekly,2020-4-16T21:00:00.000,options,put
154,1586931480000,767.95,781.5,760.05,779.3,2080,,20500,weekly,2020-4-16T21:00:00.000,options,put
155,1586931540000,795.3,795.3,775.0,777.85,3840,,20500,weekly,2020-4-16T21:00:00.000,options,put
156,1586931600000,767.3,767.3,740.9,749.7,3500,,20500,weekly,2020-4-16T21:00:00.000,options,put
157,1586931660000,755.0,773.3,751.7,762.65,580,,20500,weekly,2020-4-16T21:00:00.000,options,put
158,1586931720000,762.65,771.45,742.8,742.8,1300,,20500,weekly,2020-4-16T21:00:00.000,options,put
159,1586931780000,747.75,747.75,728.8,745.0,540,,20500,weekly,2020-4-16T21:00:00.000,options,put
160,1586931840000,745.05,759.0,740.65,759.0,1160,,20500,weekly,2020-4-16T21:00:00.000,options,put
161,1586931900000,764.0,786.2,764.0,784.0,2160,,20500,weekly,2020-4-16T21:00:00.000,options,put
162,1586931960000,784.0,784.0,750.0,765.0,400,,20500,weekly,2020-4-16T21:00:00.000,options,put
163,1586932020000,770.0,770.0,742.25,759.0,1040,,20500,weekly,2020-4-16T21:00:00.000,options,put
164,1586932080000,759.0,763.3,717.1,729.05,1320,,20500,weekly,2020-4-16T21:00:00.000,options,put
165,1586932140000,737.6,750.0,737.6,750.0,340,,20500,weekly,2020-4-16T21:00:00.000,options,put
166,1586932200000,736.0,736.0,718.35,725.0,3880,,20500,weekly,2020-4-16T21:00:00.000,options,put
167,1586932260000,724.0,728.15,700.0,725.15,7840,,20500,weekly,2020-4-16T21:00:00.000,options,put
168,1586932320000,729.1,757.15,728.3,757.15,1080,,20500,weekly,2020-4-16T21:00:00.000,options,put
169,1586932380000,753.05,762.8,753.05,757.8,400,,20500,weekly,2020-4-16T21:00:00.000,options,put
170,1586932440000,755.8,755.8,743.7,755.0,120,,20500,weekly,2020-4-16T21:00:00.000,options,put
171,1586932500000,748.4,749.0,725.0,742.5,2640,,20500,weekly,2020-4-16T21:00:00.000,options,put
172,1586932560000,742.5,742.95,733.7,741.55,360,,20500,weekly,2020-4-16T21:00:00.000,options,put
173,1586932620000,736.85,737.5,736.85,737.5,40,,20500,weekly,2020-4-16T21:00:00.000,options,put
174,1586932680000,724.6,733.65,724.6,733.65,2080,,20500,weekly,2020-4-16T21:00:00.000,options,put
175,1586932740000,726.0,735.3,715.0,715.0,660,,20500,weekly,2020-4-16T21:00:00.000,options,put
176,1586932800000,710.2,713.15,700.4,707.25,1540,,20500,weekly,2020-4-16T21:00:00.000,options,put
177,1586932860000,722.65,726.8,722.65,726.8,140,,20500,weekly,2020-4-16T21:00:00.000,options,put
178,1586932920000,727.85,730.0,701.8,701.8,720,,20500,weekly,2020-4-16T21:00:00.000,options,put
179,1586932980000,701.8,710.0,658.1,677.75,1520,,20500,weekly,2020-4-16T21:00:00.000,options,put
180,1586933040000,688.1,688.1,662.95,671.7,1780,,20500,weekly,2020-4-16T21:00:00.000,options,put
181,1586933100000,671.7,690.5,671.7,685.75,820,,20500,weekly,2020-4-16T21:00:00.000,options,put
182,1586933160000,685.75,685.85,681.05,684.0,460,,20500,weekly,2020-4-16T21:00:00.000,options,put
183,1586933220000,683.25,683.7,657.65,676.65,600,,20500,weekly,2020-4-16T21:00:00.000,options,put
184,1586933280000,663.0,681.55,663.0,680.95,1620,,20500,weekly,2020-4-16T21:00:00.000,options,put
185,1586933340000,682.2,682.2,672.9,675.4,560,,20500,weekly,2020-4-16T21:00:00.000,options,put
186,1586933400000,672.75,691.85,670.0,691.3,1200,,20500,weekly,2020-4-16T21:00:00.000,options,put
187,1586933460000,691.3,705.2,684.65,687.0,400,,20500,weekly,2020-4-16T21:00:00.000,options,put
188,1586933520000,689.0,703.95,689.0,700.5,200,,20500,weekly,2020-4-16T21:00:00.000,options,put
189,1586933580000,685.0,689.4,675.4,689.4,540,,20500,weekly,2020-4-16T21:00:00.000,options,put
190,1586933640000,696.4,710.0,696.4,709.7,500,,20500,weekly,2020-4-16T21:00:00.000,options,put
191,1586933700000,698.2,701.0,698.2,700.0,80,,20500,weekly,2020-4-16T21:00:00.000,options,put
192,1586933760000,704.5,715.0,704.5,715.0,640,,20500,weekly,2020-4-16T21:00:00.000,options,put
193,1586933820000,727.15,727.15,707.85,720.0,960,,20500,weekly,2020-4-16T21:00:00.000,options,put
194,1586933880000,720.05,731.5,720.0,730.0,800,,20500,weekly,2020-4-16T21:00:00.000,options,put
195,1586933940000,732.0,765.0,732.0,760.3,5780,,20500,weekly,2020-4-16T21:00:00.000,options,put
196,1586934000000,768.0,772.9,754.8,765.0,9740,,20500,weekly,2020-4-16T21:00:00.000,options,put
197,1586934060000,754.05,768.25,735.05,750.0,760,,20500,weekly,2020-4-16T21:00:00.000,options,put
198,1586934120000,746.15,756.6,740.0,742.45,800,,20500,weekly,2020-4-16T21:00:00.000,options,put
199,1586934180000,731.2,748.0,730.0,748.0,3520,,20500,weekly,2020-4-16T21:00:00.000,options,put
200,1586934240000,748.45,748.45,724.35,740.9,640,,20500,weekly,2020-4-16T21:00:00.000,options,put
201,1586934300000,741.0,741.0,725.3,728.1,2200,,20500,weekly,2020-4-16T21:00:00.000,options,put
202,1586934360000,725.3,726.45,700.9,720.15,2360,,20500,weekly,2020-4-16T21:00:00.000,options,put
203,1586934420000,715.15,732.45,715.05,730.0,1100,,20500,weekly,2020-4-16T21:00:00.000,options,put
204,1586934480000,730.0,749.8,730.0,740.0,5080,,20500,weekly,2020-4-16T21:00:00.000,options,put
205,1586934540000,740.0,740.0,718.9,718.9,5120,,20500,weekly,2020-4-16T21:00:00.000,options,put
206,1586934600000,718.9,735.0,716.0,732.95,1080,,20500,weekly,2020-4-16T21:00:00.000,options,put
207,1586934660000,735.3,742.0,731.0,741.95,460,,20500,weekly,2020-4-16T21:00:00.000,options,put
208,1586934720000,741.95,745.6,735.65,735.65,400,,20500,weekly,2020-4-16T21:00:00.000,options,put
209,1586934780000,740.0,743.85,718.65,718.65,300,,20500,weekly,2020-4-16T21:00:00.000,options,put
210,1586934840000,740.0,762.15,739.85,753.0,1380,,20500,weekly,2020-4-16T21:00:00.000,options,put
211,1586934900000,754.9,804.95,754.9,788.1,2460,,20500,weekly,2020-4-16T21:00:00.000,options,put
212,1586934960000,792.05,817.15,780.0,782.2,10460,,20500,weekly,2020-4-16T21:00:00.000,options,put
213,1586935020000,786.95,791.55,780.0,791.2,960,,20500,weekly,2020-4-16T21:00:00.000,options,put
214,1586935080000,791.2,800.0,781.3,781.3,720,,20500,weekly,2020-4-16T21:00:00.000,options,put
215,1586935140000,795.8,803.95,786.45,798.3,1260,,20500,weekly,2020-4-16T21:00:00.000,options,put
216,1586935200000,803.7,851.75,803.05,830.6,2260,,20500,weekly,2020-4-16T21:00:00.000,options,put
217,1586935260000,835.75,850.0,833.4,842.4,1360,,20500,weekly,2020-4-16T21:00:00.000,options,put
218,1586935320000,849.85,859.95,841.35,841.35,880,,20500,weekly,2020-4-16T21:00:00.000,options,put
219,1586935380000,833.25,863.4,833.25,859.5,2060,,20500,weekly,2020-4-16T21:00:00.000,options,put
220,1586935440000,849.65,859.5,812.75,824.9,1580,,20500,weekly,2020-4-16T21:00:00.000,options,put
221,1586935500000,822.0,830.0,815.0,826.65,1160,,20500,weekly,2020-4-16T21:00:00.000,options,put
222,1586935560000,826.9,844.25,826.9,844.25,1000,,20500,weekly,2020-4-16T21:00:00.000,options,put
223,1586935620000,838.55,838.55,813.0,813.0,300,,20500,weekly,2020-4-16T21:00:00.000,options,put
224,1586935680000,807.7,830.25,807.7,821.25,2220,,20500,weekly,2020-4-16T21:00:00.000,options,put
225,1586935740000,824.3,842.25,824.3,833.3,3860,,20500,weekly,2020-4-16T21:00:00.000,options,put
226,1586935800000,826.55,841.0,826.55,840.0,240,,20500,weekly,2020-4-16T21:00:00.000,options,put
227,1586935860000,832.35,832.35,790.4,801.55,1080,,20500,weekly,2020-4-16T21:00:00.000,options,put
228,1586935920000,818.0,818.0,804.5,811.65,600,,20500,weekly,2020-4-16T21:00:00.000,options,put
229,1586935980000,815.0,838.0,815.0,838.0,1000,,20500,weekly,2020-4-16T21:00:00.000,options,put
230,1586936040000,820.0,848.0,814.55,848.0,660,,20500,weekly,2020-4-16T21:00:00.000,options,put
231,1586936100000,853.9,920.95,850.0,884.7,3880,,20500,weekly,2020-4-16T21:00:00.000,options,put
232,1586936160000,880.0,881.15,857.65,871.15,1460,,20500,weekly,2020-4-16T21:00:00.000,options,put
233,1586936220000,873.7,875.0,850.0,850.0,1000,,20500,weekly,2020-4-16T21:00:00.000,options,put
234,1586936280000,864.9,865.0,821.0,838.6,2040,,20500,weekly,2020-4-16T21:00:00.000,options,put
235,1586936340000,838.35,844.65,821.65,844.0,1340,,20500,weekly,2020-4-16T21:00:00.000,options,put
236,1586936400000,845.0,870.0,845.0,869.9,1200,,20500,weekly,2020-4-16T21:00:00.000,options,put
237,1586936460000,865.0,873.9,852.9,852.9,920,,20500,weekly,2020-4-16T21:00:00.000,options,put
238,1586936520000,865.15,890.0,865.15,874.75,1700,,20500,weekly,2020-4-16T21:00:00.000,options,put
239,1586936580000,871.8,871.8,849.9,865.75,1920,,20500,weekly,2020-4-16T21:00:00.000,options,put
240,1586936640000,875.0,915.0,875.0,902.1,1080,,20500,weekly,2020-4-16T21:00:00.000,options,put
241,1586936700000,895.0,960.8,895.0,940.0,3440,,20500,weekly,2020-4-16T21:00:00.000,options,put
242,1586936760000,941.05,955.75,931.6,949.45,1860,,20500,weekly,2020-4-16T21:00:00.000,options,put
243,1586936820000,940.25,953.1,920.0,953.1,1720,,20500,weekly,2020-4-16T21:00:00.000,options,put
244,1586936880000,946.85,958.0,927.05,949.05,780,,20500,weekly,2020-4-16T21:00:00.000,options,put
245,1586936940000,945.0,948.3,906.65,916.65,460,,20500,weekly,2020-4-16T21:00:00.000,options,put
246,1586937000000,924.0,947.2,924.0,941.0,140,,20500,weekly,2020-4-16T21:00:00.000,options,put
247,1586937060000,936.2,975.0,934.85,975.0,1140,,20500,weekly,2020-4-16T21:00:00.000,options,put
248,1586937120000,975.0,990.0,971.0,984.0,880,,20500,weekly,2020-4-16T21:00:00.000,options,put
249,1586937180000,979.95,1045.0,970.0,1038.05,1540,,20500,weekly,2020-4-16T21:00:00.000,options,put
250,1586937240000,1040.0,1045.0,1012.05,1016.05,1520,,20500,weekly,2020-4-16T21:00:00.000,options,put
251,1586937300000,1000.0,1010.0,976.9,983.9,1240,,20500,weekly,2020-4-16T21:00:00.000,options,put
252,1586937360000,980.0,1009.85,980.0,997.95,1240,,20500,weekly,2020-4-16T21:00:00.000,options,put
253,1586937420000,995.5,995.5,965.0,965.0,380,,20500,weekly,2020-4-16T21:00:00.000,options,put
254,1586937480000,951.75,1000.0,951.75,1000.0,760,,20500,weekly,2020-4-16T21:00:00.000,options,put
255,1586937540000,1000.0,1030.05,998.7,1001.4,620,,20500,weekly,2020-4-16T21:00:00.000,options,put
256,1586937600000,1000.0,1000.0,970.15,985.0,980,,20500,weekly,2020-4-16T21:00:00.000,options,put
257,1586937660000,970.0,980.15,934.4,940.4,2000,,20500,weekly,2020-4-16T21:00:00.000,options,put
258,1586937720000,956.1,960.0,943.25,957.65,340,,20500,weekly,2020-4-16T21:00:00.000,options,put
259,1586937780000,951.3,970.1,944.0,944.0,1480,,20500,weekly,2020-4-16T21:00:00.000,options,put
260,1586937840000,944.0,944.25,908.65,924.0,1780,,20500,weekly,2020-4-16T21:00:00.000,options,put
261,1586937900000,936.35,970.6,936.35,962.0,1880,,20500,weekly,2020-4-16T21:00:00.000,options,put
262,1586937960000,970.5,1000.0,965.35,1000.0,1340,,20500,weekly,2020-4-16T21:00:00.000,options,put
263,1586938020000,1000.0,1003.0,992.65,1000.95,600,,20500,weekly,2020-4-16T21:00:00.000,options,put
264,1586938080000,990.0,1001.35,972.75,977.8,1520,,20500,weekly,2020-4-16T21:00:00.000,options,put
265,1586938140000,980.1,993.0,972.25,981.1,4700,,20500,weekly,2020-4-16T21:00:00.000,options,put
266,1586938200000,966.9,975.05,963.0,963.0,80,,20500,weekly,2020-4-16T21:00:00.000,options,put
267,1586938260000,963.0,974.15,961.85,965.0,380,,20500,weekly,2020-4-16T21:00:00.000,options,put
268,1586938320000,981.95,1000.0,979.25,1000.0,320,,20500,weekly,2020-4-16T21:00:00.000,options,put
269,1586938380000,996.0,1043.0,996.0,1043.0,2000,,20500,weekly,2020-4-16T21:00:00.000,options,put
270,1586938440000,1074.25,1160.1,1063.15,1152.5,3300,,20500,weekly,2020-4-16T21:00:00.000,options,put
271,1586938500000,1134.95,1142.3,1101.05,1142.3,940,,20500,weekly,2020-4-16T21:00:00.000,options,put
272,1586938560000,1150.0,1150.95,1130.45,1130.45,700,,20500,weekly,2020-4-16T21:00:00.000,options,put
273,1586938620000,1130.0,1230.35,1130.0,1204.85,2460,,20500,weekly,2020-4-16T21:00:00.000,options,put
274,1586938680000,1209.25,1221.6,1189.15,1202.5,3260,,20500,weekly,2020-4-16T21:00:00.000,options,put
275,1586938740000,1191.65,1191.85,1153.0,1191.15,1940,,20500,weekly,2020-4-16T21:00:00.000,options,put
276,1586938800000,1194.4,1196.2,1180.3,1182.75,280,,20500,weekly,2020-4-16T21:00:00.000,options,put
277,1586938860000,1170.0,1170.0,1139.95,1141.55,940,,20500,weekly,2020-4-16T21:00:00.000,options,put
278,1586938920000,1155.0,1180.6,1155.0,1161.0,1040,,20500,weekly,2020-4-16T21:00:00.000,options,put
279,1586938980000,1167.1,1181.0,1167.1,1180.25,540,,20500,weekly,2020-4-16T21:00:00.000,options,put
280,1586939040000,1180.0,1180.0,1119.45,1119.45,1300,,20500,weekly,2020-4-16T21:00:00.000,options,put
281,1586939100000,1113.75,1150.0,1113.75,1150.0,360,,20500,weekly,2020-4-16T21:00:00.000,options,put
282,1586939160000,1150.0,1153.65,1128.95,1146.45,300,,20500,weekly,2020-4-16T21:00:00.000,options,put
283,1586939220000,1146.45,1183.85,1146.45,1183.85,200,,20500,weekly,2020-4-16T21:00:00.000,options,put
284,1586939280000,1189.15,1255.0,1189.15,1238.9,1200,,20500,weekly,2020-4-16T21:00:00.000,options,put
285,1586939340000,1255.0,1259.6,1227.45,1230.0,540,,20500,weekly,2020-4-16T21:00:00.000,options,put
286,1586939400000,1230.0,1291.6,1230.0,1290.1,4300,,20500,weekly,2020-4-16T21:00:00.000,options,put
287,1586939460000,1275.0,1300.0,1275.0,1279.5,2500,,20500,weekly,2020-4-16T21:00:00.000,options,put
288,1586939520000,1272.1,1272.1,1255.0,1255.0,240,,20500,weekly,2020-4-16T21:00:00.000,options,put
289,1586939580000,1246.4,1282.4,1246.4,1279.95,760,,20500,weekly,2020-4-16T21:00:00.000,options,put
290,1586939640000,1279.65,1345.0,1279.65,1338.55,1480,,20500,weekly,2020-4-16T21:00:00.000,options,put
291,1586939700000,1326.7,1326.7,1306.15,1323.25,640,,20500,weekly,2020-4-16T21:00:00.000,options,put
292,1586939760000,1340.8,1364.1,1321.7,1321.7,2080,,20500,weekly,2020-4-16T21:00:00.000,options,put
293,1586939820000,1308.45,1391.6,1308.45,1391.6,940,,20500,weekly,2020-4-16T21:00:00.000,options,put
294,1586939880000,1375.6,1450.0,1375.6,1450.0,1280,,20500,weekly,2020-4-16T21:00:00.000,options,put
295,1586939940000,1506.75,1551.75,1470.6,1543.4,760,,20500,weekly,2020-4-16T21:00:00.000,options,put
296,1586940000000,1543.4,1567.95,1503.65,1526.85,1120,,20500,weekly,2020-4-16T21:00:00.000,options,put
297,1586940060000,1497.4,1503.4,1455.3,1474.15,540,,20500,weekly,2020-4-16T21:00:00.000,options,put
298,1586940120000,1456.0,1512.85,1456.0,1494.4,2720,,20500,weekly,2020-4-16T21:00:00.000,options,put
299,1586940180000,1511.85,1566.2,1511.85,1544.25,1740,,20500,weekly,2020-4-16T21:00:00.000,options,put
300,1586940240000,1543.6,1664.5,1543.6,1650.0,1900,,20500,weekly,2020-4-16T21:00:00.000,options,put
301,1586940300000,1653.2,1716.5,1612.3,1700.0,1680,,20500,weekly,2020-4-16T21:00:00.000,options,put
302,1586940360000,1708.85,1754.75,1708.85,1728.85,780,,20500,weekly,2020-4-16T21:00:00.000,options,put
303,1586940420000,1737.75,1755.1,1710.0,1719.15,960,,20500,weekly,2020-4-16T21:00:00.000,options,put
304,1586940480000,1691.9,1708.05,1667.4,1708.05,380,,20500,weekly,2020-4-16T21:00:00.000,options,put
305,1586940540000,1715.25,1723.25,1684.6,1684.6,680,,20500,weekly,2020-4-16T21:00:00.000,options,put
306,1586940600000,1695.65,1784.5,1695.65,1775.0,980,,20500,weekly,2020-4-16T21:00:00.000,options,put
307,1586940660000,1768.25,1768.25,1736.0,1745.05,1360,,20500,weekly,2020-4-16T21:00:00.000,options,put
308,1586940720000,1745.65,1851.65,1745.65,1801.55,820,,20500,weekly,2020-4-16T21:00:00.000,options,put
309,1586940780000,1797.05,1825.0,1772.35,1772.35,2240,,20500,weekly,2020-4-16T21:00:00.000,options,put
310,1586940840000,1759.55,1759.55,1712.9,1717.4,1100,,20500,weekly,2020-4-16T21:00:00.000,options,put
311,1586940900000,1722.1,1745.75,1642.3,1650.0,460,,20500,weekly,2020-4-16T21:00:00.000,options,put
312,1586940960000,1650.0,1695.05,1650.0,1690.6,380,,20500,weekly,2020-4-16T21:00:00.000,options,put
313,1586941020000,1667.85,1667.85,1590.15,1590.15,580,,20500,weekly,2020-4-16T21:00:00.000,options,put
314,1586941080000,1590.15,1619.7,1560.35,1575.9,900,,20500,weekly,2020-4-16T21:00:00.000,options,put
315,1586941140000,1593.0,1643.0,1593.0,1626.8,380,,20500,weekly,2020-4-16T21:00:00.000,options,put
316,1586941200000,1600.65,1650.35,1600.65,1634.9,660,,20500,weekly,2020-4-16T21:00:00.000,options,put
317,1586941260000,1633.9,1654.05,1612.95,1645.9,880,,20500,weekly,2020-4-16T21:00:00.000,options,put
318,1586941320000,1655.0,1655.0,1618.75,1625.0,560,,20500,weekly,2020-4-16T21:00:00.000,options,put
319,1586941380000,1596.5,1597.35,1551.9,1552.2,1080,,20500,weekly,2020-4-16T21:00:00.000,options,put
320,1586941440000,1567.25,1589.5,1558.25,1573.35,320,,20500,weekly,2020-4-16T21:00:00.000,options,put
321,1586941500000,1588.35,1602.3,1588.35,1602.3,580,,20500,weekly,2020-4-16T21:00:00.000,options,put
322,1586941560000,1602.3,1602.3,1572.95,1572.95,140,,20500,weekly,2020-4-16T21:00:00.000,options,put
323,1586941620000,1592.4,1592.4,1533.55,1533.55,600,,20500,weekly,2020-4-16T21:00:00.000,options,put
324,1586941680000,1501.0,1501.0,1486.15,1486.15,300,,20500,weekly,2020-4-16T21:00:00.000,options,put
325,1586941740000,1474.3,1520.0,1474.3,1520.0,300,,20500,weekly,2020-4-16T21:00:00.000,options,put
326,1586941800000,1502.8,1510.0,1496.2,1510.0,80,,20500,weekly,2020-4-16T21:00:00.000,options,put
327,1586941860000,1559.2,1559.2,1544.0,1550.0,260,,20500,weekly,2020-4-16T21:00:00.000,options,put
328,1586941920000,1537.9,1537.9,1530.25,1530.25,80,,20500,weekly,2020-4-16T21:00:00.000,options,put
329,1586942040000,1514.3,1515.7,1514.3,1515.7,100,,20500,weekly,2020-4-16T21:00:00.000,options,put
330,1586942100000,1550.0,1550.0,1525.35,1525.35,120,,20500,weekly,2020-4-16T21:00:00.000,options,put
331,1586942160000,1500.0,1500.0,1500.0,1500.0,60,,20500,weekly,2020-4-16T21:00:00.000,options,put
332,1586942220000,1500.0,1500.0,1500.0,1500.0,20,,20500,weekly,2020-4-16T21:00:00.000,options,put
333,1586942280000,1485.45,1485.45,1485.45,1485.45,20,,20500,weekly,2020-4-16T21:00:00.000,options,put
334,1586942340000,1535.45,1598.1,1535.45,1593.25,780,,20500,weekly,2020-4-16T21:00:00.000,options,put
335,1586942400000,1593.25,1593.25,1556.15,1565.7,320,,20500,weekly,2020-4-16T21:00:00.000,options,put
336,1586942460000,1567.15,1567.15,1567.15,1567.15,40,,20500,weekly,2020-4-16T21:00:00.000,options,put
337,1586942520000,1591.7,1630.0,1591.7,1613.8,400,,20500,weekly,2020-4-16T21:00:00.000,options,put
338,1586942580000,1615.05,1615.05,1604.95,1604.95,60,,20500,weekly,2020-4-16T21:00:00.000,options,put
339,1586942700000,1570.0,1570.0,1570.0,1570.0,60,,20500,weekly,2020-4-16T21:00:00.000,options,put
340,1586942760000,1560.35,1560.35,1550.0,1550.0,260,,20500,weekly,2020-4-16T21:00:00.000,options,put
341,1586942940000,1547.75,1547.75,1547.75,1547.75,20,,20500,weekly,2020-4-16T21:00:00.000,options,put
342,1586943300000,1533.15,1533.15,1533.15,1533.15,100,,20500,weekly,2020-4-16T21:00:00.000,options,put
343,1586943360000,1538.55,1572.95,1538.55,1572.95,520,,20500,weekly,2020-4-16T21:00:00.000,options,put
344,1586943420000,1563.25,1563.25,1534.9,1549.15,320,,20500,weekly,2020-4-16T21:00:00.000,options,put
345,1586943480000,1549.15,1549.15,1549.15,1549.15,100,,20500,weekly,2020-4-16T21:00:00.000,options,put
346,1586943540000,1560.0,1565.05,1550.0,1552.05,160,,20500,weekly,2020-4-16T21:00:00.000,options,put
347,1586943600000,1551.6,1590.0,1551.6,1590.0,560,,20500,weekly,2020-4-16T21:00:00.000,options,put
348,1586943660000,1590.2,1590.2,1590.2,1590.2,20,,20500,weekly,2020-4-16T21:00:00.000,options,put
349,1586943720000,1560.8,1560.8,1551.95,1551.95,80,,20500,weekly,2020-4-16T21:00:00.000,options,put
350,1586943840000,1538.3,1541.6,1535.65,1535.65,60,,20500,weekly,2020-4-16T21:00:00.000,options,put
351,1586943900000,1524.0,1525.95,1515.25,1525.95,140,,20500,weekly,2020-4-16T21:00:00.000,options,put
352,1586943960000,1525.95,1525.95,1509.65,1509.65,100,,20500,weekly,2020-4-16T21:00:00.000,options,put
353,1586944020000,1508.75,1510.0,1508.75,1510.0,40,,20500,weekly,2020-4-16T21:00:00.000,options,put
354,1586944080000,1500.0,1501.0,1480.0,1480.0,560,,20500,weekly,2020-4-16T21:00:00.000,options,put
355,1586944140000,1480.0,1485.8,1476.5,1480.0,160,,20500,weekly,2020-4-16T21:00:00.000,options,put
356,1586944200000,1481.0,1485.2,1480.0,1480.0,860,,20500,weekly,2020-4-16T21:00:00.000,options,put
357,1586944260000,1500.0,1500.0,1500.0,1500.0,520,,20500,weekly,2020-4-16T21:00:00.000,options,put
358,1586944320000,1510.0,1510.0,1505.45,1510.0,440,,20500,weekly,2020-4-16T21:00:00.000,options,put
359,1586944380000,1492.7,1492.7,1492.7,1492.7,160,,20500,weekly,2020-4-16T21:00:00.000,options,put
360,1586944440000,1498.1,1498.1,1493.25,1493.25,260,,20500,weekly,2020-4-16T21:00:00.000,options,put
361,1586944500000,1490.0,1490.0,1490.0,1490.0,20,,20500,weekly,2020-4-16T21:00:00.000,options,put
362,1586944560000,1484.45,1484.45,1479.45,1479.45,200,,20500,weekly,2020-4-16T21:00:00.000,options,put
363,1586944620000,1479.45,1479.45,1475.0,1476.45,940,,20500,weekly,2020-4-16T21:00:00.000,options,put
364,1586944680000,1473.8,1479.15,1471.95,1479.15,1420,,20500,weekly,2020-4-16T21:00:00.000,options,put
