,timestamp,open,high,low,close,volume,open_interest,strike,expiry_type,expiry,instrument,contract_type
0,1594352640000,626.0,626.05,483.95,502.2,3400,,22600,weekly,2020-7-16T21:00:00.000,options,call
1,1594352700000,502.2,507.6,499.0,502.35,2540,,22600,weekly,2020-7-16T21:00:00.000,options,call
2,1594352760000,500.05,502.45,487.3,499.15,1620,,22600,weekly,2020-7-16T21:00:00.000,options,call
3,1594352820000,499.15,499.15,488.0,497.95,4180,,22600,weekly,2020-7-16T21:00:00.000,options,call
4,1594352880000,497.95,503.9,494.05,503.15,3100,,22600,weekly,2020-7-16T21:00:00.000,options,call
5,1594352940000,503.15,517.05,499.6,504.1,4260,,22600,weekly,2020-7-16T21:00:00.000,options,call
6,1594353000000,504.6,513.75,502.3,502.3,4340,,22600,weekly,2020-7-16T21:00:00.000,options,call
7,1594353060000,502.6,503.05,495.0,495.0,3500,,22600,weekly,2020-7-16T21:00:00.000,options,call
8,1594353120000,492.15,495.35,482.35,487.25,4940,,22600,weekly,2020-7-16T21:00:00.000,options,call
9,1594353180000,486.9,486.9,476.9,481.9,5420,,22600,weekly,2020-7-16T21:00:00.000,options,call
10,1594353240000,482.05,482.05,472.0,480.0,4020,,22600,weekly,2020-7-16T21:00:00.000,options,call
11,1594353300000,480.0,486.4,478.0,486.4,4420,,22600,weekly,2020-7-16T21:00:00.000,options,call
12,1594353360000,483.5,485.75,479.15,485.0,1780,,22600,weekly,2020-7-16T21:00:00.000,options,call
13,1594353420000,485.0,490.9,482.85,489.35,1200,,22600,weekly,2020-7-16T21:00:00.000,options,call
14,1594353480000,489.35,501.4,489.35,493.9,3720,,22600,weekly,2020-7-16T21:00:00.000,options,call
15,1594353540000,494.7,518.35,493.45,510.7,5200,,22600,weekly,2020-7-16T21:00:00.000,options,call
16,1594353600000,513.5,515.85,497.75,501.4,2100,,22600,weekly,2020-7-16T21:00:00.000,options,call
17,1594353660000,501.4,510.4,499.95,499.95,3200,,22600,weekly,2020-7-16T21:00:00.000,options,call
18,1594353720000,500.55,500.55,486.95,488.0,3640,,22600,weekly,2020-7-16T21:00:00.000,options,call
19,1594353780000,489.2,501.0,489.2,497.3,1760,,22600,weekly,2020-7-16T21:00:00.000,options,call
20,1594353840000,498.05,501.8,482.75,482.75,3180,,22600,weekly,2020-7-16T21:00:00.000,options,call
21,1594353900000,482.75,495.0,482.75,492.0,2100,,22600,weekly,2020-7-16T21:00:00.000,options,call
22,1594353960000,492.0,493.2,484.8,493.05,2080,,22600,weekly,2020-7-16T21:00:00.000,options,call
23,1594354020000,493.05,502.25,491.35,501.95,2360,,22600,weekly,2020-7-16T21:00:00.000,options,call
24,1594354080000,498.3,505.0,496.85,500.0,1840,,22600,weekly,2020-7-16T21:00:00.000,options,call
25,1594354140000,500.0,506.0,492.5,494.0,3500,,22600,weekly,2020-7-16T21:00:00.000,options,call
26,1594354200000,494.0,502.05,494.0,502.05,1420,,22600,weekly,2020-7-16T21:00:00.000,options,call
27,1594354260000,502.05,511.0,500.1,507.55,2160,,22600,weekly,2020-7-16T21:00:00.000,options,call
28,1594354320000,509.8,509.8,499.0,503.5,1720,,22600,weekly,2020-7-16T21:00:00.000,options,call
29,1594354380000,503.5,505.45,495.6,497.6,1060,,22600,weekly,2020-7-16T21:00:00.000,options,call
30,1594354440000,497.05,507.0,493.45,496.5,1340,,22600,weekly,2020-7-16T21:00:00.000,options,call
31,1594354500000,496.5,504.75,496.5,502.05,1380,,22600,weekly,2020-7-16T21:00:00.000,options,call
32,1594354560000,500.75,503.45,498.0,500.0,1340,,22600,weekly,2020-7-16T21:00:00.000,options,call
33,1594354620000,500.0,500.0,492.1,497.0,1200,,22600,weekly,2020-7-16T21:00:00.000,options,call
34,1594354680000,494.95,495.0,485.0,485.0,1380,,22600,weekly,2020-7-16T21:00:00.000,options,call
35,1594354740000,484.45,494.3,481.25,487.35,2220,,22600,weekly,2020-7-16T21:00:00.000,options,call
36,1594354800000,487.35,502.5,485.4,499.05,1900,,22600,weekly,2020-7-16T21:00:00.000,options,call
37,1594354860000,499.05,503.0,494.45,494.45,2640,,22600,weekly,2020-7-16T21:00:00.000,options,call
38,1594354920000,494.45,496.3,490.0,492.1,1180,,22600,weekly,2020-7-16T21:00:00.000,options,call
39,1594354980000,492.1,496.4,488.0,491.25,1080,,22600,weekly,2020-7-16T21:00:00.000,options,call
40,1594355040000,491.25,495.35,488.0,492.35,620,,22600,weekly,2020-7-16T21:00:00.000,options,call
41,1594355100000,492.35,492.35,486.0,490.05,860,,22600,weekly,2020-7-16T21:00:00.000,options,call
42,1594355160000,490.05,491.1,486.0,486.0,740,,22600,weekly,2020-7-16T21:00:00.000,options,call
43,1594355220000,485.0,494.0,484.2,492.45,680,,22600,weekly,2020-7-16T21:00:00.000,options,call
44,1594355280000,490.0,498.6,490.0,496.15,1040,,22600,weekly,2020-7-16T21:00:00.000,options,call
45,1594355340000,498.2,524.95,498.2,519.85,6140,,22600,weekly,2020-7-16T21:00:00.000,options,call
46,1594355400000,521.4,522.2,512.0,514.75,2960,,22600,weekly,2020-7-16T21:00:00.000,options,call
47,1594355460000,515.55,521.8,510.05,521.8,2360,,22600,weekly,2020-7-16T21:00:00.000,options,call
48,1594355520000,521.8,521.8,514.2,516.7,4120,,22600,weekly,2020-7-16T21:00:00.000,options,call
49,1594355580000,516.7,520.75,513.95,517.6,2660,,22600,weekly,2020-7-16T21:00:00.000,options,call
50,1594355640000,517.3,520.0,514.8,516.55,560,,22600,weekly,2020-7-16T21:00:00.000,options,call
51,1594355700000,520.5,528.1,518.0,518.0,3660,,22600,weekly,2020-7-16T21:00:00.000,options,call
52,1594355760000,518.0,518.3,511.05,512.65,2460,,22600,weekly,2020-7-16T21:00:00.000,options,call
53,1594355820000,512.65,516.0,509.4,509.75,1900,,22600,weekly,2020-7-16T21:00:00.000,options,call
54,1594355880000,509.75,516.0,509.35,514.2,1560,,22600,weekly,2020-7-16T21:00:00.000,options,call
55,1594355940000,514.2,520.75,514.2,516.8,540,,22600,weekly,2020-7-16T21:00:00.000,options,call
56,1594356000000,516.8,517.1,511.0,511.0,340,,22600,weekly,2020-7-16T21:00:00.000,options,call
57,1594356060000,511.0,516.4,511.0,516.4,460,,22600,weekly,2020-7-16T21:00:00.000,options,call
58,1594356120000,516.4,525.0,516.4,517.8,3000,,22600,weekly,2020-7-16T21:00:00.000,options,call
59,1594356180000,517.8,519.95,513.4,515.15,1820,,22600,weekly,2020-7-16T21:00:00.000,options,call
60,1594356240000,515.15,515.15,510.0,512.4,600,,22600,weekly,2020-7-16T21:00:00.000,options,call
61,1594356300000,511.95,511.95,500.45,501.35,5900,,22600,weekly,2020-7-16T21:00:00.000,options,call
62,1594356360000,501.35,510.0,500.05,509.4,2300,,22600,weekly,2020-7-16T21:00:00.000,options,call
63,1594356420000,509.4,509.4,504.0,504.0,480,,22600,weekly,2020-7-16T21:00:00.000,options,call
64,1594356480000,504.0,504.05,494.3,498.05,2980,,22600,weekly,2020-7-16T21:00:00.000,options,call
65,1594356540000,498.05,500.45,490.5,495.85,3020,,22600,weekly,2020-7-16T21:00:00.000,options,call
66,1594356600000,495.85,495.85,486.3,492.75,1340,,22600,weekly,2020-7-16T21:00:00.000,options,call
67,1594356660000,492.75,495.6,492.35,495.1,3460,,22600,weekly,2020-7-16T21:00:00.000,options,call
68,1594356720000,495.1,495.1,483.05,488.65,1700,,22600,weekly,2020-7-16T21:00:00.000,options,call
69,1594356780000,488.65,491.75,485.8,488.15,3440,,22600,weekly,2020-7-16T21:00:00.000,options,call
70,1594356840000,488.15,488.15,473.05,482.95,5820,,22600,weekly,2020-7-16T21:00:00.000,options,call
71,1594356900000,482.95,489.9,482.65,487.2,860,,22600,weekly,2020-7-16T21:00:00.000,options,call
72,1594356960000,487.2,495.0,487.0,487.85,1260,,22600,weekly,2020-7-16T21:00:00.000,options,call
73,1594357020000,489.5,490.7,483.0,483.0,1160,,22600,weekly,2020-7-16T21:00:00.000,options,call
74,1594357080000,483.0,485.55,479.8,481.4,900,,22600,weekly,2020-7-16T21:00:00.000,options,call
75,1594357140000,480.45,480.45,428.2,456.55,11920,,22600,weekly,2020-7-16T21:00:00.000,options,call
76,1594357200000,455.3,460.9,450.0,452.45,6300,,22600,weekly,2020-7-16T21:00:00.000,options,call
77,1594357260000,452.45,465.05,451.3,464.55,3260,,22600,weekly,2020-7-16T21:00:00.000,options,call
78,1594357320000,464.0,464.35,455.25,458.65,3500,,22600,weekly,2020-7-16T21:00:00.000,options,call
79,1594357380000,458.65,459.35,447.0,456.05,3500,,22600,weekly,2020-7-16T21:00:00.000,options,call
80,1594357440000,456.05,456.05,438.35,447.95,6760,,22600,weekly,2020-7-16T21:00:00.000,options,call
81,1594357500000,447.95,453.15,445.4,450.0,2480,,22600,weekly,2020-7-16T21:00:00.000,options,call
82,1594357560000,451.15,455.0,450.0,453.15,2640,,22600,weekly,2020-7-16T21:00:00.000,options,call
83,1594357620000,455.0,456.05,443.65,443.65,3600,,22600,weekly,2020-7-16T21:00:00.000,options,call
84,1594357680000,443.65,449.3,442.0,445.4,2540,,22600,weekly,2020-7-16T21:00:00.000,options,call
85,1594357740000,447.05,447.1,425.0,432.95,7880,,22600,weekly,2020-7-16T21:00:00.000,options,call
86,1594357800000,432.05,436.5,428.7,436.1,5400,,22600,weekly,2020-7-16T21:00:00.000,options,call
87,1594357860000,435.3,440.85,432.0,440.85,5000,,22600,weekly,2020-7-16T21:00:00.000,options,call
88,1594357920000,440.85,446.05,439.6,444.6,4920,,22600,weekly,2020-7-16T21:00:00.000,options,call
89,1594357980000,445.35,445.35,425.0,425.05,5620,,22600,weekly,2020-7-16T21:00:00.000,options,call
90,1594358040000,425.15,435.0,420.0,432.75,8860,,22600,weekly,2020-7-16T21:00:00.000,options,call
91,1594358100000,433.1,441.25,432.0,438.3,6120,,22600,weekly,2020-7-16T21:00:00.000,options,call
92,1594358160000,438.3,438.9,421.75,424.6,7660,,22600,weekly,2020-7-16T21:00:00.000,options,call
93,1594358220000,422.5,431.4,421.0,431.4,5180,,22600,weekly,2020-7-16T21:00:00.000,options,call
94,1594358280000,431.4,435.45,424.85,427.65,3540,,22600,weekly,2020-7-16T21:00:00.000,options,call
95,1594358340000,426.5,438.8,424.3,435.95,9960,,22600,weekly,2020-7-16T21:00:00.000,options,call
96,1594358400000,435.95,442.75,433.25,440.8,8360,,22600,weekly,2020-7-16T21:00:00.000,options,call
97,1594358460000,442.0,442.0,428.3,432.6,13400,,22600,weekly,2020-7-16T21:00:00.000,options,call
98,1594358520000,432.6,435.0,427.0,430.0,7000,,22600,weekly,2020-7-16T21:00:00.000,options,call
99,1594358580000,427.85,435.0,427.85,430.9,3500,,22600,weekly,2020-7-16T21:00:00.000,options,call
100,1594358640000,432.7,434.7,429.0,432.85,2440,,22600,weekly,2020-7-16T21:00:00.000,options,call
101,1594358700000,433.4,438.85,428.0,428.25,3160,,22600,weekly,2020-7-16T21:00:00.000,options,call
102,1594358760000,428.25,434.65,428.25,433.0,3720,,22600,weekly,2020-7-16T21:00:00.000,options,call
103,1594358820000,434.0,439.45,431.35,438.0,2400,,22600,weekly,2020-7-16T21:00:00.000,options,call
104,1594358880000,439.0,440.0,434.1,434.1,3140,,22600,weekly,2020-7-16T21:00:00.000,options,call
105,1594358940000,434.1,434.1,422.65,430.0,6940,,22600,weekly,2020-7-16T21:00:00.000,options,call
106,1594359000000,430.0,430.0,424.0,425.85,2940,,22600,weekly,2020-7-16T21:00:00.000,options,call
107,1594359060000,426.0,426.15,412.35,420.25,9940,,22600,weekly,2020-7-16T21:00:00.000,options,call
108,1594359120000,420.25,420.95,406.3,412.45,12280,,22600,weekly,2020-7-16T21:00:00.000,options,call
109,1594359180000,414.4,420.0,411.65,416.25,4620,,22600,weekly,2020-7-16T21:00:00.000,options,call
110,1594359240000,414.35,414.5,404.0,411.6,13420,,22600,weekly,2020-7-16T21:00:00.000,options,call
111,1594359300000,412.4,415.0,407.9,407.9,5340,,22600,weekly,2020-7-16T21:00:00.000,options,call
112,1594359360000,408.0,416.7,408.0,415.1,4860,,22600,weekly,2020-7-16T21:00:00.000,options,call
113,1594359420000,415.2,415.2,405.25,406.15,4820,,22600,weekly,2020-7-16T21:00:00.000,options,call
114,1594359480000,405.25,413.35,400.0,412.75,14460,,22600,weekly,2020-7-16T21:00:00.000,options,call
115,1594359540000,411.65,413.45,406.2,407.45,6720,,22600,weekly,2020-7-16T21:00:00.000,options,call
116,1594359600000,407.45,415.1,405.45,412.2,4920,,22600,weekly,2020-7-16T21:00:00.000,options,call
117,1594359660000,412.8,419.6,412.35,414.1,6400,,22600,weekly,2020-7-16T21:00:00.000,options,call
118,1594359720000,414.1,423.2,414.1,418.45,4340,,22600,weekly,2020-7-16T21:00:00.000,options,call
119,1594359780000,418.45,420.0,405.0,405.3,8120,,22600,weekly,2020-7-16T21:00:00.000,options,call
120,1594359840000,406.15,406.4,391.0,404.6,14740,,22600,weekly,2020-7-16T21:00:00.000,options,call
121,1594359900000,405.15,415.65,403.35,413.15,5820,,22600,weekly,2020-7-16T21:00:00.000,options,call
122,1594359960000,412.2,418.6,411.0,414.5,6000,,22600,weekly,2020-7-16T21:00:00.000,options,call
123,1594360020000,413.35,419.05,413.35,418.25,4080,,22600,weekly,2020-7-16T21:00:00.000,options,call
124,1594360080000,418.25,421.6,415.0,417.45,5280,,22600,weekly,2020-7-16T21:00:00.000,options,call
125,1594360140000,416.85,419.55,411.0,413.05,6160,,22600,weekly,2020-7-16T21:00:00.000,options,call
126,1594360200000,413.75,419.15,409.35,413.2,4200,,22600,weekly,2020-7-16T21:00:00.000,options,call
127,1594360260000,413.2,417.2,409.35,415.25,3960,,22600,weekly,2020-7-16T21:00:00.000,options,call
128,1594360320000,415.25,416.25,411.0,414.8,1900,,22600,weekly,2020-7-16T21:00:00.000,options,call
129,1594360380000,413.8,416.45,410.25,413.1,4260,,22600,weekly,2020-7-16T21:00:00.000,options,call
130,1594360440000,413.1,414.75,403.6,403.6,8760,,22600,weekly,2020-7-16T21:00:00.000,options,call
131,1594360500000,402.55,409.75,399.1,409.75,12220,,22600,weekly,2020-7-16T21:00:00.000,options,call
132,1594360560000,409.45,411.6,407.25,409.0,2940,,22600,weekly,2020-7-16T21:00:00.000,options,call
133,1594360620000,409.2,411.9,405.05,408.45,5140,,22600,weekly,2020-7-16T21:00:00.000,options,call
134,1594360680000,407.0,407.0,393.35,397.75,11440,,22600,weekly,2020-7-16T21:00:00.000,options,call
135,1594360740000,399.95,408.0,398.55,405.75,9680,,22600,weekly,2020-7-16T21:00:00.000,options,call
136,1594360800000,405.5,417.8,405.5,416.25,12980,,22600,weekly,2020-7-16T21:00:00.000,options,call
137,1594360860000,416.6,417.85,413.3,416.95,6440,,22600,weekly,2020-7-16T21:00:00.000,options,call
138,1594360920000,415.0,416.9,405.05,408.75,10200,,22600,weekly,2020-7-16T21:00:00.000,options,call
139,1594360980000,409.65,413.1,409.3,413.1,3980,,22600,weekly,2020-7-16T21:00:00.000,options,call
140,1594361040000,413.1,417.0,410.95,414.85,6180,,22600,weekly,2020-7-16T21:00:00.000,options,call
141,1594361100000,415.45,421.7,413.65,419.95,10060,,22600,weekly,2020-7-16T21:00:00.000,options,call
142,1594361160000,422.0,426.95,421.1,422.2,14040,,22600,weekly,2020-7-16T21:00:00.000,options,call
143,1594361220000,423.5,423.5,418.0,420.2,7940,,22600,weekly,2020-7-16T21:00:00.000,options,call
144,1594361280000,420.2,423.35,419.0,422.65,4620,,22600,weekly,2020-7-16T21:00:00.000,options,call
145,1594361340000,422.05,424.0,419.0,422.7,7260,,22600,weekly,2020-7-16T21:00:00.000,options,call
146,1594361400000,423.0,424.15,418.7,419.0,5680,,22600,weekly,2020-7-16T21:00:00.000,options,call
147,1594361460000,418.0,419.55,411.9,415.8,4020,,22600,weekly,2020-7-16T21:00:00.000,options,call
148,1594361520000,415.05,419.25,410.85,411.0,3940,,22600,weekly,2020-7-16T21:00:00.000,options,call
149,1594361580000,410.15,413.5,406.3,412.35,4020,,22600,weekly,2020-7-16T21:00:00.000,options,call
150,1594361640000,412.7,417.15,409.6,413.15,4220,,22600,weekly,2020-7-16T21:00:00.000,options,call
151,1594361700000,413.15,413.15,403.8,410.0,8260,,22600,weekly,2020-7-16T21:00:00.000,options,call
152,1594361760000,410.45,414.55,408.0,408.0,4260,,22600,weekly,2020-7-16T21:00:00.000,options,call
153,1594361820000,408.0,408.0,401.6,403.7,5940,,22600,weekly,2020-7-16T21:00:00.000,options,call
154,1594361880000,402.0,406.45,400.35,402.95,4760,,22600,weekly,2020-7-16T21:00:00.000,options,call
155,1594361940000,403.95,410.75,402.1,410.75,7300,,22600,weekly,2020-7-16T21:00:00.000,options,call
156,1594362000000,410.75,415.0,409.0,410.25,8780,,22600,weekly,2020-7-16T21:00:00.000,options,call
157,1594362060000,410.25,413.0,406.35,409.9,5300,,22600,weekly,2020-7-16T21:00:00.000,options,call
158,1594362120000,407.85,411.0,406.0,410.0,3540,,22600,weekly,2020-7-16T21:00:00.000,options,call
159,1594362180000,410.0,411.7,405.0,406.75,1840,,22600,weekly,2020-7-16T21:00:00.000,options,call
160,1594362240000,406.75,413.25,406.75,409.8,6620,,22600,weekly,2020-7-16T21:00:00.000,options,call
161,1594362300000,409.8,410.65,402.95,406.0,7260,,22600,weekly,2020-7-16T21:00:00.000,options,call
162,1594362360000,406.0,406.0,369.0,388.7,35200,,22600,weekly,2020-7-16T21:00:00.000,options,call
163,1594362420000,387.9,398.15,387.9,392.35,13060,,22600,weekly,2020-7-16T21:00:00.000,options,call
164,1594362480000,392.0,399.0,389.25,398.55,15120,,22600,weekly,2020-7-16T21:00:00.000,options,call
165,1594362540000,396.25,401.75,395.65,397.3,10700,,22600,weekly,2020-7-16T21:00:00.000,options,call
166,1594362600000,398.3,398.6,392.65,393.9,13080,,22600,weekly,2020-7-16T21:00:00.000,options,call
167,1594362660000,394.3,395.9,392.65,392.65,8940,,22600,weekly,2020-7-16T21:00:00.000,options,call
168,1594362720000,393.0,393.8,386.5,387.75,7580,,22600,weekly,2020-7-16T21:00:00.000,options,call
169,1594362780000,388.1,390.65,381.75,386.85,14400,,22600,weekly,2020-7-16T21:00:00.000,options,call
170,1594362840000,385.75,386.75,367.65,375.9,20120,,22600,weekly,2020-7-16T21:00:00.000,options,call
171,1594362900000,376.35,384.95,376.35,384.85,11680,,22600,weekly,2020-7-16T21:00:00.000,options,call
172,1594362960000,382.0,387.75,378.55,385.0,6600,,22600,weekly,2020-7-16T21:00:00.000,options,call
173,1594363020000,385.7,390.0,381.75,386.5,7480,,22600,weekly,2020-7-16T21:00:00.000,options,call
174,1594363080000,386.0,389.25,385.0,389.25,7060,,22600,weekly,2020-7-16T21:00:00.000,options,call
175,1594363140000,388.85,390.5,382.0,387.75,10680,,22600,weekly,2020-7-16T21:00:00.000,options,call
176,1594363200000,388.0,390.95,384.9,390.95,5820,,22600,weekly,2020-7-16T21:00:00.000,options,call
177,1594363260000,390.95,390.95,383.0,390.5,5120,,22600,weekly,2020-7-16T21:00:00.000,options,call
178,1594363320000,390.5,395.7,388.2,391.75,8200,,22600,weekly,2020-7-16T21:00:00.000,options,call
179,1594363380000,391.75,394.45,390.0,391.0,5580,,22600,weekly,2020-7-16T21:00:00.000,options,call
180,1594363440000,391.0,392.0,384.85,386.1,4520,,22600,weekly,2020-7-16T21:00:00.000,options,call
181,1594363500000,386.3,386.65,377.0,380.6,10160,,22600,weekly,2020-7-16T21:00:00.000,options,call
182,1594363560000,381.4,382.3,335.1,351.8,56860,,22600,weekly,2020-7-16T21:00:00.000,options,call
183,1594363620000,349.8,363.95,349.8,361.35,22780,,22600,weekly,2020-7-16T21:00:00.000,options,call
184,1594363680000,361.35,363.15,353.15,353.15,17980,,22600,weekly,2020-7-16T21:00:00.000,options,call
185,1594363740000,352.75,354.35,343.4,350.0,19320,,22600,weekly,2020-7-16T21:00:00.000,options,call
186,1594363800000,348.8,349.35,343.2,346.75,13040,,22600,weekly,2020-7-16T21:00:00.000,options,call
187,1594363860000,346.75,352.4,345.4,347.6,8780,,22600,weekly,2020-7-16T21:00:00.000,options,call
188,1594363920000,348.65,354.25,347.0,353.5,8740,,22600,weekly,2020-7-16T21:00:00.000,options,call
189,1594363980000,353.8,353.8,346.0,353.0,7560,,22600,weekly,2020-7-16T21:00:00.000,options,call
190,1594364040000,351.95,353.0,348.0,350.0,5120,,22600,weekly,2020-7-16T21:00:00.000,options,call
191,1594364100000,348.95,349.65,336.85,340.05,10360,,22600,weekly,2020-7-16T21:00:00.000,options,call
192,1594364160000,341.4,341.4,325.35,338.65,22120,,22600,weekly,2020-7-16T21:00:00.000,options,call
193,1594364220000,338.65,341.8,335.1,340.0,9700,,22600,weekly,2020-7-16T21:00:00.000,options,call
194,1594364280000,339.9,346.6,339.7,342.7,16940,,22600,weekly,2020-7-16T21:00:00.000,options,call
195,1594364340000,340.55,353.0,340.05,342.7,10780,,22600,weekly,2020-7-16T21:00:00.000,options,call
196,1594364400000,342.65,350.3,341.5,347.9,11300,,22600,weekly,2020-7-16T21:00:00.000,options,call
197,1594364460000,347.8,348.1,342.65,343.55,5120,,22600,weekly,2020-7-16T21:00:00.000,options,call
198,1594364520000,344.9,345.5,333.65,342.05,9180,,22600,weekly,2020-7-16T21:00:00.000,options,call
199,1594364580000,341.9,348.0,339.95,347.6,4440,,22600,weekly,2020-7-16T21:00:00.000,options,call
200,1594364640000,348.0,349.7,342.65,345.65,7120,,22600,weekly,2020-7-16T21:00:00.000,options,call
201,1594364700000,345.65,350.5,340.35,349.4,6480,,22600,weekly,2020-7-16T21:00:00.000,options,call
202,1594364760000,349.4,356.0,348.95,350.85,11660,,22600,weekly,2020-7-16T21:00:00.000,options,call
203,1594364820000,352.0,352.9,349.55,349.95,8920,,22600,weekly,2020-7-16T21:00:00.000,options,call
204,1594364880000,348.55,353.1,345.9,353.1,4300,,22600,weekly,2020-7-16T21:00:00.000,options,call
205,1594364940000,350.6,363.65,349.7,361.1,10080,,22600,weekly,2020-7-16T21:00:00.000,options,call
206,1594365000000,360.45,362.4,354.65,356.25,8560,,22600,weekly,2020-7-16T21:00:00.000,options,call
207,1594365060000,356.45,359.45,352.1,357.9,7080,,22600,weekly,2020-7-16T21:00:00.000,options,call
208,1594365120000,359.0,364.2,356.0,356.35,7120,,22600,weekly,2020-7-16T21:00:00.000,options,call
209,1594365180000,356.35,360.45,354.65,357.8,7400,,22600,weekly,2020-7-16T21:00:00.000,options,call
210,1594365240000,356.65,360.0,353.25,353.25,5060,,22600,weekly,2020-7-16T21:00:00.000,options,call
211,1594365300000,353.95,356.35,352.0,355.95,4100,,22600,weekly,2020-7-16T21:00:00.000,options,call
212,1594365360000,355.0,363.5,354.7,359.0,8620,,22600,weekly,2020-7-16T21:00:00.000,options,call
213,1594365420000,360.55,360.7,355.0,360.0,4440,,22600,weekly,2020-7-16T21:00:00.000,options,call
214,1594365480000,361.9,367.55,359.35,360.75,14220,,22600,weekly,2020-7-16T21:00:00.000,options,call
215,1594365540000,361.0,364.9,360.3,361.0,3900,,22600,weekly,2020-7-16T21:00:00.000,options,call
216,1594365600000,361.1,361.45,354.5,357.4,6120,,22600,weekly,2020-7-16T21:00:00.000,options,call
217,1594365660000,357.4,358.95,354.0,356.4,2660,,22600,weekly,2020-7-16T21:00:00.000,options,call
218,1594365720000,356.4,359.45,354.35,358.1,6060,,22600,weekly,2020-7-16T21:00:00.000,options,call
219,1594365780000,358.1,360.0,354.25,356.95,4820,,22600,weekly,2020-7-16T21:00:00.000,options,call
220,1594365840000,357.1,357.85,345.15,345.15,6200,,22600,weekly,2020-7-16T21:00:00.000,options,call
221,1594365900000,349.45,356.0,347.85,355.1,4660,,22600,weekly,2020-7-16T21:00:00.000,options,call
222,1594365960000,355.1,362.0,353.85,357.95,5360,,22600,weekly,2020-7-16T21:00:00.000,options,call
223,1594366020000,359.25,370.95,357.25,367.4,11000,,22600,weekly,2020-7-16T21:00:00.000,options,call
224,1594366080000,366.0,377.55,366.0,376.2,12500,,22600,weekly,2020-7-16T21:00:00.000,options,call
225,1594366140000,376.75,382.9,375.8,379.15,12800,,22600,weekly,2020-7-16T21:00:00.000,options,call
226,1594366200000,376.75,378.65,365.05,367.15,12980,,22600,weekly,2020-7-16T21:00:00.000,options,call
227,1594366260000,368.5,374.05,366.65,373.3,6320,,22600,weekly,2020-7-16T21:00:00.000,options,call
228,1594366320000,374.6,377.85,372.55,372.7,6480,,22600,weekly,2020-7-16T21:00:00.000,options,call
229,1594366380000,372.7,373.9,366.35,366.75,7240,,22600,weekly,2020-7-16T21:00:00.000,options,call
230,1594366440000,366.75,375.4,366.75,374.3,8320,,22600,weekly,2020-7-16T21:00:00.000,options,call
231,1594366500000,375.7,375.7,369.6,372.0,3480,,22600,weekly,2020-7-16T21:00:00.000,options,call
232,1594366560000,372.0,373.4,365.65,369.65,3720,,22600,weekly,2020-7-16T21:00:00.000,options,call
233,1594366620000,369.65,372.65,368.0,368.0,2720,,22600,weekly,2020-7-16T21:00:00.000,options,call
234,1594366680000,368.0,370.8,365.25,368.2,3880,,22600,weekly,2020-7-16T21:00:00.000,options,call
235,1594366740000,368.2,381.5,366.6,380.0,7960,,22600,weekly,2020-7-16T21:00:00.000,options,call
236,1594366800000,380.95,380.95,369.7,371.6,14960,,22600,weekly,2020-7-16T21:00:00.000,options,call
237,1594366860000,371.2,382.35,369.4,382.35,9140,,22600,weekly,2020-7-16T21:00:00.000,options,call
238,1594366920000,384.25,384.25,365.1,365.3,12980,,22600,weekly,2020-7-16T21:00:00.000,options,call
239,1594366980000,366.7,366.7,346.9,355.0,16380,,22600,weekly,2020-7-16T21:00:00.000,options,call
240,1594367040000,355.0,358.3,340.9,348.45,13140,,22600,weekly,2020-7-16T21:00:00.000,options,call
241,1594367100000,348.45,350.8,344.05,348.8,8920,,22600,weekly,2020-7-16T21:00:00.000,options,call
242,1594367160000,348.0,353.95,348.0,353.0,5680,,22600,weekly,2020-7-16T21:00:00.000,options,call
243,1594367220000,353.0,354.55,345.7,347.6,10000,,22600,weekly,2020-7-16T21:00:00.000,options,call
244,1594367280000,347.6,349.4,344.6,347.6,10740,,22600,weekly,2020-7-16T21:00:00.000,options,call
245,1594367340000,347.6,354.55,341.9,354.55,12680,,22600,weekly,2020-7-16T21:00:00.000,options,call
246,1594367400000,354.55,355.0,350.0,352.45,6560,,22600,weekly,2020-7-16T21:00:00.000,options,call
247,1594367460000,353.0,360.9,352.0,356.8,8580,,22600,weekly,2020-7-16T21:00:00.000,options,call
248,1594367520000,356.8,366.45,356.0,366.45,6920,,22600,weekly,2020-7-16T21:00:00.000,options,call
249,1594367580000,366.45,366.45,358.15,364.4,4440,,22600,weekly,2020-7-16T21:00:00.000,options,call
250,1594367640000,364.4,364.4,359.65,361.5,8000,,22600,weekly,2020-7-16T21:00:00.000,options,call
251,1594367700000,361.5,363.9,358.75,363.1,2700,,22600,weekly,2020-7-16T21:00:00.000,options,call
252,1594367760000,361.9,363.15,359.45,362.8,2740,,22600,weekly,2020-7-16T21:00:00.000,options,call
253,1594367820000,361.65,372.75,358.9,369.85,5900,,22600,weekly,2020-7-16T21:00:00.000,options,call
254,1594367880000,368.95,377.75,366.6,374.3,11220,,22600,weekly,2020-7-16T21:00:00.000,options,call
255,1594367940000,379.2,390.0,377.5,378.0,24720,,22600,weekly,2020-7-16T21:00:00.000,options,call
256,1594368000000,376.7,381.4,373.3,376.9,11120,,22600,weekly,2020-7-16T21:00:00.000,options,call
257,1594368060000,376.75,383.5,376.0,383.3,6560,,22600,weekly,2020-7-16T21:00:00.000,options,call
258,1594368120000,383.3,394.55,380.0,394.55,12460,,22600,weekly,2020-7-16T21:00:00.000,options,call
259,1594368180000,398.0,399.85,388.05,391.65,24480,,22600,weekly,2020-7-16T21:00:00.000,options,call
260,1594368240000,391.65,394.0,378.4,380.05,10800,,22600,weekly,2020-7-16T21:00:00.000,options,call
261,1594368300000,377.55,382.2,376.2,378.0,14580,,22600,weekly,2020-7-16T21:00:00.000,options,call
262,1594368360000,378.0,383.0,378.0,379.4,11960,,22600,weekly,2020-7-16T21:00:00.000,options,call
263,1594368420000,379.4,385.95,377.5,384.25,6820,,22600,weekly,2020-7-16T21:00:00.000,options,call
264,1594368480000,384.25,394.55,384.0,390.2,11140,,22600,weekly,2020-7-16T21:00:00.000,options,call
265,1594368540000,390.0,405.8,386.25,396.15,27200,,22600,weekly,2020-7-16T21:00:00.000,options,call
266,1594368600000,396.15,397.9,393.0,396.0,12140,,22600,weekly,2020-7-16T21:00:00.000,options,call
267,1594368660000,395.85,395.85,385.15,388.05,12040,,22600,weekly,2020-7-16T21:00:00.000,options,call
268,1594368720000,388.4,388.4,378.0,385.0,14920,,22600,weekly,2020-7-16T21:00:00.000,options,call
269,1594368780000,385.0,389.65,380.0,382.4,8080,,22600,weekly,2020-7-16T21:00:00.000,options,call
270,1594368840000,381.3,391.75,381.3,388.05,7620,,22600,weekly,2020-7-16T21:00:00.000,options,call
271,1594368900000,389.0,394.1,378.35,379.3,12560,,22600,weekly,2020-7-16T21:00:00.000,options,call
272,1594368960000,379.85,381.75,367.85,378.0,13280,,22600,weekly,2020-7-16T21:00:00.000,options,call
273,1594369020000,378.0,378.25,366.0,367.6,8860,,22600,weekly,2020-7-16T21:00:00.000,options,call
274,1594369080000,370.0,373.15,367.0,367.0,6340,,22600,weekly,2020-7-16T21:00:00.000,options,call
275,1594369140000,366.95,371.55,360.1,363.25,10860,,22600,weekly,2020-7-16T21:00:00.000,options,call
276,1594369200000,363.25,372.9,361.5,371.65,9480,,22600,weekly,2020-7-16T21:00:00.000,options,call
277,1594369260000,371.65,374.9,368.0,368.0,11980,,22600,weekly,2020-7-16T21:00:00.000,options,call
278,1594369320000,369.1,378.6,369.1,378.0,2540,,22600,weekly,2020-7-16T21:00:00.000,options,call
279,1594369380000,378.0,378.0,370.15,377.5,2880,,22600,weekly,2020-7-16T21:00:00.000,options,call
280,1594369440000,377.2,378.0,364.35,369.55,6440,,22600,weekly,2020-7-16T21:00:00.000,options,call
281,1594369500000,369.55,374.5,369.45,373.0,3360,,22600,weekly,2020-7-16T21:00:00.000,options,call
282,1594369560000,373.0,375.0,363.2,364.65,6580,,22600,weekly,2020-7-16T21:00:00.000,options,call
283,1594369620000,366.15,369.75,360.7,369.75,10000,,22600,weekly,2020-7-16T21:00:00.000,options,call
284,1594369680000,369.05,369.05,359.1,360.65,8700,,22600,weekly,2020-7-16T21:00:00.000,options,call
285,1594369740000,358.0,358.5,343.1,350.85,27400,,22600,weekly,2020-7-16T21:00:00.000,options,call
286,1594369800000,350.85,359.5,349.75,355.95,7780,,22600,weekly,2020-7-16T21:00:00.000,options,call
287,1594369860000,355.95,360.0,351.2,354.45,7420,,22600,weekly,2020-7-16T21:00:00.000,options,call
288,1594369920000,352.2,357.2,350.65,351.0,6320,,22600,weekly,2020-7-16T21:00:00.000,options,call
289,1594369980000,352.6,355.0,340.3,343.6,17520,,22600,weekly,2020-7-16T21:00:00.000,options,call
290,1594370040000,341.0,343.65,336.7,337.25,19840,,22600,weekly,2020-7-16T21:00:00.000,options,call
291,1594370100000,338.8,338.8,321.35,334.55,28100,,22600,weekly,2020-7-16T21:00:00.000,options,call
292,1594370160000,333.95,341.55,331.4,340.6,5200,,22600,weekly,2020-7-16T21:00:00.000,options,call
293,1594370220000,340.35,345.6,338.85,340.0,6640,,22600,weekly,2020-7-16T21:00:00.000,options,call
294,1594370280000,338.85,349.7,338.85,342.25,18660,,22600,weekly,2020-7-16T21:00:00.000,options,call
295,1594370340000,343.65,348.65,339.1,345.95,8520,,22600,weekly,2020-7-16T21:00:00.000,options,call
296,1594370400000,346.25,346.25,332.2,338.25,9760,,22600,weekly,2020-7-16T21:00:00.000,options,call
297,1594370460000,338.25,345.55,333.9,343.25,5740,,22600,weekly,2020-7-16T21:00:00.000,options,call
298,1594370520000,343.95,347.95,333.85,340.85,7120,,22600,weekly,2020-7-16T21:00:00.000,options,call
299,1594370580000,342.45,342.45,335.35,336.75,5620,,22600,weekly,2020-7-16T21:00:00.000,options,call
300,1594370640000,336.75,346.0,333.1,346.0,7680,,22600,weekly,2020-7-16T21:00:00.000,options,call
301,1594370700000,345.95,359.55,344.45,354.05,18060,,22600,weekly,2020-7-16T21:00:00.000,options,call
302,1594370760000,354.35,355.0,344.15,346.2,12840,,22600,weekly,2020-7-16T21:00:00.000,options,call
303,1594370820000,346.2,348.25,337.0,341.35,9520,,22600,weekly,2020-7-16T21:00:00.000,options,call
304,1594370880000,340.45,344.15,339.05,341.05,8520,,22600,weekly,2020-7-16T21:00:00.000,options,call
305,1594370940000,341.05,344.95,332.45,337.35,4860,,22600,weekly,2020-7-16T21:00:00.000,options,call
306,1594371000000,336.15,336.85,325.8,334.15,12080,,22600,weekly,2020-7-16T21:00:00.000,options,call
307,1594371060000,334.15,336.2,324.85,329.75,7420,,22600,weekly,2020-7-16T21:00:00.000,options,call
308,1594371120000,329.75,334.8,325.45,330.75,7440,,22600,weekly,2020-7-16T21:00:00.000,options,call
309,1594371180000,329.05,330.0,320.0,327.0,27500,,22600,weekly,2020-7-16T21:00:00.000,options,call
310,1594371240000,326.15,332.7,324.3,330.0,10900,,22600,weekly,2020-7-16T21:00:00.000,options,call
311,1594371300000,329.35,335.0,329.35,333.25,10980,,22600,weekly,2020-7-16T21:00:00.000,options,call
312,1594371360000,333.0,337.5,330.95,336.8,8400,,22600,weekly,2020-7-16T21:00:00.000,options,call
313,1594371420000,336.35,336.35,329.65,331.45,4560,,22600,weekly,2020-7-16T21:00:00.000,options,call
314,1594371480000,330.0,338.9,330.0,338.9,3520,,22600,weekly,2020-7-16T21:00:00.000,options,call
315,1594371540000,337.6,344.85,335.0,340.8,10740,,22600,weekly,2020-7-16T21:00:00.000,options,call
316,1594371600000,340.8,346.0,337.8,343.7,7020,,22600,weekly,2020-7-16T21:00:00.000,options,call
317,1594371660000,343.7,344.65,335.1,335.1,6240,,22600,weekly,2020-7-16T21:00:00.000,options,call
318,1594371720000,334.15,343.0,333.6,340.05,3540,,22600,weekly,2020-7-16T21:00:00.000,options,call
319,1594371780000,340.55,345.45,338.55,340.0,6960,,22600,weekly,2020-7-16T21:00:00.000,options,call
320,1594371840000,340.0,356.75,338.7,348.5,13960,,22600,weekly,2020-7-16T21:00:00.000,options,call
321,1594371900000,348.4,349.15,344.75,347.95,2400,,22600,weekly,2020-7-16T21:00:00.000,options,call
322,1594371960000,347.0,355.0,343.5,354.55,7760,,22600,weekly,2020-7-16T21:00:00.000,options,call
323,1594372020000,354.45,354.6,347.45,350.5,8440,,22600,weekly,2020-7-16T21:00:00.000,options,call
324,1594372080000,349.95,355.05,346.35,348.9,12380,,22600,weekly,2020-7-16T21:00:00.000,options,call
325,1594372140000,348.0,348.0,336.6,342.35,8980,,22600,weekly,2020-7-16T21:00:00.000,options,call
326,1594372200000,341.5,345.3,333.05,342.0,5900,,22600,weekly,2020-7-16T21:00:00.000,options,call
327,1594372260000,340.3,340.3,335.0,336.85,4460,,22600,weekly,2020-7-16T21:00:00.000,options,call
328,1594372320000,338.45,344.35,335.95,337.75,9680,,22600,weekly,2020-7-16T21:00:00.000,options,call
329,1594372380000,336.6,336.6,329.2,335.05,9200,,22600,weekly,2020-7-16T21:00:00.000,options,call
330,1594372440000,336.45,343.9,335.85,336.3,7320,,22600,weekly,2020-7-16T21:00:00.000,options,call
331,1594372500000,334.2,338.3,329.55,332.6,5900,,22600,weekly,2020-7-16T21:00:00.000,options,call
332,1594372560000,334.05,339.4,332.1,336.9,3400,,22600,weekly,2020-7-16T21:00:00.000,options,call
333,1594372620000,336.9,342.2,336.9,337.0,6340,,22600,weekly,2020-7-16T21:00:00.000,options,call
334,1594372680000,337.0,338.15,331.55,337.65,2980,,22600,weekly,2020-7-16T21:00:00.000,options,call
335,1594372740000,337.65,337.65,331.4,331.6,2860,,22600,weekly,2020-7-16T21:00:00.000,options,call
336,1594372800000,331.6,336.0,324.75,333.35,7780,,22600,weekly,2020-7-16T21:00:00.000,options,call
337,1594372860000,333.35,336.2,330.7,335.95,1980,,22600,weekly,2020-7-16T21:00:00.000,options,call
338,1594372920000,335.95,344.5,334.4,337.7,10740,,22600,weekly,2020-7-16T21:00:00.000,options,call
339,1594372980000,339.35,340.25,334.2,336.7,7800,,22600,weekly,2020-7-16T21:00:00.000,options,call
340,1594373040000,336.7,341.95,334.4,338.65,5460,,22600,weekly,2020-7-16T21:00:00.000,options,call
341,1594373100000,340.1,342.1,336.45,338.1,5760,,22600,weekly,2020-7-16T21:00:00.000,options,call
342,1594373160000,339.2,341.3,336.65,341.3,5080,,22600,weekly,2020-7-16T21:00:00.000,options,call
343,1594373220000,341.3,341.3,338.2,339.4,2620,,22600,weekly,2020-7-16T21:00:00.000,options,call
344,1594373280000,341.0,348.0,340.0,340.15,8520,,22600,weekly,2020-7-16T21:00:00.000,options,call
345,1594373340000,340.65,357.4,340.65,353.95,32700,,22600,weekly,2020-7-16T21:00:00.000,options,call
346,1594373400000,352.1,364.3,352.1,358.55,27000,,22600,weekly,2020-7-16T21:00:00.000,options,call
347,1594373460000,360.0,366.0,356.05,356.95,16660,,22600,weekly,2020-7-16T21:00:00.000,options,call
348,1594373520000,355.5,361.5,353.6,354.1,9380,,22600,weekly,2020-7-16T21:00:00.000,options,call
349,1594373580000,354.1,361.0,352.15,361.0,7800,,22600,weekly,2020-7-16T21:00:00.000,options,call
350,1594373640000,361.0,362.0,355.55,355.55,4460,,22600,weekly,2020-7-16T21:00:00.000,options,call
351,1594373700000,355.85,360.0,352.95,356.55,5100,,22600,weekly,2020-7-16T21:00:00.000,options,call
352,1594373760000,358.0,360.9,355.8,359.3,5760,,22600,weekly,2020-7-16T21:00:00.000,options,call
353,1594373820000,359.0,361.5,356.15,358.4,4700,,22600,weekly,2020-7-16T21:00:00.000,options,call
354,1594373880000,358.4,360.3,354.0,354.75,6280,,22600,weekly,2020-7-16T21:00:00.000,options,call
355,1594373940000,354.75,358.95,336.8,336.8,16860,,22600,weekly,2020-7-16T21:00:00.000,options,call
356,1594374000000,337.15,337.15,296.85,309.05,41420,,22600,weekly,2020-7-16T21:00:00.000,options,call
357,1594374060000,308.85,333.2,308.45,328.85,15140,,22600,weekly,2020-7-16T21:00:00.000,options,call
358,1594374120000,328.1,336.45,323.7,332.8,11620,,22600,weekly,2020-7-16T21:00:00.000,options,call
359,1594374180000,331.95,334.9,328.0,330.1,8180,,22600,weekly,2020-7-16T21:00:00.000,options,call
360,1594374240000,333.0,341.0,330.9,332.55,14660,,22600,weekly,2020-7-16T21:00:00.000,options,call
361,1594374300000,333.0,335.9,329.35,329.35,10660,,22600,weekly,2020-7-16T21:00:00.000,options,call
362,1594374360000,329.35,331.25,325.5,328.2,7360,,22600,weekly,2020-7-16T21:00:00.000,options,call
363,1594374420000,327.15,330.3,327.0,327.0,8960,,22600,weekly,2020-7-16T21:00:00.000,options,call
364,1594374480000,328.0,329.75,325.6,326.8,5460,,22600,weekly,2020-7-16T21:00:00.000,options,call
365,1594374540000,326.8,337.9,326.8,336.7,10720,,22600,weekly,2020-7-16T21:00:00.000,options,call
366,1594374600000,337.7,339.3,330.0,330.2,18940,,22600,weekly,2020-7-16T21:00:00.000,options,call
367,1594374660000,332.1,335.8,331.0,334.9,3840,,22600,weekly,2020-7-16T21:00:00.000,options,call
368,1594374720000,334.0,337.25,333.05,335.8,3440,,22600,weekly,2020-7-16T21:00:00.000,options,call
369,1594374780000,336.15,338.0,335.55,338.0,9600,,22600,weekly,2020-7-16T21:00:00.000,options,call
370,1594374840000,338.0,342.55,333.1,338.15,12480,,22600,weekly,2020-7-16T21:00:00.000,options,call
371,1594374900000,338.15,341.55,335.0,337.35,11580,,22600,weekly,2020-7-16T21:00:00.000,options,call
372,1594374960000,337.1,337.1,335.2,336.1,8420,,22600,weekly,2020-7-16T21:00:00.000,options,call
373,1594375020000,336.95,337.0,331.65,331.65,10060,,22600,weekly,2020-7-16T21:00:00.000,options,call
374,1594375080000,333.15,333.95,325.0,332.3,7760,,22600,weekly,2020-7-16T21:00:00.000,options,call
