,timestamp,open,high,low,close,volume,open_interest,strike,expiry_type,expiry,instrument,contract_type
0,1584436500000,150.0,164.0,100.2,153.85,218775,,8500,weekly,2020-3-19T21:00:00.000,options,put
1,1584436560000,150.05,185.85,150.05,185.85,190650,,8500,weekly,2020-3-19T21:00:00.000,options,put
2,1584436620000,184.0,184.0,156.55,159.5,192075,,8500,weekly,2020-3-19T21:00:00.000,options,put
3,1584436680000,158.65,163.0,144.65,161.6,212700,,8500,weekly,2020-3-19T21:00:00.000,options,put
4,1584436740000,159.85,177.4,155.1,176.75,153675,,8500,weekly,2020-3-19T21:00:00.000,options,put
5,1584436800000,175.45,176.0,156.45,160.0,115500,,8500,weekly,2020-3-19T21:00:00.000,options,put
6,1584436860000,161.2,169.4,160.0,165.75,58050,,8500,weekly,2020-3-19T21:00:00.000,options,put
7,1584436920000,165.0,177.35,164.6,177.35,76650,,8500,weekly,2020-3-19T21:00:00.000,options,put
8,1584436980000,176.5,185.6,175.2,185.0,108075,,8500,weekly,2020-3-19T21:00:00.000,options,put
9,1584437040000,185.9,189.9,176.3,176.3,112650,,8500,weekly,2020-3-19T21:00:00.000,options,put
10,1584437100000,175.3,186.55,175.05,176.0,75450,,8500,weekly,2020-3-19T21:00:00.000,options,put
11,1584437160000,175.45,196.5,175.45,187.65,105975,,8500,weekly,2020-3-19T21:00:00.000,options,put
12,1584437220000,186.5,188.2,177.3,179.2,63600,,8500,weekly,2020-3-19T21:00:00.000,options,put
13,1584437280000,175.55,181.65,173.0,180.2,68475,,8500,weekly,2020-3-19T21:00:00.000,options,put
14,1584437340000,180.15,180.15,169.05,174.0,56325,,8500,weekly,2020-3-19T21:00:00.000,options,put
15,1584437400000,173.95,174.25,162.1,162.95,80550,,8500,weekly,2020-3-19T21:00:00.000,options,put
16,1584437460000,162.1,162.45,146.25,146.25,106500,,8500,weekly,2020-3-19T21:00:00.000,options,put
17,1584437520000,146.95,147.9,133.45,133.7,92925,,8500,weekly,2020-3-19T21:00:00.000,options,put
18,1584437580000,134.45,135.15,123.35,133.45,119625,,8500,weekly,2020-3-19T21:00:00.000,options,put
19,1584437640000,132.8,147.4,130.95,147.15,71775,,8500,weekly,2020-3-19T21:00:00.000,options,put
20,1584437700000,148.0,149.25,130.05,132.5,80925,,8500,weekly,2020-3-19T21:00:00.000,options,put
21,1584437760000,132.5,139.0,128.8,139.0,84375,,8500,weekly,2020-3-19T21:00:00.000,options,put
22,1584437820000,139.1,146.1,130.65,130.65,80850,,8500,weekly,2020-3-19T21:00:00.000,options,put
23,1584437880000,131.1,135.8,128.6,132.6,76800,,8500,weekly,2020-3-19T21:00:00.000,options,put
24,1584437940000,132.6,135.75,126.0,130.8,42750,,8500,weekly,2020-3-19T21:00:00.000,options,put
25,1584438000000,130.8,134.8,125.0,132.8,56475,,8500,weekly,2020-3-19T21:00:00.000,options,put
26,1584438060000,133.85,140.45,130.7,130.7,45375,,8500,weekly,2020-3-19T21:00:00.000,options,put
27,1584438120000,130.75,131.0,118.05,121.05,121125,,8500,weekly,2020-3-19T21:00:00.000,options,put
28,1584438180000,122.75,131.5,122.75,127.75,36225,,8500,weekly,2020-3-19T21:00:00.000,options,put
29,1584438240000,127.7,133.95,127.0,129.0,29250,,8500,weekly,2020-3-19T21:00:00.000,options,put
30,1584438300000,128.95,130.35,123.15,125.95,59400,,8500,weekly,2020-3-19T21:00:00.000,options,put
31,1584438360000,125.95,131.95,125.95,131.95,45150,,8500,weekly,2020-3-19T21:00:00.000,options,put
32,1584438420000,131.0,136.85,128.5,129.5,45375,,8500,weekly,2020-3-19T21:00:00.000,options,put
33,1584438480000,129.5,136.0,129.05,134.75,31950,,8500,weekly,2020-3-19T21:00:00.000,options,put
34,1584438540000,135.0,135.7,130.15,132.4,39450,,8500,weekly,2020-3-19T21:00:00.000,options,put
35,1584438600000,132.0,133.25,121.15,125.0,64800,,8500,weekly,2020-3-19T21:00:00.000,options,put
36,1584438660000,125.0,126.7,122.05,125.4,57975,,8500,weekly,2020-3-19T21:00:00.000,options,put
37,1584438720000,124.5,125.45,115.65,116.0,84975,,8500,weekly,2020-3-19T21:00:00.000,options,put
38,1584438780000,114.3,122.1,113.6,122.1,76275,,8500,weekly,2020-3-19T21:00:00.000,options,put
39,1584438840000,122.45,125.85,108.85,108.85,50625,,8500,weekly,2020-3-19T21:00:00.000,options,put
40,1584438900000,109.55,114.0,105.2,113.25,74100,,8500,weekly,2020-3-19T21:00:00.000,options,put
41,1584438960000,113.2,119.4,112.6,117.3,59400,,8500,weekly,2020-3-19T21:00:00.000,options,put
42,1584439020000,117.45,122.05,115.0,118.0,40575,,8500,weekly,2020-3-19T21:00:00.000,options,put
43,1584439080000,118.4,118.4,112.55,115.25,39825,,8500,weekly,2020-3-19T21:00:00.000,options,put
44,1584439140000,114.95,115.15,108.65,108.65,33525,,8500,weekly,2020-3-19T21:00:00.000,options,put
45,1584439200000,108.0,111.9,105.7,110.6,50175,,8500,weekly,2020-3-19T21:00:00.000,options,put
46,1584439260000,110.15,111.9,107.25,109.6,44250,,8500,weekly,2020-3-19T21:00:00.000,options,put
47,1584439320000,110.15,110.8,103.55,103.55,51975,,8500,weekly,2020-3-19T21:00:00.000,options,put
48,1584439380000,103.55,108.9,100.55,108.9,64950,,8500,weekly,2020-3-19T21:00:00.000,options,put
49,1584439440000,109.25,122.6,107.8,119.05,80400,,8500,weekly,2020-3-19T21:00:00.000,options,put
50,1584439500000,118.45,124.95,118.05,122.45,74100,,8500,weekly,2020-3-19T21:00:00.000,options,put
51,1584439560000,121.35,122.05,116.1,118.3,48825,,8500,weekly,2020-3-19T21:00:00.000,options,put
52,1584439620000,117.2,120.1,116.2,116.9,19125,,8500,weekly,2020-3-19T21:00:00.000,options,put
53,1584439680000,117.15,117.15,111.8,116.35,19725,,8500,weekly,2020-3-19T21:00:00.000,options,put
54,1584439740000,116.25,116.7,114.0,114.95,17625,,8500,weekly,2020-3-19T21:00:00.000,options,put
55,1584439800000,114.7,114.8,106.65,110.7,46950,,8500,weekly,2020-3-19T21:00:00.000,options,put
56,1584439860000,110.7,114.2,108.0,109.1,15000,,8500,weekly,2020-3-19T21:00:00.000,options,put
57,1584439920000,109.1,114.55,109.0,111.0,21225,,8500,weekly,2020-3-19T21:00:00.000,options,put
58,1584439980000,111.3,113.05,108.0,108.5,11475,,8500,weekly,2020-3-19T21:00:00.000,options,put
59,1584440040000,108.65,115.0,108.0,111.5,20025,,8500,weekly,2020-3-19T21:00:00.000,options,put
60,1584440100000,111.35,116.3,111.0,115.8,21525,,8500,weekly,2020-3-19T21:00:00.000,options,put
61,1584440160000,115.65,116.25,112.0,114.6,17775,,8500,weekly,2020-3-19T21:00:00.000,options,put
62,1584440220000,115.0,115.0,110.35,111.95,23925,,8500,weekly,2020-3-19T21:00:00.000,options,put
63,1584440280000,111.55,114.0,108.55,113.35,22950,,8500,weekly,2020-3-19T21:00:00.000,options,put
64,1584440340000,113.25,115.15,109.35,114.0,22350,,8500,weekly,2020-3-19T21:00:00.000,options,put
65,1584440400000,113.3,119.85,113.3,114.0,24675,,8500,weekly,2020-3-19T21:00:00.000,options,put
66,1584440460000,114.0,116.7,112.8,114.0,14025,,8500,weekly,2020-3-19T21:00:00.000,options,put
67,1584440520000,114.0,117.7,112.0,114.0,18600,,8500,weekly,2020-3-19T21:00:00.000,options,put
68,1584440580000,113.25,114.0,110.0,111.15,32850,,8500,weekly,2020-3-19T21:00:00.000,options,put
69,1584440640000,110.6,111.0,109.45,109.6,41025,,8500,weekly,2020-3-19T21:00:00.000,options,put
70,1584440700000,110.25,110.25,104.75,105.65,47625,,8500,weekly,2020-3-19T21:00:00.000,options,put
71,1584440760000,107.0,107.1,100.5,104.3,51075,,8500,weekly,2020-3-19T21:00:00.000,options,put
72,1584440820000,104.2,106.15,101.8,103.75,35400,,8500,weekly,2020-3-19T21:00:00.000,options,put
73,1584440880000,103.05,105.85,102.0,103.0,34500,,8500,weekly,2020-3-19T21:00:00.000,options,put
74,1584440940000,103.1,103.5,100.0,101.0,54900,,8500,weekly,2020-3-19T21:00:00.000,options,put
75,1584441000000,100.95,103.6,92.25,103.6,96525,,8500,weekly,2020-3-19T21:00:00.000,options,put
76,1584441060000,103.1,106.4,100.05,100.75,50475,,8500,weekly,2020-3-19T21:00:00.000,options,put
77,1584441120000,100.15,104.2,100.15,103.45,26850,,8500,weekly,2020-3-19T21:00:00.000,options,put
78,1584441180000,103.75,104.55,100.35,101.9,21675,,8500,weekly,2020-3-19T21:00:00.000,options,put
79,1584441240000,101.05,107.45,100.6,107.45,22875,,8500,weekly,2020-3-19T21:00:00.000,options,put
80,1584441300000,107.4,108.85,102.7,107.85,27450,,8500,weekly,2020-3-19T21:00:00.000,options,put
81,1584441360000,107.6,112.15,106.95,110.95,44775,,8500,weekly,2020-3-19T21:00:00.000,options,put
82,1584441420000,110.5,110.85,105.35,108.5,37425,,8500,weekly,2020-3-19T21:00:00.000,options,put
83,1584441480000,108.5,110.6,106.8,108.3,15150,,8500,weekly,2020-3-19T21:00:00.000,options,put
84,1584441540000,108.3,110.3,104.0,107.0,14625,,8500,weekly,2020-3-19T21:00:00.000,options,put
85,1584441600000,107.25,107.9,102.0,105.8,16050,,8500,weekly,2020-3-19T21:00:00.000,options,put
86,1584441660000,105.6,109.0,105.15,105.45,15825,,8500,weekly,2020-3-19T21:00:00.000,options,put
87,1584441720000,104.0,110.25,104.0,109.95,20325,,8500,weekly,2020-3-19T21:00:00.000,options,put
88,1584441780000,110.0,111.55,107.05,107.05,15075,,8500,weekly,2020-3-19T21:00:00.000,options,put
89,1584441840000,107.05,111.2,106.0,107.9,21600,,8500,weekly,2020-3-19T21:00:00.000,options,put
90,1584441900000,107.9,115.0,107.9,114.05,26775,,8500,weekly,2020-3-19T21:00:00.000,options,put
91,1584441960000,114.2,114.2,108.7,109.6,20475,,8500,weekly,2020-3-19T21:00:00.000,options,put
92,1584442020000,110.25,113.5,110.0,110.1,16575,,8500,weekly,2020-3-19T21:00:00.000,options,put
93,1584442080000,110.55,111.0,103.0,104.05,29175,,8500,weekly,2020-3-19T21:00:00.000,options,put
94,1584442140000,103.95,106.45,102.35,103.65,16275,,8500,weekly,2020-3-19T21:00:00.000,options,put
95,1584442200000,104.15,109.95,103.8,107.5,38100,,8500,weekly,2020-3-19T21:00:00.000,options,put
96,1584442260000,107.8,107.8,103.0,103.65,18900,,8500,weekly,2020-3-19T21:00:00.000,options,put
97,1584442320000,103.45,104.45,102.0,103.9,28875,,8500,weekly,2020-3-19T21:00:00.000,options,put
98,1584442380000,103.6,104.85,102.65,104.5,11625,,8500,weekly,2020-3-19T21:00:00.000,options,put
99,1584442440000,103.75,106.6,102.0,102.05,24000,,8500,weekly,2020-3-19T21:00:00.000,options,put
100,1584442500000,101.5,101.9,99.4,100.8,40575,,8500,weekly,2020-3-19T21:00:00.000,options,put
101,1584442560000,101.3,105.5,101.3,105.5,39825,,8500,weekly,2020-3-19T21:00:00.000,options,put
102,1584442620000,105.8,112.5,105.1,107.75,43275,,8500,weekly,2020-3-19T21:00:00.000,options,put
103,1584442680000,108.15,110.0,105.8,109.85,29250,,8500,weekly,2020-3-19T21:00:00.000,options,put
104,1584442740000,110.05,113.0,109.3,112.1,25200,,8500,weekly,2020-3-19T21:00:00.000,options,put
105,1584442800000,112.75,120.0,112.0,118.95,49425,,8500,weekly,2020-3-19T21:00:00.000,options,put
106,1584442860000,118.05,123.65,116.3,123.65,46500,,8500,weekly,2020-3-19T21:00:00.000,options,put
107,1584442920000,125.1,125.85,117.15,118.0,70050,,8500,weekly,2020-3-19T21:00:00.000,options,put
108,1584442980000,118.85,124.6,118.55,124.0,38850,,8500,weekly,2020-3-19T21:00:00.000,options,put
109,1584443040000,125.0,126.55,120.0,121.95,60750,,8500,weekly,2020-3-19T21:00:00.000,options,put
110,1584443100000,122.45,122.45,116.0,121.0,43650,,8500,weekly,2020-3-19T21:00:00.000,options,put
111,1584443160000,122.45,129.15,121.7,127.2,72900,,8500,weekly,2020-3-19T21:00:00.000,options,put
112,1584443220000,126.9,128.5,124.3,125.95,68325,,8500,weekly,2020-3-19T21:00:00.000,options,put
113,1584443280000,125.95,133.95,125.95,132.05,82800,,8500,weekly,2020-3-19T21:00:00.000,options,put
114,1584443340000,132.05,132.45,125.8,129.7,85500,,8500,weekly,2020-3-19T21:00:00.000,options,put
115,1584443400000,129.4,134.0,128.7,133.75,54975,,8500,weekly,2020-3-19T21:00:00.000,options,put
116,1584443460000,133.3,137.5,130.45,135.55,81975,,8500,weekly,2020-3-19T21:00:00.000,options,put
117,1584443520000,135.0,136.1,126.0,126.0,81900,,8500,weekly,2020-3-19T21:00:00.000,options,put
118,1584443580000,125.3,128.55,124.55,128.5,60975,,8500,weekly,2020-3-19T21:00:00.000,options,put
119,1584443640000,128.6,133.3,128.6,132.9,29625,,8500,weekly,2020-3-19T21:00:00.000,options,put
120,1584443700000,132.0,132.0,124.0,126.35,33975,,8500,weekly,2020-3-19T21:00:00.000,options,put
121,1584443760000,125.5,129.5,125.15,129.0,19200,,8500,weekly,2020-3-19T21:00:00.000,options,put
122,1584443820000,129.45,132.5,129.0,131.25,36750,,8500,weekly,2020-3-19T21:00:00.000,options,put
123,1584443880000,131.25,139.95,130.0,137.15,77625,,8500,weekly,2020-3-19T21:00:00.000,options,put
124,1584443940000,137.25,142.0,135.0,139.4,64050,,8500,weekly,2020-3-19T21:00:00.000,options,put
125,1584444000000,139.4,140.8,132.3,136.6,59325,,8500,weekly,2020-3-19T21:00:00.000,options,put
126,1584444060000,136.85,137.7,133.0,135.85,50850,,8500,weekly,2020-3-19T21:00:00.000,options,put
127,1584444120000,136.2,138.75,132.55,132.55,27375,,8500,weekly,2020-3-19T21:00:00.000,options,put
128,1584444180000,131.1,136.3,131.1,134.5,20700,,8500,weekly,2020-3-19T21:00:00.000,options,put
129,1584444240000,134.5,135.35,131.8,134.0,13500,,8500,weekly,2020-3-19T21:00:00.000,options,put
130,1584444300000,133.95,140.0,133.95,139.7,38550,,8500,weekly,2020-3-19T21:00:00.000,options,put
131,1584444360000,139.0,139.15,136.0,136.15,28425,,8500,weekly,2020-3-19T21:00:00.000,options,put
132,1584444420000,136.5,140.0,134.0,140.0,22500,,8500,weekly,2020-3-19T21:00:00.000,options,put
133,1584444480000,139.4,141.3,133.6,134.4,41550,,8500,weekly,2020-3-19T21:00:00.000,options,put
134,1584444540000,133.7,137.9,130.0,137.85,43350,,8500,weekly,2020-3-19T21:00:00.000,options,put
135,1584444600000,138.05,143.6,137.9,141.45,62250,,8500,weekly,2020-3-19T21:00:00.000,options,put
136,1584444660000,141.6,145.5,140.05,142.25,53550,,8500,weekly,2020-3-19T21:00:00.000,options,put
137,1584444720000,143.15,147.55,140.2,140.3,90075,,8500,weekly,2020-3-19T21:00:00.000,options,put
138,1584444780000,140.45,143.6,135.65,138.1,59550,,8500,weekly,2020-3-19T21:00:00.000,options,put
139,1584444840000,137.85,137.85,131.55,134.45,63675,,8500,weekly,2020-3-19T21:00:00.000,options,put
140,1584444900000,135.0,136.65,133.9,134.8,18075,,8500,weekly,2020-3-19T21:00:00.000,options,put
141,1584444960000,135.35,141.75,134.75,141.3,27225,,8500,weekly,2020-3-19T21:00:00.000,options,put
142,1584445020000,141.65,141.65,137.15,140.25,23100,,8500,weekly,2020-3-19T21:00:00.000,options,put
143,1584445080000,140.25,141.45,136.25,136.55,15825,,8500,weekly,2020-3-19T21:00:00.000,options,put
144,1584445140000,136.2,136.6,133.7,133.7,22425,,8500,weekly,2020-3-19T21:00:00.000,options,put
145,1584445200000,133.6,135.0,131.0,131.0,27225,,8500,weekly,2020-3-19T21:00:00.000,options,put
146,1584445260000,131.8,132.6,126.75,130.0,42675,,8500,weekly,2020-3-19T21:00:00.000,options,put
147,1584445320000,130.65,132.0,130.05,131.3,13125,,8500,weekly,2020-3-19T21:00:00.000,options,put
148,1584445380000,131.4,133.95,130.5,131.0,12975,,8500,weekly,2020-3-19T21:00:00.000,options,put
149,1584445440000,130.85,131.7,125.65,128.05,36375,,8500,weekly,2020-3-19T21:00:00.000,options,put
150,1584445500000,128.5,129.45,120.3,120.5,32625,,8500,weekly,2020-3-19T21:00:00.000,options,put
151,1584445560000,121.4,125.1,120.45,123.0,34650,,8500,weekly,2020-3-19T21:00:00.000,options,put
152,1584445620000,123.0,124.35,122.45,123.05,14550,,8500,weekly,2020-3-19T21:00:00.000,options,put
153,1584445680000,122.45,124.0,121.05,122.65,18900,,8500,weekly,2020-3-19T21:00:00.000,options,put
154,1584445740000,122.1,122.1,112.65,114.1,63000,,8500,weekly,2020-3-19T21:00:00.000,options,put
155,1584445800000,115.85,118.85,115.0,116.9,32400,,8500,weekly,2020-3-19T21:00:00.000,options,put
156,1584445860000,116.9,120.3,116.3,116.9,17625,,8500,weekly,2020-3-19T21:00:00.000,options,put
157,1584445920000,117.0,117.5,114.9,115.0,26625,,8500,weekly,2020-3-19T21:00:00.000,options,put
158,1584445980000,115.1,118.9,115.1,115.5,34650,,8500,weekly,2020-3-19T21:00:00.000,options,put
159,1584446040000,116.55,117.0,114.0,115.0,19575,,8500,weekly,2020-3-19T21:00:00.000,options,put
160,1584446100000,115.0,118.1,113.8,115.7,76425,,8500,weekly,2020-3-19T21:00:00.000,options,put
161,1584446160000,115.7,117.8,115.2,116.0,10950,,8500,weekly,2020-3-19T21:00:00.000,options,put
162,1584446220000,115.65,116.5,113.0,114.65,29325,,8500,weekly,2020-3-19T21:00:00.000,options,put
163,1584446280000,114.0,114.8,110.0,111.0,36375,,8500,weekly,2020-3-19T21:00:00.000,options,put
164,1584446340000,111.0,113.85,108.65,109.0,22200,,8500,weekly,2020-3-19T21:00:00.000,options,put
165,1584446400000,109.2,109.2,103.8,107.95,40800,,8500,weekly,2020-3-19T21:00:00.000,options,put
166,1584446460000,108.0,109.85,107.0,109.85,22050,,8500,weekly,2020-3-19T21:00:00.000,options,put
167,1584446520000,109.8,112.9,108.0,111.7,23250,,8500,weekly,2020-3-19T21:00:00.000,options,put
168,1584446580000,111.5,113.8,109.8,111.6,11325,,8500,weekly,2020-3-19T21:00:00.000,options,put
169,1584446640000,112.35,113.0,109.55,111.9,22275,,8500,weekly,2020-3-19T21:00:00.000,options,put
170,1584446700000,112.25,112.25,109.0,110.9,48600,,8500,weekly,2020-3-19T21:00:00.000,options,put
171,1584446760000,109.9,109.9,105.5,106.35,23100,,8500,weekly,2020-3-19T21:00:00.000,options,put
172,1584446820000,106.5,110.95,106.0,109.25,12600,,8500,weekly,2020-3-19T21:00:00.000,options,put
173,1584446880000,109.25,112.7,109.25,110.75,21450,,8500,weekly,2020-3-19T21:00:00.000,options,put
174,1584446940000,111.1,112.35,110.0,111.5,12300,,8500,weekly,2020-3-19T21:00:00.000,options,put
175,1584447000000,111.7,113.0,108.45,112.75,15150,,8500,weekly,2020-3-19T21:00:00.000,options,put
176,1584447060000,112.35,112.9,111.25,112.05,11550,,8500,weekly,2020-3-19T21:00:00.000,options,put
177,1584447120000,112.1,114.6,111.6,113.95,20175,,8500,weekly,2020-3-19T21:00:00.000,options,put
178,1584447180000,113.55,114.55,111.0,113.2,18975,,8500,weekly,2020-3-19T21:00:00.000,options,put
179,1584447240000,113.1,114.0,111.55,113.85,9075,,8500,weekly,2020-3-19T21:00:00.000,options,put
180,1584447300000,113.3,114.0,109.55,111.95,20175,,8500,weekly,2020-3-19T21:00:00.000,options,put
181,1584447360000,111.8,112.4,110.0,111.7,10650,,8500,weekly,2020-3-19T21:00:00.000,options,put
182,1584447420000,111.7,113.95,109.35,110.25,17100,,8500,weekly,2020-3-19T21:00:00.000,options,put
183,1584447480000,109.3,112.75,109.3,111.75,6600,,8500,weekly,2020-3-19T21:00:00.000,options,put
184,1584447540000,111.2,111.2,106.0,107.9,18150,,8500,weekly,2020-3-19T21:00:00.000,options,put
185,1584447600000,108.25,109.25,106.5,107.95,13050,,8500,weekly,2020-3-19T21:00:00.000,options,put
186,1584447660000,107.75,111.0,106.8,110.2,7950,,8500,weekly,2020-3-19T21:00:00.000,options,put
187,1584447720000,110.25,110.25,107.95,110.0,15150,,8500,weekly,2020-3-19T21:00:00.000,options,put
188,1584447780000,110.1,111.8,109.05,109.9,18075,,8500,weekly,2020-3-19T21:00:00.000,options,put
189,1584447840000,108.5,114.55,108.4,113.0,27075,,8500,weekly,2020-3-19T21:00:00.000,options,put
190,1584447900000,113.7,113.7,108.7,110.7,18375,,8500,weekly,2020-3-19T21:00:00.000,options,put
191,1584447960000,112.0,113.35,110.7,110.7,10125,,8500,weekly,2020-3-19T21:00:00.000,options,put
192,1584448020000,110.7,111.0,107.9,107.9,12225,,8500,weekly,2020-3-19T21:00:00.000,options,put
193,1584448080000,108.35,112.2,107.95,111.75,14700,,8500,weekly,2020-3-19T21:00:00.000,options,put
194,1584448140000,112.55,112.55,108.65,109.3,18300,,8500,weekly,2020-3-19T21:00:00.000,options,put
195,1584448200000,109.0,109.2,107.25,107.5,13650,,8500,weekly,2020-3-19T21:00:00.000,options,put
196,1584448260000,107.7,109.2,107.0,107.35,10425,,8500,weekly,2020-3-19T21:00:00.000,options,put
197,1584448320000,107.1,107.65,104.8,106.85,31200,,8500,weekly,2020-3-19T21:00:00.000,options,put
198,1584448380000,106.85,108.5,101.1,102.4,37500,,8500,weekly,2020-3-19T21:00:00.000,options,put
199,1584448440000,102.05,104.95,101.1,103.7,30975,,8500,weekly,2020-3-19T21:00:00.000,options,put
200,1584448500000,104.0,106.85,104.0,105.6,21600,,8500,weekly,2020-3-19T21:00:00.000,options,put
201,1584448560000,106.2,106.5,102.0,102.0,17550,,8500,weekly,2020-3-19T21:00:00.000,options,put
202,1584448620000,101.45,103.55,101.0,103.0,20025,,8500,weekly,2020-3-19T21:00:00.000,options,put
203,1584448680000,102.75,106.45,102.75,105.0,17100,,8500,weekly,2020-3-19T21:00:00.000,options,put
204,1584448740000,105.0,106.05,103.15,105.85,5625,,8500,weekly,2020-3-19T21:00:00.000,options,put
205,1584448800000,105.55,107.9,105.1,107.9,9150,,8500,weekly,2020-3-19T21:00:00.000,options,put
206,1584448860000,107.7,112.0,107.7,110.0,20775,,8500,weekly,2020-3-19T21:00:00.000,options,put
207,1584448920000,110.5,111.1,108.5,110.7,14850,,8500,weekly,2020-3-19T21:00:00.000,options,put
208,1584448980000,110.95,114.9,108.55,114.9,22950,,8500,weekly,2020-3-19T21:00:00.000,options,put
209,1584449040000,114.9,115.4,111.75,111.75,23475,,8500,weekly,2020-3-19T21:00:00.000,options,put
210,1584449100000,111.75,113.5,110.2,112.8,15300,,8500,weekly,2020-3-19T21:00:00.000,options,put
211,1584449160000,112.8,112.8,109.75,111.9,14475,,8500,weekly,2020-3-19T21:00:00.000,options,put
212,1584449220000,111.75,114.7,110.0,114.6,16275,,8500,weekly,2020-3-19T21:00:00.000,options,put
213,1584449280000,114.6,114.7,111.55,113.0,11100,,8500,weekly,2020-3-19T21:00:00.000,options,put
214,1584449340000,112.75,113.75,111.0,113.0,8325,,8500,weekly,2020-3-19T21:00:00.000,options,put
215,1584449400000,113.0,113.95,111.5,113.15,4950,,8500,weekly,2020-3-19T21:00:00.000,options,put
216,1584449460000,113.0,114.0,112.0,113.0,6375,,8500,weekly,2020-3-19T21:00:00.000,options,put
217,1584449520000,113.0,114.6,112.3,113.0,9600,,8500,weekly,2020-3-19T21:00:00.000,options,put
218,1584449580000,112.65,113.75,110.65,113.75,12525,,8500,weekly,2020-3-19T21:00:00.000,options,put
219,1584449640000,113.35,119.25,113.35,117.0,45075,,8500,weekly,2020-3-19T21:00:00.000,options,put
220,1584449700000,117.8,118.4,113.0,113.0,26325,,8500,weekly,2020-3-19T21:00:00.000,options,put
221,1584449760000,113.15,117.05,113.15,114.75,12075,,8500,weekly,2020-3-19T21:00:00.000,options,put
222,1584449820000,114.75,114.75,107.35,109.0,24000,,8500,weekly,2020-3-19T21:00:00.000,options,put
223,1584449880000,109.65,112.55,109.15,110.45,8775,,8500,weekly,2020-3-19T21:00:00.000,options,put
224,1584449940000,110.45,113.85,110.2,113.0,13200,,8500,weekly,2020-3-19T21:00:00.000,options,put
225,1584450000000,112.45,115.7,112.15,114.6,6450,,8500,weekly,2020-3-19T21:00:00.000,options,put
226,1584450060000,114.5,114.5,112.25,113.0,13125,,8500,weekly,2020-3-19T21:00:00.000,options,put
227,1584450120000,113.0,114.9,110.5,110.5,18450,,8500,weekly,2020-3-19T21:00:00.000,options,put
228,1584450180000,110.55,112.7,110.0,110.0,12075,,8500,weekly,2020-3-19T21:00:00.000,options,put
229,1584450240000,110.0,110.0,106.05,106.2,24225,,8500,weekly,2020-3-19T21:00:00.000,options,put
230,1584450300000,106.0,107.4,102.85,103.1,39750,,8500,weekly,2020-3-19T21:00:00.000,options,put
231,1584450360000,103.6,105.15,96.0,96.85,57675,,8500,weekly,2020-3-19T21:00:00.000,options,put
232,1584450420000,99.45,104.4,98.0,102.3,52800,,8500,weekly,2020-3-19T21:00:00.000,options,put
233,1584450480000,102.95,105.9,101.0,103.25,33975,,8500,weekly,2020-3-19T21:00:00.000,options,put
234,1584450540000,103.25,103.85,101.5,102.0,31275,,8500,weekly,2020-3-19T21:00:00.000,options,put
235,1584450600000,100.75,101.0,96.65,99.9,55575,,8500,weekly,2020-3-19T21:00:00.000,options,put
236,1584450660000,99.9,103.0,98.0,102.65,41850,,8500,weekly,2020-3-19T21:00:00.000,options,put
237,1584450720000,103.0,106.0,102.4,104.1,21450,,8500,weekly,2020-3-19T21:00:00.000,options,put
238,1584450780000,104.0,104.15,100.45,103.75,12600,,8500,weekly,2020-3-19T21:00:00.000,options,put
239,1584450840000,103.75,104.7,103.7,104.35,52275,,8500,weekly,2020-3-19T21:00:00.000,options,put
240,1584450900000,103.7,106.0,103.0,105.4,28650,,8500,weekly,2020-3-19T21:00:00.000,options,put
241,1584450960000,105.65,105.95,102.0,103.45,23550,,8500,weekly,2020-3-19T21:00:00.000,options,put
242,1584451020000,104.0,105.0,102.45,104.3,26775,,8500,weekly,2020-3-19T21:00:00.000,options,put
243,1584451080000,104.4,104.4,102.15,102.5,19575,,8500,weekly,2020-3-19T21:00:00.000,options,put
244,1584451140000,102.3,103.25,101.2,101.9,23775,,8500,weekly,2020-3-19T21:00:00.000,options,put
245,1584451200000,101.85,101.9,96.2,98.75,36375,,8500,weekly,2020-3-19T21:00:00.000,options,put
246,1584451260000,98.75,99.45,96.4,96.4,26775,,8500,weekly,2020-3-19T21:00:00.000,options,put
247,1584451320000,98.25,99.0,96.25,98.3,20700,,8500,weekly,2020-3-19T21:00:00.000,options,put
248,1584451380000,98.3,99.4,96.4,98.9,25200,,8500,weekly,2020-3-19T21:00:00.000,options,put
249,1584451440000,98.9,98.9,92.65,94.75,54000,,8500,weekly,2020-3-19T21:00:00.000,options,put
250,1584451500000,94.75,97.0,91.3,92.0,32925,,8500,weekly,2020-3-19T21:00:00.000,options,put
251,1584451560000,91.75,94.1,89.25,90.9,57150,,8500,weekly,2020-3-19T21:00:00.000,options,put
252,1584451620000,90.4,95.0,90.0,94.7,30900,,8500,weekly,2020-3-19T21:00:00.000,options,put
253,1584451680000,94.35,97.2,93.85,96.25,28275,,8500,weekly,2020-3-19T21:00:00.000,options,put
254,1584451740000,96.2,97.4,94.85,95.9,18900,,8500,weekly,2020-3-19T21:00:00.000,options,put
255,1584451800000,96.85,103.0,96.0,103.0,37500,,8500,weekly,2020-3-19T21:00:00.000,options,put
256,1584451860000,101.2,108.7,99.4,104.85,76350,,8500,weekly,2020-3-19T21:00:00.000,options,put
257,1584451920000,104.5,107.75,103.45,103.45,48000,,8500,weekly,2020-3-19T21:00:00.000,options,put
258,1584451980000,103.35,105.75,101.85,102.45,30375,,8500,weekly,2020-3-19T21:00:00.000,options,put
259,1584452040000,102.45,102.45,97.9,100.5,29550,,8500,weekly,2020-3-19T21:00:00.000,options,put
260,1584452100000,101.0,102.85,100.0,102.15,21075,,8500,weekly,2020-3-19T21:00:00.000,options,put
261,1584452160000,102.2,105.8,101.5,103.7,24375,,8500,weekly,2020-3-19T21:00:00.000,options,put
262,1584452220000,104.0,106.2,102.35,103.9,22275,,8500,weekly,2020-3-19T21:00:00.000,options,put
263,1584452280000,103.9,106.0,102.5,105.3,29175,,8500,weekly,2020-3-19T21:00:00.000,options,put
264,1584452340000,105.4,107.7,104.0,107.45,25950,,8500,weekly,2020-3-19T21:00:00.000,options,put
265,1584452400000,107.4,108.0,103.15,105.3,39975,,8500,weekly,2020-3-19T21:00:00.000,options,put
266,1584452460000,105.0,105.0,103.2,103.5,14925,,8500,weekly,2020-3-19T21:00:00.000,options,put
267,1584452520000,103.25,107.6,103.25,104.75,10350,,8500,weekly,2020-3-19T21:00:00.000,options,put
268,1584452580000,104.0,105.7,103.05,103.6,35700,,8500,weekly,2020-3-19T21:00:00.000,options,put
269,1584452640000,103.55,104.9,101.9,104.0,17850,,8500,weekly,2020-3-19T21:00:00.000,options,put
270,1584452700000,103.6,104.45,102.1,103.05,24750,,8500,weekly,2020-3-19T21:00:00.000,options,put
271,1584452760000,103.4,106.0,103.1,106.0,34725,,8500,weekly,2020-3-19T21:00:00.000,options,put
272,1584452820000,106.0,112.15,105.5,111.85,75750,,8500,weekly,2020-3-19T21:00:00.000,options,put
273,1584452880000,112.3,114.4,110.15,114.4,50850,,8500,weekly,2020-3-19T21:00:00.000,options,put
274,1584452940000,114.4,120.0,114.0,115.7,84000,,8500,weekly,2020-3-19T21:00:00.000,options,put
275,1584453000000,115.5,118.3,112.1,112.1,108300,,8500,weekly,2020-3-19T21:00:00.000,options,put
276,1584453060000,113.2,117.05,111.85,115.85,32550,,8500,weekly,2020-3-19T21:00:00.000,options,put
277,1584453120000,115.4,121.2,115.4,121.2,54300,,8500,weekly,2020-3-19T21:00:00.000,options,put
278,1584453180000,121.25,121.25,117.0,120.2,42600,,8500,weekly,2020-3-19T21:00:00.000,options,put
279,1584453240000,120.85,124.4,118.9,118.9,61575,,8500,weekly,2020-3-19T21:00:00.000,options,put
280,1584453300000,119.0,123.65,118.7,121.55,37350,,8500,weekly,2020-3-19T21:00:00.000,options,put
281,1584453360000,121.55,123.0,118.3,122.6,31050,,8500,weekly,2020-3-19T21:00:00.000,options,put
282,1584453420000,122.5,124.95,118.0,120.35,72975,,8500,weekly,2020-3-19T21:00:00.000,options,put
283,1584453480000,120.35,122.6,118.7,119.05,33300,,8500,weekly,2020-3-19T21:00:00.000,options,put
284,1584453540000,118.5,118.5,112.9,115.0,29550,,8500,weekly,2020-3-19T21:00:00.000,options,put
285,1584453600000,115.15,118.8,112.05,115.15,21000,,8500,weekly,2020-3-19T21:00:00.000,options,put
286,1584453660000,115.1,120.35,115.0,118.7,14700,,8500,weekly,2020-3-19T21:00:00.000,options,put
287,1584453720000,116.85,119.1,115.75,119.1,10125,,8500,weekly,2020-3-19T21:00:00.000,options,put
288,1584453780000,118.5,119.8,116.45,118.8,29475,,8500,weekly,2020-3-19T21:00:00.000,options,put
289,1584453840000,117.75,122.4,117.75,121.0,20925,,8500,weekly,2020-3-19T21:00:00.000,options,put
290,1584453900000,120.55,127.0,120.0,123.9,46200,,8500,weekly,2020-3-19T21:00:00.000,options,put
291,1584453960000,123.3,123.85,118.65,120.5,17325,,8500,weekly,2020-3-19T21:00:00.000,options,put
292,1584454020000,120.3,125.0,120.0,123.5,20550,,8500,weekly,2020-3-19T21:00:00.000,options,put
293,1584454080000,123.65,127.55,123.0,126.6,47400,,8500,weekly,2020-3-19T21:00:00.000,options,put
294,1584454140000,126.15,131.5,125.6,130.55,45075,,8500,weekly,2020-3-19T21:00:00.000,options,put
295,1584454200000,130.65,133.85,128.0,132.9,78450,,8500,weekly,2020-3-19T21:00:00.000,options,put
296,1584454260000,134.3,139.85,132.6,138.3,79050,,8500,weekly,2020-3-19T21:00:00.000,options,put
297,1584454320000,137.95,142.45,135.65,136.95,113100,,8500,weekly,2020-3-19T21:00:00.000,options,put
298,1584454380000,136.0,137.7,128.55,129.4,75825,,8500,weekly,2020-3-19T21:00:00.000,options,put
299,1584454440000,129.3,129.3,123.15,126.45,117900,,8500,weekly,2020-3-19T21:00:00.000,options,put
300,1584454500000,126.35,127.6,120.65,123.6,40275,,8500,weekly,2020-3-19T21:00:00.000,options,put
301,1584454560000,123.8,129.85,123.15,127.75,26400,,8500,weekly,2020-3-19T21:00:00.000,options,put
302,1584454620000,127.85,129.0,125.3,126.65,23175,,8500,weekly,2020-3-19T21:00:00.000,options,put
303,1584454680000,127.3,129.8,125.8,127.45,20550,,8500,weekly,2020-3-19T21:00:00.000,options,put
304,1584454740000,127.7,132.2,127.7,130.6,39525,,8500,weekly,2020-3-19T21:00:00.000,options,put
305,1584454800000,130.95,137.75,130.95,135.75,45975,,8500,weekly,2020-3-19T21:00:00.000,options,put
306,1584454860000,135.4,136.0,129.0,132.95,38475,,8500,weekly,2020-3-19T21:00:00.000,options,put
307,1584454920000,133.25,134.75,132.4,134.35,17175,,8500,weekly,2020-3-19T21:00:00.000,options,put
308,1584454980000,134.2,137.95,134.1,136.95,41550,,8500,weekly,2020-3-19T21:00:00.000,options,put
309,1584455040000,138.0,141.95,135.1,139.65,59475,,8500,weekly,2020-3-19T21:00:00.000,options,put
310,1584455100000,139.65,139.85,135.5,135.5,43050,,8500,weekly,2020-3-19T21:00:00.000,options,put
311,1584455160000,135.5,141.45,135.0,139.0,46950,,8500,weekly,2020-3-19T21:00:00.000,options,put
312,1584455220000,139.0,142.0,138.15,140.5,61275,,8500,weekly,2020-3-19T21:00:00.000,options,put
313,1584455280000,140.65,142.0,133.85,134.95,58275,,8500,weekly,2020-3-19T21:00:00.000,options,put
314,1584455340000,134.35,134.35,125.65,130.0,66750,,8500,weekly,2020-3-19T21:00:00.000,options,put
315,1584455400000,129.8,139.0,129.35,137.9,39075,,8500,weekly,2020-3-19T21:00:00.000,options,put
316,1584455460000,138.0,140.0,134.1,135.95,43350,,8500,weekly,2020-3-19T21:00:00.000,options,put
317,1584455520000,135.4,136.4,130.55,134.25,21675,,8500,weekly,2020-3-19T21:00:00.000,options,put
318,1584455580000,134.5,139.0,130.0,130.1,32925,,8500,weekly,2020-3-19T21:00:00.000,options,put
319,1584455640000,131.05,131.25,114.35,119.2,106725,,8500,weekly,2020-3-19T21:00:00.000,options,put
320,1584455700000,119.65,124.0,111.65,123.1,87825,,8500,weekly,2020-3-19T21:00:00.000,options,put
321,1584455760000,122.8,130.0,122.0,127.05,36900,,8500,weekly,2020-3-19T21:00:00.000,options,put
322,1584455820000,127.05,130.8,123.9,124.9,28275,,8500,weekly,2020-3-19T21:00:00.000,options,put
323,1584455880000,125.0,128.75,124.65,127.95,23250,,8500,weekly,2020-3-19T21:00:00.000,options,put
324,1584455940000,127.85,133.3,126.45,131.25,24825,,8500,weekly,2020-3-19T21:00:00.000,options,put
325,1584456000000,131.2,134.25,126.0,128.0,32475,,8500,weekly,2020-3-19T21:00:00.000,options,put
326,1584456060000,127.5,128.0,124.3,125.0,31650,,8500,weekly,2020-3-19T21:00:00.000,options,put
327,1584456120000,124.9,128.45,124.85,126.4,9375,,8500,weekly,2020-3-19T21:00:00.000,options,put
328,1584456180000,126.4,130.0,126.4,127.7,10425,,8500,weekly,2020-3-19T21:00:00.000,options,put
329,1584456240000,128.45,129.7,126.0,127.9,25125,,8500,weekly,2020-3-19T21:00:00.000,options,put
330,1584456300000,129.0,133.5,126.5,133.5,27975,,8500,weekly,2020-3-19T21:00:00.000,options,put
331,1584456360000,134.3,135.6,128.6,129.9,60975,,8500,weekly,2020-3-19T21:00:00.000,options,put
332,1584456420000,129.95,131.1,126.35,130.6,30225,,8500,weekly,2020-3-19T21:00:00.000,options,put
333,1584456480000,131.0,131.0,124.3,126.35,25200,,8500,weekly,2020-3-19T21:00:00.000,options,put
334,1584456540000,126.35,132.75,126.35,128.55,16950,,8500,weekly,2020-3-19T21:00:00.000,options,put
335,1584456600000,129.4,132.05,128.8,130.25,21000,,8500,weekly,2020-3-19T21:00:00.000,options,put
336,1584456660000,130.25,131.0,126.05,127.65,19275,,8500,weekly,2020-3-19T21:00:00.000,options,put
337,1584456720000,127.65,132.85,127.6,132.65,18450,,8500,weekly,2020-3-19T21:00:00.000,options,put
338,1584456780000,132.25,135.0,129.4,130.5,49425,,8500,weekly,2020-3-19T21:00:00.000,options,put
339,1584456840000,131.95,133.7,128.2,129.95,32100,,8500,weekly,2020-3-19T21:00:00.000,options,put
340,1584456900000,130.45,137.45,130.2,136.85,36300,,8500,weekly,2020-3-19T21:00:00.000,options,put
341,1584456960000,137.5,139.0,134.05,136.75,43725,,8500,weekly,2020-3-19T21:00:00.000,options,put
342,1584457020000,136.6,140.2,136.0,137.65,56625,,8500,weekly,2020-3-19T21:00:00.000,options,put
343,1584457080000,138.95,140.8,135.35,138.3,39750,,8500,weekly,2020-3-19T21:00:00.000,options,put
344,1584457140000,138.3,145.0,138.05,144.3,62025,,8500,weekly,2020-3-19T21:00:00.000,options,put
345,1584457200000,144.65,148.8,140.2,147.25,99150,,8500,weekly,2020-3-19T21:00:00.000,options,put
346,1584457260000,147.9,150.0,145.0,147.65,103425,,8500,weekly,2020-3-19T21:00:00.000,options,put
347,1584457320000,146.3,159.3,146.3,155.85,103575,,8500,weekly,2020-3-19T21:00:00.000,options,put
348,1584457380000,154.1,161.4,146.65,146.65,138675,,8500,weekly,2020-3-19T21:00:00.000,options,put
349,1584457440000,147.65,150.75,136.3,140.85,117525,,8500,weekly,2020-3-19T21:00:00.000,options,put
350,1584457500000,142.15,153.8,142.15,153.45,82875,,8500,weekly,2020-3-19T21:00:00.000,options,put
351,1584457560000,153.05,158.0,152.65,156.65,79650,,8500,weekly,2020-3-19T21:00:00.000,options,put
352,1584457620000,157.5,162.35,155.65,160.25,105975,,8500,weekly,2020-3-19T21:00:00.000,options,put
353,1584457680000,161.25,163.0,155.15,159.65,97275,,8500,weekly,2020-3-19T21:00:00.000,options,put
354,1584457740000,161.05,167.0,158.6,162.25,97350,,8500,weekly,2020-3-19T21:00:00.000,options,put
355,1584457800000,162.25,166.2,157.1,157.3,101400,,8500,weekly,2020-3-19T21:00:00.000,options,put
356,1584457860000,157.7,161.5,149.3,160.95,99000,,8500,weekly,2020-3-19T21:00:00.000,options,put
357,1584457920000,160.0,166.65,156.15,163.4,71025,,8500,weekly,2020-3-19T21:00:00.000,options,put
358,1584457980000,163.7,170.4,163.7,167.1,118350,,8500,weekly,2020-3-19T21:00:00.000,options,put
359,1584458040000,168.0,168.0,160.0,165.55,74250,,8500,weekly,2020-3-19T21:00:00.000,options,put
360,1584458100000,165.0,168.2,162.85,163.1,51300,,8500,weekly,2020-3-19T21:00:00.000,options,put
361,1584458160000,163.65,164.5,155.0,155.0,73050,,8500,weekly,2020-3-19T21:00:00.000,options,put
362,1584458220000,153.9,158.8,147.15,148.6,97950,,8500,weekly,2020-3-19T21:00:00.000,options,put
363,1584458280000,149.0,155.7,147.75,153.0,56775,,8500,weekly,2020-3-19T21:00:00.000,options,put
364,1584458340000,152.0,154.1,149.5,152.1,36900,,8500,weekly,2020-3-19T21:00:00.000,options,put
365,1584458400000,151.55,152.1,149.35,151.35,56475,,8500,weekly,2020-3-19T21:00:00.000,options,put
366,1584458460000,151.45,155.0,151.0,153.95,37800,,8500,weekly,2020-3-19T21:00:00.000,options,put
367,1584458520000,154.6,156.0,152.35,155.9,59475,,8500,weekly,2020-3-19T21:00:00.000,options,put
368,1584458580000,156.0,160.95,155.25,159.9,38700,,8500,weekly,2020-3-19T21:00:00.000,options,put
369,1584458640000,160.9,165.0,159.25,162.4,66525,,8500,weekly,2020-3-19T21:00:00.000,options,put
370,1584458700000,163.05,164.4,157.75,158.65,69600,,8500,weekly,2020-3-19T21:00:00.000,options,put
371,1584458760000,158.5,160.55,156.5,158.55,61500,,8500,weekly,2020-3-19T21:00:00.000,options,put
372,1584458820000,158.4,161.0,157.0,160.2,48525,,8500,weekly,2020-3-19T21:00:00.000,options,put
373,1584458880000,160.2,160.2,156.65,157.9,55725,,8500,weekly,2020-3-19T21:00:00.000,options,put
374,1584458940000,157.5,160.0,155.3,160.0,81375,,8500,weekly,2020-3-19T21:00:00.000,options,put
