,timestamp,open,high,low,close,volume,open_interest,strike,expiry_type,expiry,instrument,contract_type
0,1599038100000,109.95,110.95,94.15,105.6,116850,,11550,weekly,2020-9-3T21:00:00.000,options,put
1,1599038160000,105.8,107.15,101.35,105.75,88425,,11550,weekly,2020-9-3T21:00:00.000,options,put
2,1599038220000,106.4,114.5,105.75,114.5,62625,,11550,weekly,2020-9-3T21:00:00.000,options,put
3,1599038280000,115.75,115.75,109.3,111.95,56625,,11550,weekly,2020-9-3T21:00:00.000,options,put
4,1599038340000,111.3,121.35,111.3,121.35,37425,,11550,weekly,2020-9-3T21:00:00.000,options,put
5,1599038400000,119.85,124.8,115.0,120.85,43125,,11550,weekly,2020-9-3T21:00:00.000,options,put
6,1599038460000,121.1,128.65,120.2,121.4,26925,,11550,weekly,2020-9-3T21:00:00.000,options,put
7,1599038520000,120.6,120.95,111.8,112.8,22800,,11550,weekly,2020-9-3T21:00:00.000,options,put
8,1599038580000,113.4,118.65,111.15,116.3,14250,,11550,weekly,2020-9-3T21:00:00.000,options,put
9,1599038640000,115.8,115.8,111.7,113.8,11250,,11550,weekly,2020-9-3T21:00:00.000,options,put
10,1599038700000,113.7,115.95,105.0,107.25,18600,,11550,weekly,2020-9-3T21:00:00.000,options,put
11,1599038760000,107.45,108.35,101.3,102.65,26850,,11550,weekly,2020-9-3T21:00:00.000,options,put
12,1599038820000,102.4,106.6,101.25,106.6,22725,,11550,weekly,2020-9-3T21:00:00.000,options,put
13,1599038880000,105.05,105.15,97.95,99.7,38850,,11550,weekly,2020-9-3T21:00:00.000,options,put
14,1599038940000,98.95,100.05,94.05,96.25,43800,,11550,weekly,2020-9-3T21:00:00.000,options,put
15,1599039000000,96.2,100.45,94.9,96.7,52725,,11550,weekly,2020-9-3T21:00:00.000,options,put
16,1599039060000,97.05,102.15,96.85,98.45,49425,,11550,weekly,2020-9-3T21:00:00.000,options,put
17,1599039120000,98.45,100.3,96.3,96.9,12075,,11550,weekly,2020-9-3T21:00:00.000,options,put
18,1599039180000,96.9,96.9,90.3,93.45,39675,,11550,weekly,2020-9-3T21:00:00.000,options,put
19,1599039240000,93.6,95.0,92.2,93.0,90900,,11550,weekly,2020-9-3T21:00:00.000,options,put
20,1599039300000,93.5,95.65,87.8,88.15,41250,,11550,weekly,2020-9-3T21:00:00.000,options,put
21,1599039360000,88.9,88.9,83.2,87.3,96900,,11550,weekly,2020-9-3T21:00:00.000,options,put
22,1599039420000,87.25,89.05,86.95,87.2,46650,,11550,weekly,2020-9-3T21:00:00.000,options,put
23,1599039480000,87.7,92.0,86.35,91.0,42900,,11550,weekly,2020-9-3T21:00:00.000,options,put
24,1599039540000,91.0,91.0,88.25,89.1,29025,,11550,weekly,2020-9-3T21:00:00.000,options,put
25,1599039600000,89.55,90.7,87.55,90.15,22800,,11550,weekly,2020-9-3T21:00:00.000,options,put
26,1599039660000,90.9,93.75,89.15,92.95,32550,,11550,weekly,2020-9-3T21:00:00.000,options,put
27,1599039720000,92.15,95.75,92.15,95.2,25050,,11550,weekly,2020-9-3T21:00:00.000,options,put
28,1599039780000,94.2,98.2,94.2,96.95,29400,,11550,weekly,2020-9-3T21:00:00.000,options,put
29,1599039840000,96.9,97.0,93.4,94.6,20325,,11550,weekly,2020-9-3T21:00:00.000,options,put
30,1599039900000,94.6,94.85,89.95,89.95,17325,,11550,weekly,2020-9-3T21:00:00.000,options,put
31,1599039960000,89.95,89.95,82.35,83.4,62025,,11550,weekly,2020-9-3T21:00:00.000,options,put
32,1599040020000,82.9,85.0,79.2,85.0,83250,,11550,weekly,2020-9-3T21:00:00.000,options,put
33,1599040080000,84.65,89.0,83.95,89.0,47325,,11550,weekly,2020-9-3T21:00:00.000,options,put
34,1599040140000,89.5,91.25,88.8,90.2,18450,,11550,weekly,2020-9-3T21:00:00.000,options,put
35,1599040200000,90.1,92.05,89.65,90.5,12375,,11550,weekly,2020-9-3T21:00:00.000,options,put
36,1599040260000,90.5,96.4,88.8,95.8,37800,,11550,weekly,2020-9-3T21:00:00.000,options,put
37,1599040320000,95.8,95.95,92.0,93.0,14925,,11550,weekly,2020-9-3T21:00:00.000,options,put
38,1599040380000,93.65,95.9,93.15,95.9,31200,,11550,weekly,2020-9-3T21:00:00.000,options,put
39,1599040440000,95.3,98.65,93.1,93.1,50550,,11550,weekly,2020-9-3T21:00:00.000,options,put
40,1599040500000,93.35,96.0,93.35,93.9,12225,,11550,weekly,2020-9-3T21:00:00.000,options,put
41,1599040560000,94.0,94.0,88.95,92.7,33975,,11550,weekly,2020-9-3T21:00:00.000,options,put
42,1599040620000,92.45,94.2,90.3,91.5,11400,,11550,weekly,2020-9-3T21:00:00.000,options,put
43,1599040680000,91.4,92.65,90.5,92.0,10650,,11550,weekly,2020-9-3T21:00:00.000,options,put
44,1599040740000,92.0,92.0,88.15,88.15,16200,,11550,weekly,2020-9-3T21:00:00.000,options,put
45,1599040800000,88.15,89.0,84.45,84.65,27450,,11550,weekly,2020-9-3T21:00:00.000,options,put
46,1599040860000,83.8,88.5,83.8,87.7,24825,,11550,weekly,2020-9-3T21:00:00.000,options,put
47,1599040920000,87.25,90.9,87.1,90.15,15675,,11550,weekly,2020-9-3T21:00:00.000,options,put
48,1599040980000,90.4,94.5,90.2,93.45,26175,,11550,weekly,2020-9-3T21:00:00.000,options,put
49,1599041040000,93.55,95.0,92.25,95.0,14850,,11550,weekly,2020-9-3T21:00:00.000,options,put
50,1599041100000,95.15,106.0,94.8,99.7,67875,,11550,weekly,2020-9-3T21:00:00.000,options,put
51,1599041160000,99.2,100.0,96.8,98.6,22050,,11550,weekly,2020-9-3T21:00:00.000,options,put
52,1599041220000,99.15,99.5,94.5,95.1,23700,,11550,weekly,2020-9-3T21:00:00.000,options,put
53,1599041280000,94.7,102.55,94.7,99.5,19875,,11550,weekly,2020-9-3T21:00:00.000,options,put
54,1599041340000,99.3,101.35,98.3,99.4,14700,,11550,weekly,2020-9-3T21:00:00.000,options,put
55,1599041400000,99.05,103.25,96.4,96.6,16200,,11550,weekly,2020-9-3T21:00:00.000,options,put
56,1599041460000,97.5,102.6,97.5,102.6,18900,,11550,weekly,2020-9-3T21:00:00.000,options,put
57,1599041520000,102.7,106.3,102.05,104.0,33075,,11550,weekly,2020-9-3T21:00:00.000,options,put
58,1599041580000,104.05,108.65,103.35,104.85,49425,,11550,weekly,2020-9-3T21:00:00.000,options,put
59,1599041640000,104.75,108.55,104.45,104.95,27150,,11550,weekly,2020-9-3T21:00:00.000,options,put
60,1599041700000,104.75,104.85,100.2,101.25,21075,,11550,weekly,2020-9-3T21:00:00.000,options,put
61,1599041760000,101.5,104.0,100.55,102.0,12975,,11550,weekly,2020-9-3T21:00:00.000,options,put
62,1599041820000,102.0,104.45,101.45,104.25,6225,,11550,weekly,2020-9-3T21:00:00.000,options,put
63,1599041880000,103.75,107.05,103.75,106.6,9975,,11550,weekly,2020-9-3T21:00:00.000,options,put
64,1599041940000,106.1,113.65,105.1,109.85,50850,,11550,weekly,2020-9-3T21:00:00.000,options,put
65,1599042000000,111.2,120.25,110.95,114.0,63900,,11550,weekly,2020-9-3T21:00:00.000,options,put
66,1599042060000,114.45,115.15,109.0,111.65,20250,,11550,weekly,2020-9-3T21:00:00.000,options,put
67,1599042120000,111.65,115.65,110.95,115.65,14550,,11550,weekly,2020-9-3T21:00:00.000,options,put
68,1599042180000,115.2,115.3,111.5,114.1,16350,,11550,weekly,2020-9-3T21:00:00.000,options,put
69,1599042240000,114.1,121.75,114.1,118.35,31050,,11550,weekly,2020-9-3T21:00:00.000,options,put
70,1599042300000,120.2,139.15,120.2,123.55,106275,,11550,weekly,2020-9-3T21:00:00.000,options,put
71,1599042360000,123.4,128.6,123.4,124.5,33150,,11550,weekly,2020-9-3T21:00:00.000,options,put
72,1599042420000,124.9,125.1,121.5,123.9,33450,,11550,weekly,2020-9-3T21:00:00.000,options,put
73,1599042480000,123.7,124.25,115.25,116.05,34800,,11550,weekly,2020-9-3T21:00:00.000,options,put
74,1599042540000,116.05,120.35,116.05,119.8,21750,,11550,weekly,2020-9-3T21:00:00.000,options,put
75,1599042600000,120.9,128.5,120.9,127.5,48525,,11550,weekly,2020-9-3T21:00:00.000,options,put
76,1599042660000,127.85,140.8,127.0,129.6,88800,,11550,weekly,2020-9-3T21:00:00.000,options,put
77,1599042720000,129.6,130.95,124.65,130.6,26100,,11550,weekly,2020-9-3T21:00:00.000,options,put
78,1599042780000,131.75,134.6,130.3,131.65,37725,,11550,weekly,2020-9-3T21:00:00.000,options,put
79,1599042840000,131.65,133.25,129.4,129.6,22575,,11550,weekly,2020-9-3T21:00:00.000,options,put
80,1599042900000,130.0,138.2,127.55,127.55,50025,,11550,weekly,2020-9-3T21:00:00.000,options,put
81,1599042960000,127.2,130.45,126.45,128.3,9600,,11550,weekly,2020-9-3T21:00:00.000,options,put
82,1599043020000,128.3,128.3,119.5,122.2,37575,,11550,weekly,2020-9-3T21:00:00.000,options,put
83,1599043080000,123.0,123.25,118.5,121.4,15600,,11550,weekly,2020-9-3T21:00:00.000,options,put
84,1599043140000,121.1,126.3,120.5,126.05,18000,,11550,weekly,2020-9-3T21:00:00.000,options,put
85,1599043200000,126.05,129.6,126.05,127.3,18525,,11550,weekly,2020-9-3T21:00:00.000,options,put
86,1599043260000,126.95,128.4,124.35,125.75,10500,,11550,weekly,2020-9-3T21:00:00.000,options,put
87,1599043320000,125.75,128.05,125.0,128.05,9975,,11550,weekly,2020-9-3T21:00:00.000,options,put
88,1599043380000,128.05,128.65,122.15,122.45,6300,,11550,weekly,2020-9-3T21:00:00.000,options,put
89,1599043440000,122.45,122.85,117.0,117.0,14100,,11550,weekly,2020-9-3T21:00:00.000,options,put
90,1599043500000,116.55,117.75,112.3,113.8,38325,,11550,weekly,2020-9-3T21:00:00.000,options,put
91,1599043560000,113.15,117.3,113.15,114.9,16050,,11550,weekly,2020-9-3T21:00:00.000,options,put
92,1599043620000,115.25,116.2,111.9,112.85,16125,,11550,weekly,2020-9-3T21:00:00.000,options,put
93,1599043680000,112.6,116.2,112.6,115.1,7200,,11550,weekly,2020-9-3T21:00:00.000,options,put
94,1599043740000,114.2,118.05,113.7,117.4,8550,,11550,weekly,2020-9-3T21:00:00.000,options,put
95,1599043800000,117.75,125.6,117.75,123.3,30600,,11550,weekly,2020-9-3T21:00:00.000,options,put
96,1599043860000,123.0,124.05,121.4,122.0,5850,,11550,weekly,2020-9-3T21:00:00.000,options,put
97,1599043920000,121.4,121.6,115.75,115.75,8775,,11550,weekly,2020-9-3T21:00:00.000,options,put
98,1599043980000,115.75,118.05,114.15,117.0,8175,,11550,weekly,2020-9-3T21:00:00.000,options,put
99,1599044040000,117.0,120.45,116.7,119.05,11250,,11550,weekly,2020-9-3T21:00:00.000,options,put
100,1599044100000,119.15,120.9,117.15,120.9,3000,,11550,weekly,2020-9-3T21:00:00.000,options,put
101,1599044160000,120.9,123.75,120.85,121.2,14175,,11550,weekly,2020-9-3T21:00:00.000,options,put
102,1599044220000,121.35,122.5,119.05,119.05,4500,,11550,weekly,2020-9-3T21:00:00.000,options,put
103,1599044280000,119.05,119.4,117.1,119.3,7050,,11550,weekly,2020-9-3T21:00:00.000,options,put
104,1599044340000,119.3,122.85,118.85,120.45,4200,,11550,weekly,2020-9-3T21:00:00.000,options,put
105,1599044400000,120.4,122.0,115.0,115.0,5925,,11550,weekly,2020-9-3T21:00:00.000,options,put
106,1599044460000,114.65,114.65,107.25,109.4,49800,,11550,weekly,2020-9-3T21:00:00.000,options,put
107,1599044520000,110.0,114.4,108.0,113.95,22500,,11550,weekly,2020-9-3T21:00:00.000,options,put
108,1599044580000,113.35,113.5,111.75,113.25,7125,,11550,weekly,2020-9-3T21:00:00.000,options,put
109,1599044640000,113.25,114.2,109.15,109.15,6225,,11550,weekly,2020-9-3T21:00:00.000,options,put
110,1599044700000,109.15,114.25,109.1,111.45,6000,,11550,weekly,2020-9-3T21:00:00.000,options,put
111,1599044760000,111.1,112.65,110.75,111.95,5550,,11550,weekly,2020-9-3T21:00:00.000,options,put
112,1599044820000,111.1,115.4,108.8,114.05,10650,,11550,weekly,2020-9-3T21:00:00.000,options,put
113,1599044880000,114.05,117.0,113.35,114.9,17475,,11550,weekly,2020-9-3T21:00:00.000,options,put
114,1599044940000,114.6,116.65,110.85,111.0,8550,,11550,weekly,2020-9-3T21:00:00.000,options,put
115,1599045000000,111.0,115.85,111.0,114.4,9150,,11550,weekly,2020-9-3T21:00:00.000,options,put
116,1599045060000,116.05,116.05,112.75,112.75,11550,,11550,weekly,2020-9-3T21:00:00.000,options,put
117,1599045120000,111.65,114.0,111.45,114.0,4950,,11550,weekly,2020-9-3T21:00:00.000,options,put
118,1599045180000,113.15,113.5,111.95,113.25,5400,,11550,weekly,2020-9-3T21:00:00.000,options,put
119,1599045240000,112.0,112.0,108.9,109.7,8325,,11550,weekly,2020-9-3T21:00:00.000,options,put
120,1599045300000,109.6,109.6,98.65,103.55,99525,,11550,weekly,2020-9-3T21:00:00.000,options,put
121,1599045360000,103.55,103.55,96.2,97.6,41100,,11550,weekly,2020-9-3T21:00:00.000,options,put
122,1599045420000,97.2,102.35,95.8,101.45,28575,,11550,weekly,2020-9-3T21:00:00.000,options,put
123,1599045480000,101.55,102.0,100.0,100.4,13125,,11550,weekly,2020-9-3T21:00:00.000,options,put
124,1599045540000,101.0,101.95,99.6,99.6,9675,,11550,weekly,2020-9-3T21:00:00.000,options,put
125,1599045600000,100.0,100.0,93.5,96.1,26925,,11550,weekly,2020-9-3T21:00:00.000,options,put
126,1599045660000,96.3,99.9,96.3,99.9,11400,,11550,weekly,2020-9-3T21:00:00.000,options,put
127,1599045720000,100.1,102.5,98.4,101.05,7950,,11550,weekly,2020-9-3T21:00:00.000,options,put
128,1599045780000,101.05,102.4,99.3,100.45,8550,,11550,weekly,2020-9-3T21:00:00.000,options,put
129,1599045840000,100.65,104.05,100.45,102.95,11475,,11550,weekly,2020-9-3T21:00:00.000,options,put
130,1599045900000,102.95,105.9,100.45,105.9,16575,,11550,weekly,2020-9-3T21:00:00.000,options,put
131,1599045960000,105.95,105.95,103.95,104.9,10800,,11550,weekly,2020-9-3T21:00:00.000,options,put
132,1599046020000,104.8,106.5,104.4,106.35,7575,,11550,weekly,2020-9-3T21:00:00.000,options,put
133,1599046080000,105.75,109.05,105.1,108.6,22125,,11550,weekly,2020-9-3T21:00:00.000,options,put
134,1599046140000,110.0,114.7,108.0,113.5,13575,,11550,weekly,2020-9-3T21:00:00.000,options,put
135,1599046200000,114.2,114.2,108.85,113.2,16125,,11550,weekly,2020-9-3T21:00:00.000,options,put
136,1599046260000,112.85,113.3,108.65,109.05,5850,,11550,weekly,2020-9-3T21:00:00.000,options,put
137,1599046320000,108.0,108.3,105.45,106.0,6000,,11550,weekly,2020-9-3T21:00:00.000,options,put
138,1599046380000,106.0,106.55,101.55,102.0,9300,,11550,weekly,2020-9-3T21:00:00.000,options,put
139,1599046440000,101.85,104.35,100.7,103.5,16350,,11550,weekly,2020-9-3T21:00:00.000,options,put
140,1599046500000,103.5,104.2,100.65,102.0,8925,,11550,weekly,2020-9-3T21:00:00.000,options,put
141,1599046560000,102.0,102.0,99.65,100.95,9375,,11550,weekly,2020-9-3T21:00:00.000,options,put
142,1599046620000,101.6,101.8,99.7,101.8,4125,,11550,weekly,2020-9-3T21:00:00.000,options,put
143,1599046680000,101.55,104.55,100.75,103.65,6150,,11550,weekly,2020-9-3T21:00:00.000,options,put
144,1599046740000,103.0,104.35,101.95,102.75,6000,,11550,weekly,2020-9-3T21:00:00.000,options,put
145,1599046800000,102.6,102.6,98.55,100.0,8700,,11550,weekly,2020-9-3T21:00:00.000,options,put
146,1599046860000,99.95,101.2,99.6,99.85,6375,,11550,weekly,2020-9-3T21:00:00.000,options,put
147,1599046920000,99.85,100.8,97.05,100.0,12750,,11550,weekly,2020-9-3T21:00:00.000,options,put
148,1599046980000,99.15,99.15,95.65,96.9,14850,,11550,weekly,2020-9-3T21:00:00.000,options,put
149,1599047040000,97.15,100.4,96.85,99.65,13575,,11550,weekly,2020-9-3T21:00:00.000,options,put
150,1599047100000,100.1,100.1,91.75,93.05,26100,,11550,weekly,2020-9-3T21:00:00.000,options,put
151,1599047160000,92.6,97.2,92.4,95.6,12675,,11550,weekly,2020-9-3T21:00:00.000,options,put
152,1599047220000,96.75,97.9,95.7,97.55,14775,,11550,weekly,2020-9-3T21:00:00.000,options,put
153,1599047280000,97.9,100.75,97.9,100.65,9900,,11550,weekly,2020-9-3T21:00:00.000,options,put
154,1599047340000,101.0,103.95,100.2,100.2,9000,,11550,weekly,2020-9-3T21:00:00.000,options,put
155,1599047400000,100.15,105.0,99.45,103.0,7050,,11550,weekly,2020-9-3T21:00:00.000,options,put
156,1599047460000,103.5,104.45,101.5,102.35,7200,,11550,weekly,2020-9-3T21:00:00.000,options,put
157,1599047520000,102.7,106.65,101.95,106.6,13950,,11550,weekly,2020-9-3T21:00:00.000,options,put
158,1599047580000,106.8,106.8,103.8,106.0,9075,,11550,weekly,2020-9-3T21:00:00.000,options,put
159,1599047640000,106.0,109.05,105.75,106.95,13500,,11550,weekly,2020-9-3T21:00:00.000,options,put
160,1599047700000,106.2,111.65,106.2,110.25,15750,,11550,weekly,2020-9-3T21:00:00.000,options,put
161,1599047760000,110.4,111.55,107.15,108.75,14025,,11550,weekly,2020-9-3T21:00:00.000,options,put
162,1599047820000,108.0,110.05,107.5,110.05,3975,,11550,weekly,2020-9-3T21:00:00.000,options,put
163,1599047880000,110.05,110.05,106.4,106.4,5700,,11550,weekly,2020-9-3T21:00:00.000,options,put
164,1599047940000,106.4,106.4,102.6,103.65,17550,,11550,weekly,2020-9-3T21:00:00.000,options,put
165,1599048000000,103.55,105.0,102.35,103.0,6375,,11550,weekly,2020-9-3T21:00:00.000,options,put
166,1599048060000,104.8,110.3,104.8,109.0,17175,,11550,weekly,2020-9-3T21:00:00.000,options,put
167,1599048120000,110.0,114.45,110.0,110.2,26025,,11550,weekly,2020-9-3T21:00:00.000,options,put
168,1599048180000,110.5,110.55,106.75,109.0,7275,,11550,weekly,2020-9-3T21:00:00.000,options,put
169,1599048240000,108.6,110.0,107.55,108.4,9900,,11550,weekly,2020-9-3T21:00:00.000,options,put
170,1599048300000,108.7,110.3,108.2,108.2,5400,,11550,weekly,2020-9-3T21:00:00.000,options,put
171,1599048360000,107.45,109.9,105.55,109.65,13575,,11550,weekly,2020-9-3T21:00:00.000,options,put
172,1599048420000,109.9,111.9,109.9,110.0,5100,,11550,weekly,2020-9-3T21:00:00.000,options,put
173,1599048480000,110.75,111.0,108.05,110.0,11025,,11550,weekly,2020-9-3T21:00:00.000,options,put
174,1599048540000,109.35,112.6,108.7,111.55,14400,,11550,weekly,2020-9-3T21:00:00.000,options,put
175,1599048600000,112.55,113.95,110.7,111.0,18300,,11550,weekly,2020-9-3T21:00:00.000,options,put
176,1599048660000,109.3,109.55,106.2,108.6,8700,,11550,weekly,2020-9-3T21:00:00.000,options,put
177,1599048720000,108.9,108.9,104.95,105.7,4875,,11550,weekly,2020-9-3T21:00:00.000,options,put
178,1599048780000,105.2,106.25,103.65,106.25,4200,,11550,weekly,2020-9-3T21:00:00.000,options,put
179,1599048840000,107.0,107.55,105.65,106.7,4800,,11550,weekly,2020-9-3T21:00:00.000,options,put
180,1599048900000,106.55,108.0,105.6,107.4,5925,,11550,weekly,2020-9-3T21:00:00.000,options,put
181,1599048960000,108.35,116.6,107.95,115.85,47025,,11550,weekly,2020-9-3T21:00:00.000,options,put
182,1599049020000,114.95,116.2,111.85,113.9,10875,,11550,weekly,2020-9-3T21:00:00.000,options,put
183,1599049080000,114.0,114.35,112.8,113.35,3225,,11550,weekly,2020-9-3T21:00:00.000,options,put
184,1599049140000,113.55,113.55,110.3,111.0,8925,,11550,weekly,2020-9-3T21:00:00.000,options,put
185,1599049200000,111.0,116.35,111.0,114.45,19275,,11550,weekly,2020-9-3T21:00:00.000,options,put
186,1599049260000,115.0,115.0,112.2,113.1,5475,,11550,weekly,2020-9-3T21:00:00.000,options,put
187,1599049320000,114.0,119.35,114.0,117.35,14400,,11550,weekly,2020-9-3T21:00:00.000,options,put
188,1599049380000,117.85,117.85,114.15,115.5,8400,,11550,weekly,2020-9-3T21:00:00.000,options,put
189,1599049440000,115.45,115.45,112.9,114.5,3975,,11550,weekly,2020-9-3T21:00:00.000,options,put
190,1599049500000,114.5,118.15,113.4,117.4,5025,,11550,weekly,2020-9-3T21:00:00.000,options,put
191,1599049560000,117.3,122.2,116.15,119.15,36600,,11550,weekly,2020-9-3T21:00:00.000,options,put
192,1599049620000,119.15,122.15,118.1,118.1,8400,,11550,weekly,2020-9-3T21:00:00.000,options,put
193,1599049680000,119.0,119.2,117.0,118.6,17475,,11550,weekly,2020-9-3T21:00:00.000,options,put
194,1599049740000,117.7,124.4,117.7,123.6,18225,,11550,weekly,2020-9-3T21:00:00.000,options,put
195,1599049800000,122.05,122.65,118.0,119.1,16200,,11550,weekly,2020-9-3T21:00:00.000,options,put
196,1599049860000,119.0,119.0,111.4,115.1,40125,,11550,weekly,2020-9-3T21:00:00.000,options,put
197,1599049920000,115.2,118.0,114.2,116.6,13950,,11550,weekly,2020-9-3T21:00:00.000,options,put
198,1599049980000,116.0,116.05,113.9,116.05,7875,,11550,weekly,2020-9-3T21:00:00.000,options,put
199,1599050040000,115.6,116.05,109.5,110.2,13950,,11550,weekly,2020-9-3T21:00:00.000,options,put
200,1599050100000,110.75,116.1,110.55,114.2,12825,,11550,weekly,2020-9-3T21:00:00.000,options,put
201,1599050160000,113.25,116.0,111.45,114.75,6450,,11550,weekly,2020-9-3T21:00:00.000,options,put
202,1599050220000,114.65,114.9,110.25,113.4,7950,,11550,weekly,2020-9-3T21:00:00.000,options,put
203,1599050280000,113.25,114.85,112.5,113.6,4425,,11550,weekly,2020-9-3T21:00:00.000,options,put
204,1599050340000,114.15,114.45,112.5,114.3,3750,,11550,weekly,2020-9-3T21:00:00.000,options,put
205,1599050400000,113.0,113.0,107.35,108.5,12075,,11550,weekly,2020-9-3T21:00:00.000,options,put
206,1599050460000,108.5,108.5,104.05,108.0,20025,,11550,weekly,2020-9-3T21:00:00.000,options,put
207,1599050520000,107.7,109.8,106.75,109.05,5175,,11550,weekly,2020-9-3T21:00:00.000,options,put
208,1599050580000,108.3,109.45,107.0,108.5,5175,,11550,weekly,2020-9-3T21:00:00.000,options,put
209,1599050640000,108.5,108.5,104.0,105.65,6900,,11550,weekly,2020-9-3T21:00:00.000,options,put
210,1599050700000,104.75,104.75,99.15,102.35,33900,,11550,weekly,2020-9-3T21:00:00.000,options,put
211,1599050760000,102.05,105.4,102.05,103.95,16725,,11550,weekly,2020-9-3T21:00:00.000,options,put
212,1599050820000,104.15,108.6,103.9,108.25,12000,,11550,weekly,2020-9-3T21:00:00.000,options,put
213,1599050880000,108.0,111.0,108.0,109.9,8850,,11550,weekly,2020-9-3T21:00:00.000,options,put
214,1599050940000,110.35,113.35,110.35,112.15,8325,,11550,weekly,2020-9-3T21:00:00.000,options,put
215,1599051000000,112.15,118.95,111.95,117.5,23550,,11550,weekly,2020-9-3T21:00:00.000,options,put
216,1599051060000,117.65,118.95,114.0,117.2,9675,,11550,weekly,2020-9-3T21:00:00.000,options,put
217,1599051120000,116.0,120.5,116.0,116.0,7050,,11550,weekly,2020-9-3T21:00:00.000,options,put
218,1599051180000,116.55,118.05,111.35,112.85,8100,,11550,weekly,2020-9-3T21:00:00.000,options,put
219,1599051240000,112.85,114.1,110.4,113.35,6750,,11550,weekly,2020-9-3T21:00:00.000,options,put
220,1599051300000,113.15,115.15,110.85,110.85,14325,,11550,weekly,2020-9-3T21:00:00.000,options,put
221,1599051360000,109.8,112.55,108.7,110.0,6825,,11550,weekly,2020-9-3T21:00:00.000,options,put
222,1599051420000,109.3,112.7,109.3,110.0,6150,,11550,weekly,2020-9-3T21:00:00.000,options,put
223,1599051480000,110.35,115.9,110.25,115.9,5100,,11550,weekly,2020-9-3T21:00:00.000,options,put
224,1599051540000,115.65,116.7,114.5,115.2,9675,,11550,weekly,2020-9-3T21:00:00.000,options,put
225,1599051600000,114.0,115.15,109.0,109.95,12675,,11550,weekly,2020-9-3T21:00:00.000,options,put
226,1599051660000,109.0,109.1,103.8,107.3,18600,,11550,weekly,2020-9-3T21:00:00.000,options,put
227,1599051720000,108.4,108.65,106.5,108.45,4425,,11550,weekly,2020-9-3T21:00:00.000,options,put
228,1599051780000,108.15,112.1,108.15,112.1,9900,,11550,weekly,2020-9-3T21:00:00.000,options,put
229,1599051840000,112.15,112.65,109.55,110.5,7275,,11550,weekly,2020-9-3T21:00:00.000,options,put
230,1599051900000,110.7,110.9,105.9,107.25,5775,,11550,weekly,2020-9-3T21:00:00.000,options,put
231,1599051960000,107.0,110.25,106.0,109.3,3900,,11550,weekly,2020-9-3T21:00:00.000,options,put
232,1599052020000,108.0,108.0,101.4,102.35,14550,,11550,weekly,2020-9-3T21:00:00.000,options,put
233,1599052080000,101.6,105.25,101.35,105.0,9675,,11550,weekly,2020-9-3T21:00:00.000,options,put
234,1599052140000,104.7,107.9,104.4,105.8,9300,,11550,weekly,2020-9-3T21:00:00.000,options,put
235,1599052200000,105.8,106.4,101.05,103.1,13425,,11550,weekly,2020-9-3T21:00:00.000,options,put
236,1599052260000,103.6,105.65,103.1,104.55,9600,,11550,weekly,2020-9-3T21:00:00.000,options,put
237,1599052320000,105.05,105.7,102.8,104.15,6975,,11550,weekly,2020-9-3T21:00:00.000,options,put
238,1599052380000,104.2,104.6,102.65,102.65,3675,,11550,weekly,2020-9-3T21:00:00.000,options,put
239,1599052440000,102.65,103.5,99.7,103.5,6825,,11550,weekly,2020-9-3T21:00:00.000,options,put
240,1599052500000,103.65,115.45,103.65,113.05,23325,,11550,weekly,2020-9-3T21:00:00.000,options,put
241,1599052560000,113.05,117.35,112.15,112.95,17475,,11550,weekly,2020-9-3T21:00:00.000,options,put
242,1599052620000,112.8,113.5,111.0,111.15,6450,,11550,weekly,2020-9-3T21:00:00.000,options,put
243,1599052680000,111.35,111.35,109.9,110.05,3750,,11550,weekly,2020-9-3T21:00:00.000,options,put
244,1599052740000,111.4,111.4,108.3,110.4,7500,,11550,weekly,2020-9-3T21:00:00.000,options,put
245,1599052800000,110.3,111.15,107.35,107.35,8100,,11550,weekly,2020-9-3T21:00:00.000,options,put
246,1599052860000,108.7,108.7,106.45,107.4,3900,,11550,weekly,2020-9-3T21:00:00.000,options,put
247,1599052920000,106.7,106.7,103.3,104.0,9750,,11550,weekly,2020-9-3T21:00:00.000,options,put
248,1599052980000,103.5,105.95,100.3,105.45,8250,,11550,weekly,2020-9-3T21:00:00.000,options,put
249,1599053040000,106.45,109.0,105.55,109.0,8475,,11550,weekly,2020-9-3T21:00:00.000,options,put
250,1599053100000,109.0,109.9,102.7,104.3,9600,,11550,weekly,2020-9-3T21:00:00.000,options,put
251,1599053160000,104.3,104.5,97.35,101.65,24825,,11550,weekly,2020-9-3T21:00:00.000,options,put
252,1599053220000,101.8,107.0,101.8,107.0,12900,,11550,weekly,2020-9-3T21:00:00.000,options,put
253,1599053280000,105.2,107.85,104.75,107.3,7950,,11550,weekly,2020-9-3T21:00:00.000,options,put
254,1599053340000,107.05,108.35,105.25,108.3,4125,,11550,weekly,2020-9-3T21:00:00.000,options,put
255,1599053400000,108.9,108.95,102.8,105.6,8775,,11550,weekly,2020-9-3T21:00:00.000,options,put
256,1599053460000,105.55,113.6,104.9,110.85,23625,,11550,weekly,2020-9-3T21:00:00.000,options,put
257,1599053520000,112.25,113.1,109.25,110.05,10725,,11550,weekly,2020-9-3T21:00:00.000,options,put
258,1599053580000,109.6,117.75,109.6,115.65,18150,,11550,weekly,2020-9-3T21:00:00.000,options,put
259,1599053640000,115.25,116.3,112.0,112.6,12150,,11550,weekly,2020-9-3T21:00:00.000,options,put
260,1599053700000,112.6,113.55,108.35,110.15,13425,,11550,weekly,2020-9-3T21:00:00.000,options,put
261,1599053760000,110.15,112.5,108.9,110.5,9975,,11550,weekly,2020-9-3T21:00:00.000,options,put
262,1599053820000,109.75,110.25,107.85,108.55,8175,,11550,weekly,2020-9-3T21:00:00.000,options,put
263,1599053880000,108.65,109.95,106.55,107.25,6075,,11550,weekly,2020-9-3T21:00:00.000,options,put
264,1599053940000,107.6,111.0,105.9,110.4,5775,,11550,weekly,2020-9-3T21:00:00.000,options,put
265,1599054000000,110.85,110.85,107.65,109.15,4050,,11550,weekly,2020-9-3T21:00:00.000,options,put
266,1599054060000,109.15,109.2,106.55,106.85,5250,,11550,weekly,2020-9-3T21:00:00.000,options,put
267,1599054120000,106.95,110.0,104.9,105.0,8550,,11550,weekly,2020-9-3T21:00:00.000,options,put
268,1599054180000,105.3,106.6,100.6,102.8,15225,,11550,weekly,2020-9-3T21:00:00.000,options,put
269,1599054240000,102.8,103.1,95.35,102.2,30525,,11550,weekly,2020-9-3T21:00:00.000,options,put
270,1599054300000,102.95,104.0,96.05,96.7,24300,,11550,weekly,2020-9-3T21:00:00.000,options,put
271,1599054360000,95.9,95.9,88.0,94.3,44250,,11550,weekly,2020-9-3T21:00:00.000,options,put
272,1599054420000,95.45,96.75,93.6,93.9,18975,,11550,weekly,2020-9-3T21:00:00.000,options,put
273,1599054480000,93.25,96.55,92.55,96.5,14925,,11550,weekly,2020-9-3T21:00:00.000,options,put
274,1599054540000,96.5,97.7,94.6,95.0,19275,,11550,weekly,2020-9-3T21:00:00.000,options,put
275,1599054600000,95.0,95.7,87.55,88.65,24975,,11550,weekly,2020-9-3T21:00:00.000,options,put
276,1599054660000,88.7,94.7,88.7,94.4,20925,,11550,weekly,2020-9-3T21:00:00.000,options,put
277,1599054720000,94.6,94.6,90.6,90.75,9525,,11550,weekly,2020-9-3T21:00:00.000,options,put
278,1599054780000,92.25,94.35,89.1,91.4,11850,,11550,weekly,2020-9-3T21:00:00.000,options,put
279,1599054840000,91.2,95.15,89.65,94.3,14400,,11550,weekly,2020-9-3T21:00:00.000,options,put
280,1599054900000,93.95,103.2,93.95,103.2,19500,,11550,weekly,2020-9-3T21:00:00.000,options,put
281,1599054960000,103.55,103.55,98.75,98.75,11475,,11550,weekly,2020-9-3T21:00:00.000,options,put
282,1599055020000,98.75,102.1,97.35,101.85,14550,,11550,weekly,2020-9-3T21:00:00.000,options,put
283,1599055080000,102.2,103.75,98.5,101.0,12450,,11550,weekly,2020-9-3T21:00:00.000,options,put
284,1599055140000,101.2,101.4,98.3,100.75,7725,,11550,weekly,2020-9-3T21:00:00.000,options,put
285,1599055200000,101.45,103.9,98.7,102.05,16275,,11550,weekly,2020-9-3T21:00:00.000,options,put
286,1599055260000,102.05,102.05,94.0,94.3,21975,,11550,weekly,2020-9-3T21:00:00.000,options,put
287,1599055320000,94.3,97.3,93.95,97.3,14100,,11550,weekly,2020-9-3T21:00:00.000,options,put
288,1599055380000,97.3,97.9,92.9,94.35,5475,,11550,weekly,2020-9-3T21:00:00.000,options,put
289,1599055440000,94.35,96.65,91.15,92.15,9525,,11550,weekly,2020-9-3T21:00:00.000,options,put
290,1599055500000,92.15,93.55,88.75,91.0,25125,,11550,weekly,2020-9-3T21:00:00.000,options,put
291,1599055560000,91.0,92.85,89.0,91.05,10500,,11550,weekly,2020-9-3T21:00:00.000,options,put
292,1599055620000,92.1,93.5,90.5,92.65,7050,,11550,weekly,2020-9-3T21:00:00.000,options,put
293,1599055680000,93.6,95.85,93.1,93.2,17025,,11550,weekly,2020-9-3T21:00:00.000,options,put
294,1599055740000,92.9,93.3,85.4,85.4,19050,,11550,weekly,2020-9-3T21:00:00.000,options,put
295,1599055800000,85.95,87.9,78.2,81.65,80775,,11550,weekly,2020-9-3T21:00:00.000,options,put
296,1599055860000,81.25,86.3,79.5,85.8,41775,,11550,weekly,2020-9-3T21:00:00.000,options,put
297,1599055920000,86.4,86.6,77.45,79.0,32850,,11550,weekly,2020-9-3T21:00:00.000,options,put
298,1599055980000,78.45,81.3,77.05,79.9,28800,,11550,weekly,2020-9-3T21:00:00.000,options,put
299,1599056040000,80.5,81.6,73.3,73.3,73875,,11550,weekly,2020-9-3T21:00:00.000,options,put
300,1599056100000,71.6,72.1,62.85,63.7,146250,,11550,weekly,2020-9-3T21:00:00.000,options,put
301,1599056160000,62.85,65.5,58.0,64.85,123225,,11550,weekly,2020-9-3T21:00:00.000,options,put
302,1599056220000,64.85,66.45,55.4,59.3,146850,,11550,weekly,2020-9-3T21:00:00.000,options,put
303,1599056280000,58.95,60.4,57.05,57.55,92250,,11550,weekly,2020-9-3T21:00:00.000,options,put
304,1599056340000,57.1,59.5,54.9,58.7,111900,,11550,weekly,2020-9-3T21:00:00.000,options,put
305,1599056400000,57.95,58.6,54.1,57.7,129825,,11550,weekly,2020-9-3T21:00:00.000,options,put
306,1599056460000,58.3,59.3,56.0,59.15,75450,,11550,weekly,2020-9-3T21:00:00.000,options,put
307,1599056520000,59.45,62.65,59.05,60.75,114300,,11550,weekly,2020-9-3T21:00:00.000,options,put
308,1599056580000,61.3,62.3,59.85,61.2,61500,,11550,weekly,2020-9-3T21:00:00.000,options,put
309,1599056640000,61.2,61.45,57.7,60.75,57300,,11550,weekly,2020-9-3T21:00:00.000,options,put
310,1599056700000,61.15,61.15,55.3,57.8,100950,,11550,weekly,2020-9-3T21:00:00.000,options,put
311,1599056760000,58.15,59.65,53.8,54.1,76650,,11550,weekly,2020-9-3T21:00:00.000,options,put
312,1599056820000,53.7,57.15,53.45,57.15,71850,,11550,weekly,2020-9-3T21:00:00.000,options,put
313,1599056880000,57.5,61.2,57.0,60.45,94500,,11550,weekly,2020-9-3T21:00:00.000,options,put
314,1599056940000,60.35,60.85,53.3,53.3,77475,,11550,weekly,2020-9-3T21:00:00.000,options,put
315,1599057000000,53.1,53.25,47.4,48.65,209400,,11550,weekly,2020-9-3T21:00:00.000,options,put
316,1599057060000,48.4,50.0,47.3,49.95,121125,,11550,weekly,2020-9-3T21:00:00.000,options,put
317,1599057120000,50.25,50.9,46.85,47.0,91500,,11550,weekly,2020-9-3T21:00:00.000,options,put
318,1599057180000,47.0,50.0,44.2,48.85,148800,,11550,weekly,2020-9-3T21:00:00.000,options,put
319,1599057240000,49.05,50.0,47.9,49.0,61875,,11550,weekly,2020-9-3T21:00:00.000,options,put
320,1599057300000,49.1,52.85,48.9,52.2,74175,,11550,weekly,2020-9-3T21:00:00.000,options,put
321,1599057360000,52.2,55.75,50.1,54.45,103350,,11550,weekly,2020-9-3T21:00:00.000,options,put
322,1599057420000,54.1,58.6,54.1,56.65,90600,,11550,weekly,2020-9-3T21:00:00.000,options,put
323,1599057480000,56.5,56.5,51.7,52.35,85650,,11550,weekly,2020-9-3T21:00:00.000,options,put
324,1599057540000,52.4,56.0,51.75,53.3,81075,,11550,weekly,2020-9-3T21:00:00.000,options,put
325,1599057600000,53.55,54.9,51.9,53.3,51525,,11550,weekly,2020-9-3T21:00:00.000,options,put
326,1599057660000,53.9,54.1,49.75,49.75,59100,,11550,weekly,2020-9-3T21:00:00.000,options,put
327,1599057720000,50.4,53.7,50.2,53.1,45900,,11550,weekly,2020-9-3T21:00:00.000,options,put
328,1599057780000,53.25,55.0,51.7,54.3,55425,,11550,weekly,2020-9-3T21:00:00.000,options,put
329,1599057840000,54.55,55.65,53.6,54.25,75375,,11550,weekly,2020-9-3T21:00:00.000,options,put
330,1599057900000,54.9,54.9,52.1,52.9,44400,,11550,weekly,2020-9-3T21:00:00.000,options,put
331,1599057960000,53.0,57.2,53.0,56.7,80850,,11550,weekly,2020-9-3T21:00:00.000,options,put
332,1599058020000,56.55,60.95,54.5,55.8,90225,,11550,weekly,2020-9-3T21:00:00.000,options,put
333,1599058080000,56.25,56.45,53.35,55.0,32175,,11550,weekly,2020-9-3T21:00:00.000,options,put
334,1599058140000,55.55,57.55,55.0,57.55,37200,,11550,weekly,2020-9-3T21:00:00.000,options,put
335,1599058200000,57.5,60.55,56.2,56.2,86325,,11550,weekly,2020-9-3T21:00:00.000,options,put
336,1599058260000,56.05,57.55,53.5,53.95,69675,,11550,weekly,2020-9-3T21:00:00.000,options,put
337,1599058320000,53.7,54.9,52.3,53.55,46275,,11550,weekly,2020-9-3T21:00:00.000,options,put
338,1599058380000,53.45,53.5,50.4,50.55,42975,,11550,weekly,2020-9-3T21:00:00.000,options,put
339,1599058440000,51.0,51.2,47.35,49.15,111225,,11550,weekly,2020-9-3T21:00:00.000,options,put
340,1599058500000,49.3,49.3,44.75,45.7,137325,,11550,weekly,2020-9-3T21:00:00.000,options,put
341,1599058560000,45.7,45.85,42.55,45.05,106575,,11550,weekly,2020-9-3T21:00:00.000,options,put
342,1599058620000,45.05,47.6,45.05,47.25,61125,,11550,weekly,2020-9-3T21:00:00.000,options,put
343,1599058680000,46.95,46.95,44.45,45.8,67425,,11550,weekly,2020-9-3T21:00:00.000,options,put
344,1599058740000,46.0,46.45,43.05,44.25,80550,,11550,weekly,2020-9-3T21:00:00.000,options,put
345,1599058800000,45.05,49.7,45.0,49.7,180525,,11550,weekly,2020-9-3T21:00:00.000,options,put
346,1599058860000,49.35,50.95,46.45,47.8,117225,,11550,weekly,2020-9-3T21:00:00.000,options,put
347,1599058920000,48.0,50.95,47.15,50.25,85050,,11550,weekly,2020-9-3T21:00:00.000,options,put
348,1599058980000,50.8,53.15,49.0,49.9,71400,,11550,weekly,2020-9-3T21:00:00.000,options,put
349,1599059040000,49.4,52.5,49.3,49.3,63525,,11550,weekly,2020-9-3T21:00:00.000,options,put
350,1599059100000,49.55,51.25,49.55,50.9,39000,,11550,weekly,2020-9-3T21:00:00.000,options,put
351,1599059160000,51.2,51.2,46.0,47.95,69150,,11550,weekly,2020-9-3T21:00:00.000,options,put
352,1599059220000,47.9,49.5,45.3,46.1,73725,,11550,weekly,2020-9-3T21:00:00.000,options,put
353,1599059280000,45.75,48.0,44.9,47.5,55500,,11550,weekly,2020-9-3T21:00:00.000,options,put
354,1599059340000,47.05,47.6,45.1,45.75,40125,,11550,weekly,2020-9-3T21:00:00.000,options,put
355,1599059400000,45.95,46.75,44.0,45.95,87525,,11550,weekly,2020-9-3T21:00:00.000,options,put
356,1599059460000,46.05,49.4,45.45,49.4,67500,,11550,weekly,2020-9-3T21:00:00.000,options,put
357,1599059520000,49.5,50.1,47.4,49.35,60825,,11550,weekly,2020-9-3T21:00:00.000,options,put
358,1599059580000,49.3,50.35,48.4,49.75,57225,,11550,weekly,2020-9-3T21:00:00.000,options,put
359,1599059640000,50.0,51.1,49.55,50.05,94800,,11550,weekly,2020-9-3T21:00:00.000,options,put
360,1599059700000,50.35,51.85,49.25,50.4,68025,,11550,weekly,2020-9-3T21:00:00.000,options,put
361,1599059760000,49.9,51.55,49.75,49.9,37800,,11550,weekly,2020-9-3T21:00:00.000,options,put
362,1599059820000,49.5,49.75,47.6,49.0,40050,,11550,weekly,2020-9-3T21:00:00.000,options,put
363,1599059880000,48.65,49.3,48.6,48.85,34275,,11550,weekly,2020-9-3T21:00:00.000,options,put
364,1599059940000,48.6,49.25,45.4,45.8,64275,,11550,weekly,2020-9-3T21:00:00.000,options,put
365,1599060000000,45.75,47.05,44.8,45.6,64800,,11550,weekly,2020-9-3T21:00:00.000,options,put
366,1599060060000,45.5,45.5,42.9,43.5,149775,,11550,weekly,2020-9-3T21:00:00.000,options,put
367,1599060120000,43.35,44.2,42.0,42.8,66075,,11550,weekly,2020-9-3T21:00:00.000,options,put
368,1599060180000,42.65,43.5,41.2,41.9,77775,,11550,weekly,2020-9-3T21:00:00.000,options,put
369,1599060240000,41.85,42.7,41.4,41.85,62475,,11550,weekly,2020-9-3T21:00:00.000,options,put
370,1599060300000,41.85,43.0,41.2,42.15,98775,,11550,weekly,2020-9-3T21:00:00.000,options,put
371,1599060360000,42.2,42.45,42.0,42.35,102150,,11550,weekly,2020-9-3T21:00:00.000,options,put
372,1599060420000,42.4,42.6,41.0,41.55,96750,,11550,weekly,2020-9-3T21:00:00.000,options,put
373,1599060480000,41.5,42.0,41.2,41.75,60600,,11550,weekly,2020-9-3T21:00:00.000,options,put
374,1599060540000,41.9,42.0,40.25,40.7,88875,,11550,weekly,2020-9-3T21:00:00.000,options,put
