,timestamp,open,high,low,close,volume,open_interest,strike,expiry_type,expiry,instrument,contract_type
0,1653556500000,4.0,4.0,1.8,2.0,2696600,8806600,16400,weekly,2022-5-26T21:00:00.000,options,call
1,1653556560000,2.05,2.3,1.95,2.0,2494900,8806600,16400,weekly,2022-5-26T21:00:00.000,options,call
2,1653556620000,1.95,1.95,1.65,1.8,1651800,9391350,16400,weekly,2022-5-26T21:00:00.000,options,call
3,1653556680000,1.8,1.85,1.6,1.7,1758900,9391350,16400,weekly,2022-5-26T21:00:00.000,options,call
4,1653556740000,1.75,1.85,1.7,1.85,898100,9391350,16400,weekly,2022-5-26T21:00:00.000,options,call
5,1653556800000,1.85,1.95,1.75,1.85,1681000,9498250,16400,weekly,2022-5-26T21:00:00.000,options,call
6,1653556860000,1.85,1.85,1.7,1.7,1091100,9498250,16400,weekly,2022-5-26T21:00:00.000,options,call
7,1653556920000,1.7,1.8,1.65,1.8,1547150,9498250,16400,weekly,2022-5-26T21:00:00.000,options,call
8,1653556980000,1.75,1.8,1.7,1.7,999550,9823650,16400,weekly,2022-5-26T21:00:00.000,options,call
9,1653557040000,1.75,1.85,1.65,1.85,1304650,9823650,16400,weekly,2022-5-26T21:00:00.000,options,call
10,1653557100000,1.8,1.9,1.8,1.8,805600,9823650,16400,weekly,2022-5-26T21:00:00.000,options,call
11,1653557160000,1.85,1.85,1.7,1.8,511950,10116700,16400,weekly,2022-5-26T21:00:00.000,options,call
12,1653557220000,1.8,1.8,1.7,1.7,767250,10116700,16400,weekly,2022-5-26T21:00:00.000,options,call
13,1653557280000,1.7,1.75,1.65,1.7,1137750,10116700,16400,weekly,2022-5-26T21:00:00.000,options,call
14,1653557340000,1.7,1.75,1.55,1.55,719150,10340550,16400,weekly,2022-5-26T21:00:00.000,options,call
15,1653557400000,1.6,1.65,1.5,1.6,959900,10340550,16400,weekly,2022-5-26T21:00:00.000,options,call
16,1653557460000,1.6,1.65,1.55,1.6,435100,10340550,16400,weekly,2022-5-26T21:00:00.000,options,call
17,1653557520000,1.6,1.65,1.55,1.6,1241750,10252400,16400,weekly,2022-5-26T21:00:00.000,options,call
18,1653557580000,1.6,1.65,1.55,1.6,898750,10252400,16400,weekly,2022-5-26T21:00:00.000,options,call
19,1653557640000,1.6,1.65,1.55,1.6,594900,10252400,16400,weekly,2022-5-26T21:00:00.000,options,call
20,1653557700000,1.6,1.6,1.45,1.5,886550,10355600,16400,weekly,2022-5-26T21:00:00.000,options,call
21,1653557760000,1.5,1.55,1.4,1.45,719850,10355600,16400,weekly,2022-5-26T21:00:00.000,options,call
22,1653557820000,1.45,1.5,1.35,1.4,901050,10355600,16400,weekly,2022-5-26T21:00:00.000,options,call
23,1653557880000,1.4,1.45,1.4,1.45,456150,10482350,16400,weekly,2022-5-26T21:00:00.000,options,call
24,1653557940000,1.45,1.5,1.4,1.4,617600,10482350,16400,weekly,2022-5-26T21:00:00.000,options,call
25,1653558000000,1.4,1.45,1.4,1.4,845950,10482350,16400,weekly,2022-5-26T21:00:00.000,options,call
26,1653558060000,1.4,1.4,1.25,1.25,863650,10419150,16400,weekly,2022-5-26T21:00:00.000,options,call
27,1653558120000,1.3,1.4,1.25,1.4,415850,10419150,16400,weekly,2022-5-26T21:00:00.000,options,call
28,1653558180000,1.4,1.45,1.35,1.4,586850,10419150,16400,weekly,2022-5-26T21:00:00.000,options,call
29,1653558240000,1.45,1.45,1.35,1.45,584900,10323450,16400,weekly,2022-5-26T21:00:00.000,options,call
30,1653558300000,1.45,1.45,1.35,1.35,811200,10323450,16400,weekly,2022-5-26T21:00:00.000,options,call
31,1653558360000,1.4,1.4,1.35,1.4,306900,10323450,16400,weekly,2022-5-26T21:00:00.000,options,call
32,1653558420000,1.35,1.4,1.35,1.35,220400,10129550,16400,weekly,2022-5-26T21:00:00.000,options,call
33,1653558480000,1.35,1.45,1.35,1.4,602750,10129550,16400,weekly,2022-5-26T21:00:00.000,options,call
34,1653558540000,1.35,1.45,1.35,1.45,276850,10129550,16400,weekly,2022-5-26T21:00:00.000,options,call
35,1653558600000,1.4,1.5,1.4,1.5,410950,10091250,16400,weekly,2022-5-26T21:00:00.000,options,call
36,1653558660000,1.5,1.55,1.45,1.55,417250,10091250,16400,weekly,2022-5-26T21:00:00.000,options,call
37,1653558720000,1.55,1.55,1.45,1.55,368650,10091250,16400,weekly,2022-5-26T21:00:00.000,options,call
38,1653558780000,1.55,1.55,1.45,1.5,286600,10264300,16400,weekly,2022-5-26T21:00:00.000,options,call
39,1653558840000,1.5,1.55,1.45,1.45,441450,10264300,16400,weekly,2022-5-26T21:00:00.000,options,call
40,1653558900000,1.45,1.5,1.45,1.5,83450,10264300,16400,weekly,2022-5-26T21:00:00.000,options,call
41,1653558960000,1.5,1.55,1.45,1.5,243550,10355500,16400,weekly,2022-5-26T21:00:00.000,options,call
42,1653559020000,1.5,1.55,1.5,1.5,277600,10355500,16400,weekly,2022-5-26T21:00:00.000,options,call
43,1653559080000,1.5,1.55,1.45,1.45,436000,10355500,16400,weekly,2022-5-26T21:00:00.000,options,call
44,1653559140000,1.45,1.5,1.4,1.4,324550,10378650,16400,weekly,2022-5-26T21:00:00.000,options,call
45,1653559200000,1.4,1.45,1.35,1.45,312900,10378650,16400,weekly,2022-5-26T21:00:00.000,options,call
46,1653559260000,1.45,1.45,1.4,1.4,133150,10378650,16400,weekly,2022-5-26T21:00:00.000,options,call
47,1653559320000,1.4,1.45,1.4,1.4,357250,10460200,16400,weekly,2022-5-26T21:00:00.000,options,call
48,1653559380000,1.4,1.45,1.4,1.4,358650,10460200,16400,weekly,2022-5-26T21:00:00.000,options,call
49,1653559440000,1.4,1.45,1.35,1.35,418600,10460200,16400,weekly,2022-5-26T21:00:00.000,options,call
50,1653559500000,1.4,1.45,1.35,1.45,518850,10540150,16400,weekly,2022-5-26T21:00:00.000,options,call
51,1653559560000,1.45,1.45,1.4,1.45,107750,10540150,16400,weekly,2022-5-26T21:00:00.000,options,call
52,1653559620000,1.45,1.45,1.4,1.4,388350,10540150,16400,weekly,2022-5-26T21:00:00.000,options,call
53,1653559680000,1.4,1.45,1.4,1.45,554450,10542050,16400,weekly,2022-5-26T21:00:00.000,options,call
54,1653559740000,1.45,1.45,1.35,1.4,705000,10542050,16400,weekly,2022-5-26T21:00:00.000,options,call
55,1653559800000,1.4,1.4,1.3,1.35,756700,10542050,16400,weekly,2022-5-26T21:00:00.000,options,call
56,1653559860000,1.35,1.4,1.3,1.35,321900,10555950,16400,weekly,2022-5-26T21:00:00.000,options,call
57,1653559920000,1.35,1.4,1.35,1.35,264200,10555950,16400,weekly,2022-5-26T21:00:00.000,options,call
58,1653559980000,1.4,1.4,1.35,1.4,190050,10555950,16400,weekly,2022-5-26T21:00:00.000,options,call
59,1653560040000,1.4,1.4,1.35,1.35,174100,10528100,16400,weekly,2022-5-26T21:00:00.000,options,call
60,1653560100000,1.4,1.4,1.35,1.4,354400,10528100,16400,weekly,2022-5-26T21:00:00.000,options,call
61,1653560160000,1.45,1.45,1.4,1.45,134500,10528100,16400,weekly,2022-5-26T21:00:00.000,options,call
62,1653560220000,1.4,1.45,1.4,1.45,126900,10708300,16400,weekly,2022-5-26T21:00:00.000,options,call
63,1653560280000,1.45,1.45,1.4,1.45,129400,10708300,16400,weekly,2022-5-26T21:00:00.000,options,call
64,1653560340000,1.45,1.45,1.4,1.45,121200,10708300,16400,weekly,2022-5-26T21:00:00.000,options,call
65,1653560400000,1.45,1.45,1.4,1.4,231250,10888950,16400,weekly,2022-5-26T21:00:00.000,options,call
66,1653560460000,1.4,1.4,1.35,1.4,75650,10888950,16400,weekly,2022-5-26T21:00:00.000,options,call
67,1653560520000,1.4,1.4,1.35,1.4,198300,10888950,16400,weekly,2022-5-26T21:00:00.000,options,call
68,1653560580000,1.35,1.45,1.3,1.4,836050,10935050,16400,weekly,2022-5-26T21:00:00.000,options,call
69,1653560640000,1.35,1.4,1.35,1.35,278650,10935050,16400,weekly,2022-5-26T21:00:00.000,options,call
70,1653560700000,1.35,1.35,1.3,1.3,226850,10935050,16400,weekly,2022-5-26T21:00:00.000,options,call
71,1653560760000,1.35,1.35,1.3,1.3,271050,10838900,16400,weekly,2022-5-26T21:00:00.000,options,call
72,1653560820000,1.3,1.35,1.3,1.35,286250,10838900,16400,weekly,2022-5-26T21:00:00.000,options,call
73,1653560880000,1.35,1.35,1.3,1.35,666250,10838900,16400,weekly,2022-5-26T21:00:00.000,options,call
74,1653560940000,1.35,1.35,1.3,1.35,280400,10793300,16400,weekly,2022-5-26T21:00:00.000,options,call
75,1653561000000,1.3,1.5,1.3,1.5,559850,10793300,16400,weekly,2022-5-26T21:00:00.000,options,call
76,1653561060000,1.45,1.5,1.4,1.4,740450,10793300,16400,weekly,2022-5-26T21:00:00.000,options,call
77,1653561120000,1.4,1.45,1.4,1.4,547950,10745200,16400,weekly,2022-5-26T21:00:00.000,options,call
78,1653561180000,1.4,1.45,1.35,1.45,763500,10745200,16400,weekly,2022-5-26T21:00:00.000,options,call
79,1653561240000,1.4,1.45,1.4,1.4,473800,10745200,16400,weekly,2022-5-26T21:00:00.000,options,call
80,1653561300000,1.45,1.45,1.35,1.35,373400,10680050,16400,weekly,2022-5-26T21:00:00.000,options,call
81,1653561360000,1.35,1.45,1.35,1.4,503050,10680050,16400,weekly,2022-5-26T21:00:00.000,options,call
82,1653561420000,1.4,1.45,1.35,1.35,359500,10680050,16400,weekly,2022-5-26T21:00:00.000,options,call
83,1653561480000,1.35,1.4,1.35,1.35,404200,10610350,16400,weekly,2022-5-26T21:00:00.000,options,call
84,1653561540000,1.4,1.45,1.35,1.4,289050,10610350,16400,weekly,2022-5-26T21:00:00.000,options,call
85,1653561600000,1.4,1.45,1.4,1.4,298550,10610350,16400,weekly,2022-5-26T21:00:00.000,options,call
86,1653561660000,1.45,1.5,1.4,1.45,413300,10456950,16400,weekly,2022-5-26T21:00:00.000,options,call
87,1653561720000,1.45,1.45,1.35,1.35,288400,10456950,16400,weekly,2022-5-26T21:00:00.000,options,call
88,1653561780000,1.35,1.4,1.35,1.35,171950,10456950,16400,weekly,2022-5-26T21:00:00.000,options,call
89,1653561840000,1.35,1.4,1.35,1.35,220750,10392700,16400,weekly,2022-5-26T21:00:00.000,options,call
90,1653561900000,1.35,1.4,1.35,1.4,311700,10392700,16400,weekly,2022-5-26T21:00:00.000,options,call
91,1653561960000,1.35,1.4,1.35,1.4,170950,10392700,16400,weekly,2022-5-26T21:00:00.000,options,call
92,1653562020000,1.45,1.45,1.35,1.4,398850,10422600,16400,weekly,2022-5-26T21:00:00.000,options,call
93,1653562080000,1.35,1.45,1.35,1.35,439250,10422600,16400,weekly,2022-5-26T21:00:00.000,options,call
94,1653562140000,1.35,1.4,1.35,1.35,226550,10422600,16400,weekly,2022-5-26T21:00:00.000,options,call
95,1653562200000,1.35,1.4,1.35,1.35,320050,10366950,16400,weekly,2022-5-26T21:00:00.000,options,call
96,1653562260000,1.4,1.4,1.35,1.35,136900,10366950,16400,weekly,2022-5-26T21:00:00.000,options,call
97,1653562320000,1.35,1.4,1.35,1.4,163900,10366950,16400,weekly,2022-5-26T21:00:00.000,options,call
98,1653562380000,1.35,1.4,1.35,1.4,115000,10304350,16400,weekly,2022-5-26T21:00:00.000,options,call
99,1653562440000,1.35,1.4,1.35,1.35,135850,10304350,16400,weekly,2022-5-26T21:00:00.000,options,call
100,1653562500000,1.35,1.4,1.3,1.3,299100,10304350,16400,weekly,2022-5-26T21:00:00.000,options,call
101,1653562560000,1.3,1.35,1.3,1.3,100850,10262650,16400,weekly,2022-5-26T21:00:00.000,options,call
102,1653562620000,1.3,1.4,1.3,1.35,561400,10262650,16400,weekly,2022-5-26T21:00:00.000,options,call
103,1653562680000,1.35,1.4,1.3,1.4,471150,10262650,16400,weekly,2022-5-26T21:00:00.000,options,call
104,1653562740000,1.35,1.4,1.35,1.35,121850,10262650,16400,weekly,2022-5-26T21:00:00.000,options,call
105,1653562800000,1.35,1.4,1.35,1.4,508900,10151450,16400,weekly,2022-5-26T21:00:00.000,options,call
106,1653562860000,1.35,1.4,1.3,1.3,170700,10151450,16400,weekly,2022-5-26T21:00:00.000,options,call
107,1653562920000,1.35,1.35,1.25,1.3,686450,10151450,16400,weekly,2022-5-26T21:00:00.000,options,call
108,1653562980000,1.3,1.3,1.15,1.15,610900,10027650,16400,weekly,2022-5-26T21:00:00.000,options,call
109,1653563040000,1.15,1.2,1.15,1.2,197200,10027650,16400,weekly,2022-5-26T21:00:00.000,options,call
110,1653563100000,1.2,1.25,1.15,1.25,289500,10027650,16400,weekly,2022-5-26T21:00:00.000,options,call
111,1653563160000,1.2,1.25,1.2,1.25,131450,9768950,16400,weekly,2022-5-26T21:00:00.000,options,call
112,1653563220000,1.2,1.25,1.1,1.15,455400,9768950,16400,weekly,2022-5-26T21:00:00.000,options,call
113,1653563280000,1.1,1.15,1.1,1.1,110550,9768950,16400,weekly,2022-5-26T21:00:00.000,options,call
114,1653563340000,1.1,1.15,1.1,1.1,169300,9636800,16400,weekly,2022-5-26T21:00:00.000,options,call
115,1653563400000,1.1,1.2,1.1,1.2,381750,9636800,16400,weekly,2022-5-26T21:00:00.000,options,call
116,1653563460000,1.2,1.2,1.15,1.15,97150,9636800,16400,weekly,2022-5-26T21:00:00.000,options,call
117,1653563520000,1.15,1.2,1.15,1.2,126950,9472350,16400,weekly,2022-5-26T21:00:00.000,options,call
118,1653563580000,1.15,1.2,1.15,1.2,138400,9472350,16400,weekly,2022-5-26T21:00:00.000,options,call
119,1653563640000,1.15,1.2,1.15,1.2,142150,9472350,16400,weekly,2022-5-26T21:00:00.000,options,call
120,1653563700000,1.2,1.2,1.15,1.2,46550,9433200,16400,weekly,2022-5-26T21:00:00.000,options,call
121,1653563760000,1.2,1.2,1.15,1.15,30400,9433200,16400,weekly,2022-5-26T21:00:00.000,options,call
122,1653563820000,1.2,1.2,1.15,1.2,45500,9433200,16400,weekly,2022-5-26T21:00:00.000,options,call
123,1653563880000,1.2,1.2,1.15,1.15,34800,9395950,16400,weekly,2022-5-26T21:00:00.000,options,call
124,1653563940000,1.15,1.25,1.15,1.2,120650,9395950,16400,weekly,2022-5-26T21:00:00.000,options,call
125,1653564000000,1.2,1.25,1.15,1.15,170700,9395950,16400,weekly,2022-5-26T21:00:00.000,options,call
126,1653564060000,1.15,1.2,1.1,1.15,267400,9335850,16400,weekly,2022-5-26T21:00:00.000,options,call
127,1653564120000,1.1,1.15,1.1,1.1,67900,9335850,16400,weekly,2022-5-26T21:00:00.000,options,call
128,1653564180000,1.15,1.15,1.1,1.15,55450,9335850,16400,weekly,2022-5-26T21:00:00.000,options,call
129,1653564240000,1.15,1.15,1.1,1.15,114750,9282450,16400,weekly,2022-5-26T21:00:00.000,options,call
130,1653564300000,1.15,1.15,1.1,1.1,70750,9282450,16400,weekly,2022-5-26T21:00:00.000,options,call
131,1653564360000,1.1,1.15,1.1,1.1,74450,9282450,16400,weekly,2022-5-26T21:00:00.000,options,call
132,1653564420000,1.1,1.2,1.1,1.2,325400,9234850,16400,weekly,2022-5-26T21:00:00.000,options,call
133,1653564480000,1.15,1.2,1.15,1.15,112050,9234850,16400,weekly,2022-5-26T21:00:00.000,options,call
134,1653564540000,1.15,1.2,1.1,1.1,371850,9234850,16400,weekly,2022-5-26T21:00:00.000,options,call
135,1653564600000,1.15,1.2,1.1,1.15,357300,9015600,16400,weekly,2022-5-26T21:00:00.000,options,call
136,1653564660000,1.1,1.2,1.1,1.15,299200,9015600,16400,weekly,2022-5-26T21:00:00.000,options,call
137,1653564720000,1.15,1.15,1.1,1.1,133100,9015600,16400,weekly,2022-5-26T21:00:00.000,options,call
138,1653564780000,1.15,1.15,1.1,1.1,122400,9032450,16400,weekly,2022-5-26T21:00:00.000,options,call
139,1653564840000,1.1,1.15,1.1,1.1,68650,9032450,16400,weekly,2022-5-26T21:00:00.000,options,call
140,1653564900000,1.1,1.15,1.05,1.1,251650,9032450,16400,weekly,2022-5-26T21:00:00.000,options,call
141,1653564960000,1.1,1.1,1.05,1.05,82400,8982000,16400,weekly,2022-5-26T21:00:00.000,options,call
142,1653565020000,1.05,1.1,1.05,1.05,30600,8982000,16400,weekly,2022-5-26T21:00:00.000,options,call
143,1653565080000,1.05,1.1,1.05,1.05,108200,8982000,16400,weekly,2022-5-26T21:00:00.000,options,call
144,1653565140000,1.1,1.1,1.05,1.05,81200,8933150,16400,weekly,2022-5-26T21:00:00.000,options,call
145,1653565200000,1.1,1.1,1.05,1.1,86750,8933150,16400,weekly,2022-5-26T21:00:00.000,options,call
146,1653565260000,1.1,1.1,1.05,1.1,98900,8933150,16400,weekly,2022-5-26T21:00:00.000,options,call
147,1653565320000,1.05,1.1,1.05,1.05,87600,8962100,16400,weekly,2022-5-26T21:00:00.000,options,call
148,1653565380000,1.05,1.1,1.05,1.1,97050,8962100,16400,weekly,2022-5-26T21:00:00.000,options,call
149,1653565440000,1.1,1.1,1.05,1.05,30350,8962100,16400,weekly,2022-5-26T21:00:00.000,options,call
150,1653565500000,1.05,1.1,1.05,1.1,15050,8998750,16400,weekly,2022-5-26T21:00:00.000,options,call
151,1653565560000,1.05,1.1,1.05,1.1,52250,8998750,16400,weekly,2022-5-26T21:00:00.000,options,call
152,1653565620000,1.1,1.1,1.0,1.0,236200,8998750,16400,weekly,2022-5-26T21:00:00.000,options,call
153,1653565680000,1.0,1.05,1.0,1.0,29050,8886300,16400,weekly,2022-5-26T21:00:00.000,options,call
154,1653565740000,1.05,1.05,1.0,1.0,71550,8886300,16400,weekly,2022-5-26T21:00:00.000,options,call
155,1653565800000,1.0,1.05,1.0,1.0,54750,8886300,16400,weekly,2022-5-26T21:00:00.000,options,call
156,1653565860000,1.05,1.05,1.0,1.05,30450,8879200,16400,weekly,2022-5-26T21:00:00.000,options,call
157,1653565920000,1.05,1.05,1.0,1.0,165550,8879200,16400,weekly,2022-5-26T21:00:00.000,options,call
158,1653565980000,1.0,1.05,1.0,1.0,71750,8879200,16400,weekly,2022-5-26T21:00:00.000,options,call
159,1653566040000,1.0,1.05,1.0,1.0,65000,8874950,16400,weekly,2022-5-26T21:00:00.000,options,call
160,1653566100000,1.05,1.05,1.0,1.0,42850,8874950,16400,weekly,2022-5-26T21:00:00.000,options,call
161,1653566160000,1.0,1.05,1.0,1.0,94200,8874950,16400,weekly,2022-5-26T21:00:00.000,options,call
162,1653566220000,1.05,1.05,0.95,0.95,190000,8852400,16400,weekly,2022-5-26T21:00:00.000,options,call
163,1653566280000,0.95,1.0,0.95,0.95,161350,8852400,16400,weekly,2022-5-26T21:00:00.000,options,call
164,1653566340000,0.95,1.0,0.95,1.0,133500,8852400,16400,weekly,2022-5-26T21:00:00.000,options,call
165,1653566400000,1.0,1.0,0.9,0.9,174050,8857100,16400,weekly,2022-5-26T21:00:00.000,options,call
166,1653566460000,0.9,0.95,0.9,0.9,102450,8857100,16400,weekly,2022-5-26T21:00:00.000,options,call
167,1653566520000,0.9,0.95,0.9,0.9,98300,8857100,16400,weekly,2022-5-26T21:00:00.000,options,call
168,1653566580000,0.95,0.95,0.9,0.9,114750,8826750,16400,weekly,2022-5-26T21:00:00.000,options,call
169,1653566640000,0.9,0.95,0.8,0.85,274550,8826750,16400,weekly,2022-5-26T21:00:00.000,options,call
170,1653566700000,0.85,0.85,0.75,0.8,367400,8826750,16400,weekly,2022-5-26T21:00:00.000,options,call
171,1653566760000,0.8,0.85,0.8,0.8,72000,8791750,16400,weekly,2022-5-26T21:00:00.000,options,call
172,1653566820000,0.85,0.85,0.8,0.8,168750,8791750,16400,weekly,2022-5-26T21:00:00.000,options,call
173,1653566880000,0.8,0.8,0.75,0.75,115500,8791750,16400,weekly,2022-5-26T21:00:00.000,options,call
174,1653566940000,0.75,0.85,0.75,0.85,351300,8725250,16400,weekly,2022-5-26T21:00:00.000,options,call
175,1653567000000,0.8,0.85,0.8,0.8,114300,8725250,16400,weekly,2022-5-26T21:00:00.000,options,call
176,1653567060000,0.8,0.85,0.8,0.85,43300,8725250,16400,weekly,2022-5-26T21:00:00.000,options,call
177,1653567120000,0.8,0.85,0.8,0.85,67750,8685750,16400,weekly,2022-5-26T21:00:00.000,options,call
178,1653567180000,0.85,0.85,0.75,0.75,113200,8685750,16400,weekly,2022-5-26T21:00:00.000,options,call
179,1653567240000,0.8,0.8,0.75,0.75,75250,8685750,16400,weekly,2022-5-26T21:00:00.000,options,call
180,1653567300000,0.75,0.8,0.75,0.8,267900,8675000,16400,weekly,2022-5-26T21:00:00.000,options,call
181,1653567360000,0.8,0.85,0.8,0.85,46300,8675000,16400,weekly,2022-5-26T21:00:00.000,options,call
182,1653567420000,0.8,0.85,0.8,0.85,58100,8675000,16400,weekly,2022-5-26T21:00:00.000,options,call
183,1653567480000,0.85,0.85,0.8,0.8,46350,8827100,16400,weekly,2022-5-26T21:00:00.000,options,call
184,1653567540000,0.85,0.85,0.8,0.8,319000,8827100,16400,weekly,2022-5-26T21:00:00.000,options,call
185,1653567600000,0.8,0.85,0.75,0.75,155500,8827100,16400,weekly,2022-5-26T21:00:00.000,options,call
186,1653567660000,0.8,0.8,0.75,0.75,86000,8711300,16400,weekly,2022-5-26T21:00:00.000,options,call
187,1653567720000,0.75,0.75,0.7,0.7,116250,8711300,16400,weekly,2022-5-26T21:00:00.000,options,call
188,1653567780000,0.7,0.75,0.7,0.75,82950,8711300,16400,weekly,2022-5-26T21:00:00.000,options,call
189,1653567840000,0.75,0.75,0.65,0.65,260400,8626950,16400,weekly,2022-5-26T21:00:00.000,options,call
190,1653567900000,0.65,0.7,0.65,0.65,40500,8626950,16400,weekly,2022-5-26T21:00:00.000,options,call
191,1653567960000,0.65,0.7,0.65,0.7,137250,8626950,16400,weekly,2022-5-26T21:00:00.000,options,call
192,1653568020000,0.7,0.75,0.65,0.75,209100,8524500,16400,weekly,2022-5-26T21:00:00.000,options,call
193,1653568080000,0.75,0.8,0.7,0.75,122050,8524500,16400,weekly,2022-5-26T21:00:00.000,options,call
194,1653568140000,0.8,0.8,0.75,0.75,38700,8524500,16400,weekly,2022-5-26T21:00:00.000,options,call
195,1653568200000,0.75,0.8,0.7,0.75,54800,8401550,16400,weekly,2022-5-26T21:00:00.000,options,call
196,1653568260000,0.7,0.75,0.7,0.75,36950,8401550,16400,weekly,2022-5-26T21:00:00.000,options,call
197,1653568320000,0.7,0.75,0.7,0.75,20800,8401550,16400,weekly,2022-5-26T21:00:00.000,options,call
198,1653568380000,0.75,0.75,0.7,0.7,33500,8394200,16400,weekly,2022-5-26T21:00:00.000,options,call
199,1653568440000,0.7,0.75,0.7,0.7,24600,8394200,16400,weekly,2022-5-26T21:00:00.000,options,call
200,1653568500000,0.7,0.75,0.7,0.7,75750,8394200,16400,weekly,2022-5-26T21:00:00.000,options,call
201,1653568560000,0.7,0.75,0.7,0.75,25350,8389500,16400,weekly,2022-5-26T21:00:00.000,options,call
202,1653568620000,0.75,0.75,0.65,0.7,81450,8389500,16400,weekly,2022-5-26T21:00:00.000,options,call
203,1653568680000,0.7,0.7,0.65,0.65,19350,8389500,16400,weekly,2022-5-26T21:00:00.000,options,call
204,1653568740000,0.7,0.7,0.65,0.65,40850,8372650,16400,weekly,2022-5-26T21:00:00.000,options,call
205,1653568800000,0.7,0.7,0.65,0.65,18900,8372650,16400,weekly,2022-5-26T21:00:00.000,options,call
206,1653568860000,0.65,0.7,0.65,0.65,54250,8372650,16400,weekly,2022-5-26T21:00:00.000,options,call
207,1653568920000,0.65,0.75,0.65,0.7,107200,8347300,16400,weekly,2022-5-26T21:00:00.000,options,call
208,1653568980000,0.75,0.75,0.7,0.7,108900,8347300,16400,weekly,2022-5-26T21:00:00.000,options,call
209,1653569040000,0.7,0.75,0.7,0.7,65250,8347300,16400,weekly,2022-5-26T21:00:00.000,options,call
210,1653569100000,0.7,0.75,0.65,0.65,64350,8284300,16400,weekly,2022-5-26T21:00:00.000,options,call
211,1653569160000,0.65,0.7,0.65,0.65,72450,8284300,16400,weekly,2022-5-26T21:00:00.000,options,call
212,1653569220000,0.65,0.7,0.65,0.65,15900,8284300,16400,weekly,2022-5-26T21:00:00.000,options,call
213,1653569280000,0.65,0.7,0.65,0.65,44300,8273850,16400,weekly,2022-5-26T21:00:00.000,options,call
214,1653569340000,0.65,0.7,0.65,0.7,50650,8273850,16400,weekly,2022-5-26T21:00:00.000,options,call
215,1653569400000,0.65,0.7,0.65,0.65,60450,8273850,16400,weekly,2022-5-26T21:00:00.000,options,call
216,1653569460000,0.6,0.65,0.6,0.6,50200,8260000,16400,weekly,2022-5-26T21:00:00.000,options,call
217,1653569520000,0.6,0.65,0.55,0.65,157600,8260000,16400,weekly,2022-5-26T21:00:00.000,options,call
218,1653569580000,0.65,0.65,0.6,0.6,50450,8260000,16400,weekly,2022-5-26T21:00:00.000,options,call
219,1653569640000,0.6,0.7,0.6,0.7,165900,8176350,16400,weekly,2022-5-26T21:00:00.000,options,call
220,1653569700000,0.7,0.75,0.65,0.7,152950,8176350,16400,weekly,2022-5-26T21:00:00.000,options,call
221,1653569760000,0.75,0.75,0.65,0.65,92550,8176350,16400,weekly,2022-5-26T21:00:00.000,options,call
222,1653569820000,0.65,0.7,0.6,0.65,139000,8158150,16400,weekly,2022-5-26T21:00:00.000,options,call
223,1653569880000,0.6,0.65,0.6,0.6,59000,8158150,16400,weekly,2022-5-26T21:00:00.000,options,call
224,1653569940000,0.6,0.65,0.6,0.6,82200,8158150,16400,weekly,2022-5-26T21:00:00.000,options,call
225,1653570000000,0.6,0.7,0.6,0.7,163100,8102900,16400,weekly,2022-5-26T21:00:00.000,options,call
226,1653570060000,0.65,0.75,0.65,0.7,213700,8102900,16400,weekly,2022-5-26T21:00:00.000,options,call
227,1653570120000,0.7,0.9,0.7,0.9,263650,8102900,16400,weekly,2022-5-26T21:00:00.000,options,call
228,1653570180000,0.85,1.1,0.85,0.85,423300,8039100,16400,weekly,2022-5-26T21:00:00.000,options,call
229,1653570240000,0.9,1.05,0.85,1.0,398700,8039100,16400,weekly,2022-5-26T21:00:00.000,options,call
230,1653570300000,1.0,1.15,0.8,0.85,537950,8039100,16400,weekly,2022-5-26T21:00:00.000,options,call
231,1653570360000,0.8,0.9,0.75,0.8,422200,7973050,16400,weekly,2022-5-26T21:00:00.000,options,call
232,1653570420000,0.75,0.95,0.75,0.9,379350,7973050,16400,weekly,2022-5-26T21:00:00.000,options,call
233,1653570480000,0.9,0.95,0.8,0.85,388550,7973050,16400,weekly,2022-5-26T21:00:00.000,options,call
234,1653570540000,0.8,0.85,0.75,0.75,372400,7949550,16400,weekly,2022-5-26T21:00:00.000,options,call
235,1653570600000,0.8,0.8,0.7,0.7,255200,7949550,16400,weekly,2022-5-26T21:00:00.000,options,call
236,1653570660000,0.7,0.7,0.6,0.6,192000,7949550,16400,weekly,2022-5-26T21:00:00.000,options,call
237,1653570720000,0.65,0.75,0.6,0.75,269500,7923750,16400,weekly,2022-5-26T21:00:00.000,options,call
238,1653570780000,0.7,0.8,0.7,0.7,191050,7923750,16400,weekly,2022-5-26T21:00:00.000,options,call
239,1653570840000,0.7,0.75,0.7,0.75,124750,7923750,16400,weekly,2022-5-26T21:00:00.000,options,call
240,1653570900000,0.7,1.3,0.7,1.2,667500,7938950,16400,weekly,2022-5-26T21:00:00.000,options,call
241,1653570960000,1.2,1.2,0.8,0.95,682750,7938950,16400,weekly,2022-5-26T21:00:00.000,options,call
242,1653571020000,1.0,1.25,0.95,1.25,430800,7938950,16400,weekly,2022-5-26T21:00:00.000,options,call
243,1653571080000,1.2,1.9,1.2,1.9,943900,7875250,16400,weekly,2022-5-26T21:00:00.000,options,call
244,1653571140000,1.85,2.15,1.75,1.75,1015300,7875250,16400,weekly,2022-5-26T21:00:00.000,options,call
245,1653571200000,1.7,1.7,1.15,1.2,898550,7875250,16400,weekly,2022-5-26T21:00:00.000,options,call
246,1653571260000,1.2,1.25,1.05,1.15,862000,7791200,16400,weekly,2022-5-26T21:00:00.000,options,call
247,1653571320000,1.15,1.3,1.05,1.05,672800,7791200,16400,weekly,2022-5-26T21:00:00.000,options,call
248,1653571380000,1.05,1.15,1.0,1.1,443850,7791200,16400,weekly,2022-5-26T21:00:00.000,options,call
249,1653571440000,1.05,1.15,0.95,1.0,583900,7917350,16400,weekly,2022-5-26T21:00:00.000,options,call
250,1653571500000,1.0,1.05,0.8,0.8,561600,7917350,16400,weekly,2022-5-26T21:00:00.000,options,call
251,1653571560000,0.8,0.9,0.75,0.75,366350,7917350,16400,weekly,2022-5-26T21:00:00.000,options,call
252,1653571620000,0.75,0.95,0.75,0.9,248650,7945750,16400,weekly,2022-5-26T21:00:00.000,options,call
253,1653571680000,0.9,1.05,0.85,0.85,335950,7945750,16400,weekly,2022-5-26T21:00:00.000,options,call
254,1653571740000,0.9,0.95,0.85,0.85,185500,7945750,16400,weekly,2022-5-26T21:00:00.000,options,call
255,1653571800000,0.85,0.9,0.8,0.85,282750,7948800,16400,weekly,2022-5-26T21:00:00.000,options,call
256,1653571860000,0.85,1.1,0.8,1.05,473250,7948800,16400,weekly,2022-5-26T21:00:00.000,options,call
257,1653571920000,1.05,1.1,0.9,0.95,326600,7948800,16400,weekly,2022-5-26T21:00:00.000,options,call
258,1653571980000,0.95,1.0,0.85,0.9,288100,7945050,16400,weekly,2022-5-26T21:00:00.000,options,call
259,1653572040000,0.9,0.95,0.85,0.95,261550,7945050,16400,weekly,2022-5-26T21:00:00.000,options,call
260,1653572100000,0.95,0.95,0.8,0.85,205050,7945050,16400,weekly,2022-5-26T21:00:00.000,options,call
261,1653572160000,0.85,0.85,0.75,0.85,319850,7960450,16400,weekly,2022-5-26T21:00:00.000,options,call
262,1653572220000,0.85,1.2,0.8,1.05,488250,7960450,16400,weekly,2022-5-26T21:00:00.000,options,call
263,1653572280000,1.0,1.2,1.0,1.0,499800,7960450,16400,weekly,2022-5-26T21:00:00.000,options,call
264,1653572340000,1.0,1.1,0.9,0.9,466400,8139350,16400,weekly,2022-5-26T21:00:00.000,options,call
265,1653572400000,0.95,1.0,0.9,1.0,303600,8139350,16400,weekly,2022-5-26T21:00:00.000,options,call
266,1653572460000,1.0,1.0,0.9,0.95,349100,8139350,16400,weekly,2022-5-26T21:00:00.000,options,call
267,1653572520000,0.95,1.0,0.95,0.95,188150,8300350,16400,weekly,2022-5-26T21:00:00.000,options,call
268,1653572580000,0.95,1.0,0.9,0.9,347300,8300350,16400,weekly,2022-5-26T21:00:00.000,options,call
269,1653572640000,0.9,0.95,0.8,0.8,324150,8300350,16400,weekly,2022-5-26T21:00:00.000,options,call
270,1653572700000,0.8,0.85,0.8,0.8,243000,8432750,16400,weekly,2022-5-26T21:00:00.000,options,call
271,1653572760000,0.85,0.85,0.7,0.75,301050,8432750,16400,weekly,2022-5-26T21:00:00.000,options,call
272,1653572820000,0.75,0.8,0.6,0.6,599100,8432750,16400,weekly,2022-5-26T21:00:00.000,options,call
273,1653572880000,0.6,0.7,0.6,0.7,339800,8276400,16400,weekly,2022-5-26T21:00:00.000,options,call
274,1653572940000,0.65,0.7,0.6,0.65,372000,8276400,16400,weekly,2022-5-26T21:00:00.000,options,call
275,1653573000000,0.65,0.65,0.6,0.6,84000,8276400,16400,weekly,2022-5-26T21:00:00.000,options,call
276,1653573060000,0.65,0.65,0.5,0.5,200650,8303400,16400,weekly,2022-5-26T21:00:00.000,options,call
277,1653573120000,0.5,0.55,0.5,0.5,154400,8303400,16400,weekly,2022-5-26T21:00:00.000,options,call
278,1653573180000,0.55,0.55,0.45,0.55,232600,8303400,16400,weekly,2022-5-26T21:00:00.000,options,call
279,1653573240000,0.5,0.55,0.5,0.55,198750,8298200,16400,weekly,2022-5-26T21:00:00.000,options,call
280,1653573300000,0.55,0.55,0.5,0.55,165000,8298200,16400,weekly,2022-5-26T21:00:00.000,options,call
281,1653573360000,0.55,0.65,0.5,0.6,577850,8298200,16400,weekly,2022-5-26T21:00:00.000,options,call
282,1653573420000,0.6,0.65,0.55,0.6,230800,8126200,16400,weekly,2022-5-26T21:00:00.000,options,call
283,1653573480000,0.55,0.6,0.55,0.55,188650,8126200,16400,weekly,2022-5-26T21:00:00.000,options,call
284,1653573540000,0.55,0.6,0.5,0.5,198100,8126200,16400,weekly,2022-5-26T21:00:00.000,options,call
285,1653573600000,0.5,0.65,0.5,0.55,320800,8077900,16400,weekly,2022-5-26T21:00:00.000,options,call
286,1653573660000,0.55,0.6,0.5,0.55,203900,8077900,16400,weekly,2022-5-26T21:00:00.000,options,call
287,1653573720000,0.55,0.55,0.5,0.55,144100,8077900,16400,weekly,2022-5-26T21:00:00.000,options,call
288,1653573780000,0.5,0.55,0.4,0.45,407000,8047800,16400,weekly,2022-5-26T21:00:00.000,options,call
289,1653573840000,0.45,0.45,0.35,0.4,273500,8047800,16400,weekly,2022-5-26T21:00:00.000,options,call
290,1653573900000,0.4,0.4,0.35,0.35,99950,8047800,16400,weekly,2022-5-26T21:00:00.000,options,call
291,1653573960000,0.4,0.4,0.3,0.35,206500,7937450,16400,weekly,2022-5-26T21:00:00.000,options,call
292,1653574020000,0.3,0.35,0.3,0.35,147450,7937450,16400,weekly,2022-5-26T21:00:00.000,options,call
293,1653574080000,0.35,0.4,0.3,0.35,208450,7937450,16400,weekly,2022-5-26T21:00:00.000,options,call
294,1653574140000,0.35,0.4,0.35,0.35,155200,7765800,16400,weekly,2022-5-26T21:00:00.000,options,call
295,1653574200000,0.35,0.45,0.35,0.4,360950,7765800,16400,weekly,2022-5-26T21:00:00.000,options,call
296,1653574260000,0.4,0.45,0.35,0.4,222400,7765800,16400,weekly,2022-5-26T21:00:00.000,options,call
297,1653574320000,0.4,0.45,0.35,0.4,216250,7753000,16400,weekly,2022-5-26T21:00:00.000,options,call
298,1653574380000,0.35,0.45,0.35,0.4,95650,7753000,16400,weekly,2022-5-26T21:00:00.000,options,call
299,1653574440000,0.4,0.45,0.35,0.4,174800,7753000,16400,weekly,2022-5-26T21:00:00.000,options,call
300,1653574500000,0.35,0.45,0.35,0.4,186650,7670800,16400,weekly,2022-5-26T21:00:00.000,options,call
301,1653574560000,0.4,0.45,0.35,0.4,146950,7670800,16400,weekly,2022-5-26T21:00:00.000,options,call
302,1653574620000,0.4,0.45,0.4,0.4,117500,7670800,16400,weekly,2022-5-26T21:00:00.000,options,call
303,1653574680000,0.4,0.45,0.4,0.45,177700,7732000,16400,weekly,2022-5-26T21:00:00.000,options,call
304,1653574740000,0.4,0.45,0.35,0.45,126300,7732000,16400,weekly,2022-5-26T21:00:00.000,options,call
305,1653574800000,0.4,0.45,0.4,0.45,61050,7732000,16400,weekly,2022-5-26T21:00:00.000,options,call
306,1653574860000,0.45,0.6,0.4,0.55,349400,7729000,16400,weekly,2022-5-26T21:00:00.000,options,call
307,1653574920000,0.5,0.55,0.45,0.45,330800,7729000,16400,weekly,2022-5-26T21:00:00.000,options,call
308,1653574980000,0.5,0.65,0.45,0.6,359700,7729000,16400,weekly,2022-5-26T21:00:00.000,options,call
309,1653575040000,0.6,0.65,0.5,0.55,666650,7893300,16400,weekly,2022-5-26T21:00:00.000,options,call
310,1653575100000,0.55,0.7,0.5,0.7,676700,7893300,16400,weekly,2022-5-26T21:00:00.000,options,call
311,1653575160000,0.65,0.8,0.65,0.8,551700,7893300,16400,weekly,2022-5-26T21:00:00.000,options,call
312,1653575220000,0.8,0.85,0.55,0.6,449850,8593000,16400,weekly,2022-5-26T21:00:00.000,options,call
313,1653575280000,0.55,0.6,0.45,0.45,373700,8593000,16400,weekly,2022-5-26T21:00:00.000,options,call
314,1653575340000,0.45,0.5,0.45,0.5,204250,8593000,16400,weekly,2022-5-26T21:00:00.000,options,call
315,1653575400000,0.45,0.5,0.4,0.5,263200,8770600,16400,weekly,2022-5-26T21:00:00.000,options,call
316,1653575460000,0.5,0.5,0.4,0.4,116700,8770600,16400,weekly,2022-5-26T21:00:00.000,options,call
317,1653575520000,0.4,0.45,0.4,0.4,71800,8770600,16400,weekly,2022-5-26T21:00:00.000,options,call
318,1653575580000,0.4,0.45,0.4,0.4,106000,8794900,16400,weekly,2022-5-26T21:00:00.000,options,call
319,1653575640000,0.4,0.4,0.3,0.35,152000,8794900,16400,weekly,2022-5-26T21:00:00.000,options,call
320,1653575700000,0.35,0.35,0.25,0.25,352550,8794900,16400,weekly,2022-5-26T21:00:00.000,options,call
321,1653575760000,0.25,0.3,0.2,0.2,351600,8769350,16400,weekly,2022-5-26T21:00:00.000,options,call
322,1653575820000,0.25,0.3,0.2,0.3,241650,8769350,16400,weekly,2022-5-26T21:00:00.000,options,call
323,1653575880000,0.3,0.35,0.25,0.25,224000,8769350,16400,weekly,2022-5-26T21:00:00.000,options,call
324,1653575940000,0.3,0.3,0.25,0.3,77150,8527600,16400,weekly,2022-5-26T21:00:00.000,options,call
325,1653576000000,0.3,0.35,0.25,0.3,123300,8527600,16400,weekly,2022-5-26T21:00:00.000,options,call
326,1653576060000,0.35,0.35,0.25,0.25,56950,8527600,16400,weekly,2022-5-26T21:00:00.000,options,call
327,1653576120000,0.25,0.3,0.25,0.25,62500,8500150,16400,weekly,2022-5-26T21:00:00.000,options,call
328,1653576180000,0.25,0.3,0.25,0.3,65300,8500150,16400,weekly,2022-5-26T21:00:00.000,options,call
329,1653576240000,0.25,0.3,0.25,0.25,76050,8500150,16400,weekly,2022-5-26T21:00:00.000,options,call
330,1653576300000,0.25,0.35,0.25,0.25,362950,8479100,16400,weekly,2022-5-26T21:00:00.000,options,call
331,1653576360000,0.3,0.35,0.25,0.3,226250,8479100,16400,weekly,2022-5-26T21:00:00.000,options,call
332,1653576420000,0.3,0.35,0.25,0.25,166250,8479100,16400,weekly,2022-5-26T21:00:00.000,options,call
333,1653576480000,0.25,0.25,0.2,0.2,451600,8355750,16400,weekly,2022-5-26T21:00:00.000,options,call
334,1653576540000,0.2,0.25,0.2,0.2,88550,8355750,16400,weekly,2022-5-26T21:00:00.000,options,call
335,1653576600000,0.2,0.25,0.15,0.2,180400,8355750,16400,weekly,2022-5-26T21:00:00.000,options,call
336,1653576660000,0.2,0.2,0.15,0.15,75700,8246550,16400,weekly,2022-5-26T21:00:00.000,options,call
337,1653576720000,0.2,0.2,0.15,0.15,122850,8246550,16400,weekly,2022-5-26T21:00:00.000,options,call
338,1653576780000,0.15,0.2,0.15,0.2,62650,8246550,16400,weekly,2022-5-26T21:00:00.000,options,call
339,1653576840000,0.2,0.2,0.15,0.15,106850,8151400,16400,weekly,2022-5-26T21:00:00.000,options,call
340,1653576900000,0.15,0.2,0.15,0.15,629350,8151400,16400,weekly,2022-5-26T21:00:00.000,options,call
341,1653576960000,0.1,0.15,0.1,0.1,751750,8151400,16400,weekly,2022-5-26T21:00:00.000,options,call
342,1653577020000,0.1,0.15,0.1,0.1,128350,7728400,16400,weekly,2022-5-26T21:00:00.000,options,call
343,1653577080000,0.15,0.15,0.1,0.1,112950,7728400,16400,weekly,2022-5-26T21:00:00.000,options,call
344,1653577140000,0.15,0.15,0.1,0.1,72450,7728400,16400,weekly,2022-5-26T21:00:00.000,options,call
345,1653577200000,0.1,0.15,0.05,0.1,356850,7528250,16400,weekly,2022-5-26T21:00:00.000,options,call
346,1653577260000,0.1,0.1,0.05,0.1,271500,7528250,16400,weekly,2022-5-26T21:00:00.000,options,call
347,1653577320000,0.1,0.1,0.05,0.05,162200,7528250,16400,weekly,2022-5-26T21:00:00.000,options,call
348,1653577380000,0.05,0.15,0.05,0.15,426700,7311050,16400,weekly,2022-5-26T21:00:00.000,options,call
349,1653577440000,0.1,0.2,0.1,0.1,198550,7311050,16400,weekly,2022-5-26T21:00:00.000,options,call
350,1653577500000,0.1,0.15,0.1,0.15,78950,7311050,16400,weekly,2022-5-26T21:00:00.000,options,call
351,1653577560000,0.15,0.15,0.1,0.15,108400,7157400,16400,weekly,2022-5-26T21:00:00.000,options,call
352,1653577620000,0.15,0.15,0.1,0.15,70200,7157400,16400,weekly,2022-5-26T21:00:00.000,options,call
353,1653577680000,0.1,0.2,0.1,0.15,152550,7157400,16400,weekly,2022-5-26T21:00:00.000,options,call
354,1653577740000,0.1,0.15,0.1,0.1,137900,6947200,16400,weekly,2022-5-26T21:00:00.000,options,call
355,1653577800000,0.1,0.15,0.1,0.1,112200,6947200,16400,weekly,2022-5-26T21:00:00.000,options,call
356,1653577860000,0.1,0.15,0.1,0.1,81600,6947200,16400,weekly,2022-5-26T21:00:00.000,options,call
357,1653577920000,0.1,0.15,0.05,0.05,106150,6841450,16400,weekly,2022-5-26T21:00:00.000,options,call
358,1653577980000,0.05,0.1,0.05,0.05,56550,6841450,16400,weekly,2022-5-26T21:00:00.000,options,call
359,1653578040000,0.05,0.1,0.05,0.1,57400,6841450,16400,weekly,2022-5-26T21:00:00.000,options,call
360,1653578100000,0.05,0.1,0.05,0.1,66100,6814250,16400,weekly,2022-5-26T21:00:00.000,options,call
361,1653578160000,0.05,0.1,0.05,0.05,100250,6814250,16400,weekly,2022-5-26T21:00:00.000,options,call
362,1653578220000,0.05,0.1,0.05,0.1,92950,6814250,16400,weekly,2022-5-26T21:00:00.000,options,call
363,1653578280000,0.1,0.1,0.05,0.05,110250,6736650,16400,weekly,2022-5-26T21:00:00.000,options,call
364,1653578340000,0.05,0.1,0.05,0.05,134150,6736650,16400,weekly,2022-5-26T21:00:00.000,options,call
365,1653578400000,0.05,0.1,0.05,0.1,129200,6736650,16400,weekly,2022-5-26T21:00:00.000,options,call
366,1653578460000,0.05,0.15,0.05,0.1,325300,6335650,16400,weekly,2022-5-26T21:00:00.000,options,call
367,1653578520000,0.1,0.1,0.05,0.05,77750,6335650,16400,weekly,2022-5-26T21:00:00.000,options,call
368,1653578580000,0.05,0.1,0.05,0.05,111700,6335650,16400,weekly,2022-5-26T21:00:00.000,options,call
369,1653578640000,0.05,0.1,0.05,0.05,142600,6186750,16400,weekly,2022-5-26T21:00:00.000,options,call
370,1653578700000,0.05,0.05,0.05,0.05,199800,6186750,16400,weekly,2022-5-26T21:00:00.000,options,call
371,1653578760000,0.05,0.1,0.05,0.1,119300,6186750,16400,weekly,2022-5-26T21:00:00.000,options,call
372,1653578820000,0.05,0.1,0.05,0.05,110350,6037700,16400,weekly,2022-5-26T21:00:00.000,options,call
373,1653578880000,0.05,0.1,0.05,0.05,36800,6037700,16400,weekly,2022-5-26T21:00:00.000,options,call
374,1653578940000,0.05,0.05,0.05,0.05,33050,6037700,16400,weekly,2022-5-26T21:00:00.000,options,call
