,timestamp,open,high,low,close,volume,open_interest,strike,expiry_type,expiry,instrument,contract_type
0,1588238100000,1.25,1.75,0.35,1.45,3500,,19200,weekly,2020-4-30T21:00:00.000,options,put
1,1588238160000,1.4,1.95,1.1,1.6,5100,,19200,weekly,2020-4-30T21:00:00.000,options,put
2,1588238220000,1.6,1.7,1.35,1.4,7440,,19200,weekly,2020-4-30T21:00:00.000,options,put
3,1588238280000,1.35,1.4,1.15,1.25,2620,,19200,weekly,2020-4-30T21:00:00.000,options,put
4,1588238340000,1.3,1.45,1.15,1.15,6200,,19200,weekly,2020-4-30T21:00:00.000,options,put
5,1588238400000,1.25,1.3,1.1,1.2,2440,,19200,weekly,2020-4-30T21:00:00.000,options,put
6,1588238460000,1.3,1.35,1.2,1.3,1520,,19200,weekly,2020-4-30T21:00:00.000,options,put
7,1588238520000,1.2,1.3,1.2,1.25,1100,,19200,weekly,2020-4-30T21:00:00.000,options,put
8,1588238580000,1.3,1.3,1.15,1.15,1920,,19200,weekly,2020-4-30T21:00:00.000,options,put
9,1588238640000,1.15,1.2,0.95,0.95,4060,,19200,weekly,2020-4-30T21:00:00.000,options,put
10,1588238700000,0.95,1.0,0.95,1.0,120,,19200,weekly,2020-4-30T21:00:00.000,options,put
11,1588238760000,1.0,1.1,1.0,1.1,320,,19200,weekly,2020-4-30T21:00:00.000,options,put
12,1588238880000,1.0,1.1,1.0,1.1,80,,19200,weekly,2020-4-30T21:00:00.000,options,put
13,1588238940000,1.1,1.1,1.0,1.1,180,,19200,weekly,2020-4-30T21:00:00.000,options,put
14,1588239000000,1.1,1.1,1.0,1.0,620,,19200,weekly,2020-4-30T21:00:00.000,options,put
15,1588239060000,1.1,1.1,1.05,1.05,920,,19200,weekly,2020-4-30T21:00:00.000,options,put
16,1588239120000,1.0,1.0,1.0,1.0,2360,,19200,weekly,2020-4-30T21:00:00.000,options,put
17,1588239180000,1.05,1.05,1.05,1.05,300,,19200,weekly,2020-4-30T21:00:00.000,options,put
18,1588239240000,1.1,1.15,1.05,1.15,600,,19200,weekly,2020-4-30T21:00:00.000,options,put
19,1588239300000,1.15,1.15,1.0,1.0,1120,,19200,weekly,2020-4-30T21:00:00.000,options,put
20,1588239360000,1.1,1.1,1.0,1.1,320,,19200,weekly,2020-4-30T21:00:00.000,options,put
21,1588239420000,1.0,1.05,0.9,0.9,720,,19200,weekly,2020-4-30T21:00:00.000,options,put
22,1588239480000,1.0,1.15,1.0,1.1,2160,,19200,weekly,2020-4-30T21:00:00.000,options,put
23,1588239540000,1.1,1.15,1.05,1.1,2200,,19200,weekly,2020-4-30T21:00:00.000,options,put
24,1588239600000,1.25,1.5,1.2,1.4,1060,,19200,weekly,2020-4-30T21:00:00.000,options,put
25,1588239660000,1.4,1.5,1.35,1.4,2820,,19200,weekly,2020-4-30T21:00:00.000,options,put
26,1588239720000,1.5,1.5,1.15,1.15,680,,19200,weekly,2020-4-30T21:00:00.000,options,put
27,1588239780000,1.15,1.2,1.1,1.1,720,,19200,weekly,2020-4-30T21:00:00.000,options,put
28,1588239840000,1.2,1.35,1.2,1.2,6460,,19200,weekly,2020-4-30T21:00:00.000,options,put
29,1588239900000,1.25,1.35,1.2,1.3,600,,19200,weekly,2020-4-30T21:00:00.000,options,put
30,1588239960000,1.3,1.4,1.25,1.3,1900,,19200,weekly,2020-4-30T21:00:00.000,options,put
31,1588240020000,1.45,1.45,1.3,1.4,1800,,19200,weekly,2020-4-30T21:00:00.000,options,put
32,1588240080000,1.45,1.45,1.25,1.35,1380,,19200,weekly,2020-4-30T21:00:00.000,options,put
33,1588240140000,1.4,1.4,1.2,1.3,800,,19200,weekly,2020-4-30T21:00:00.000,options,put
34,1588240200000,1.2,1.25,1.15,1.25,340,,19200,weekly,2020-4-30T21:00:00.000,options,put
35,1588240260000,1.25,1.25,1.15,1.25,960,,19200,weekly,2020-4-30T21:00:00.000,options,put
36,1588240320000,1.2,1.25,1.2,1.25,440,,19200,weekly,2020-4-30T21:00:00.000,options,put
37,1588240380000,1.2,1.2,1.2,1.2,720,,19200,weekly,2020-4-30T21:00:00.000,options,put
38,1588240440000,1.2,1.3,1.2,1.2,1520,,19200,weekly,2020-4-30T21:00:00.000,options,put
39,1588240560000,1.2,1.2,1.15,1.2,200,,19200,weekly,2020-4-30T21:00:00.000,options,put
40,1588240620000,1.25,1.25,1.1,1.15,480,,19200,weekly,2020-4-30T21:00:00.000,options,put
41,1588240680000,1.15,1.45,1.05,1.25,600,,19200,weekly,2020-4-30T21:00:00.000,options,put
42,1588240740000,1.15,1.2,1.0,1.1,340,,19200,weekly,2020-4-30T21:00:00.000,options,put
43,1588240800000,1.15,1.15,1.0,1.05,120,,19200,weekly,2020-4-30T21:00:00.000,options,put
44,1588240860000,1.15,1.15,1.1,1.1,40,,19200,weekly,2020-4-30T21:00:00.000,options,put
45,1588240920000,1.2,1.2,1.0,1.05,100,,19200,weekly,2020-4-30T21:00:00.000,options,put
46,1588240980000,1.1,1.1,1.1,1.1,20,,19200,weekly,2020-4-30T21:00:00.000,options,put
47,1588241040000,1.0,1.1,1.0,1.05,520,,19200,weekly,2020-4-30T21:00:00.000,options,put
48,1588241100000,1.1,1.15,1.05,1.15,600,,19200,weekly,2020-4-30T21:00:00.000,options,put
49,1588241160000,1.1,1.3,1.1,1.2,340,,19200,weekly,2020-4-30T21:00:00.000,options,put
50,1588241220000,1.15,1.15,1.15,1.15,360,,19200,weekly,2020-4-30T21:00:00.000,options,put
51,1588241280000,1.15,1.15,1.1,1.1,20,,19200,weekly,2020-4-30T21:00:00.000,options,put
52,1588241340000,1.1,1.1,1.0,1.0,400,,19200,weekly,2020-4-30T21:00:00.000,options,put
53,1588241400000,0.95,1.05,0.95,1.0,340,,19200,weekly,2020-4-30T21:00:00.000,options,put
54,1588241460000,1.0,1.05,1.0,1.05,260,,19200,weekly,2020-4-30T21:00:00.000,options,put
55,1588241520000,1.05,1.05,1.0,1.0,220,,19200,weekly,2020-4-30T21:00:00.000,options,put
56,1588241580000,1.1,1.1,1.05,1.05,100,,19200,weekly,2020-4-30T21:00:00.000,options,put
57,1588241760000,1.2,1.2,1.0,1.1,160,,19200,weekly,2020-4-30T21:00:00.000,options,put
58,1588241820000,1.05,1.05,1.05,1.05,20,,19200,weekly,2020-4-30T21:00:00.000,options,put
59,1588241880000,1.0,1.1,1.0,1.1,280,,19200,weekly,2020-4-30T21:00:00.000,options,put
60,1588242000000,1.15,1.15,1.15,1.15,80,,19200,weekly,2020-4-30T21:00:00.000,options,put
61,1588242120000,1.05,1.05,1.05,1.05,20,,19200,weekly,2020-4-30T21:00:00.000,options,put
62,1588242180000,1.1,1.15,1.1,1.15,240,,19200,weekly,2020-4-30T21:00:00.000,options,put
63,1588242360000,1.1,1.1,1.1,1.1,20,,19200,weekly,2020-4-30T21:00:00.000,options,put
64,1588242420000,1.1,1.1,1.1,1.1,120,,19200,weekly,2020-4-30T21:00:00.000,options,put
65,1588242480000,1.1,1.15,1.1,1.15,220,,19200,weekly,2020-4-30T21:00:00.000,options,put
66,1588242600000,1.1,1.1,1.1,1.1,20,,19200,weekly,2020-4-30T21:00:00.000,options,put
67,1588242660000,1.05,1.05,1.0,1.0,100,,19200,weekly,2020-4-30T21:00:00.000,options,put
68,1588242720000,1.05,1.05,1.05,1.05,20,,19200,weekly,2020-4-30T21:00:00.000,options,put
69,1588242900000,0.95,0.95,0.95,0.95,1020,,19200,weekly,2020-4-30T21:00:00.000,options,put
70,1588242960000,1.0,1.0,1.0,1.0,20,,19200,weekly,2020-4-30T21:00:00.000,options,put
71,1588243080000,0.95,1.05,0.95,1.05,80,,19200,weekly,2020-4-30T21:00:00.000,options,put
72,1588243260000,1.0,1.05,1.0,1.05,60,,19200,weekly,2020-4-30T21:00:00.000,options,put
73,1588243560000,1.1,1.1,1.1,1.1,60,,19200,weekly,2020-4-30T21:00:00.000,options,put
74,1588243620000,1.0,1.0,1.0,1.0,360,,19200,weekly,2020-4-30T21:00:00.000,options,put
75,1588243680000,1.1,1.1,1.1,1.1,60,,19200,weekly,2020-4-30T21:00:00.000,options,put
76,1588243740000,1.0,1.1,1.0,1.1,380,,19200,weekly,2020-4-30T21:00:00.000,options,put
77,1588243860000,1.05,1.05,1.05,1.05,20,,19200,weekly,2020-4-30T21:00:00.000,options,put
78,1588243980000,1.1,1.1,1.1,1.1,20,,19200,weekly,2020-4-30T21:00:00.000,options,put
79,1588244100000,1.1,1.1,1.1,1.1,40,,19200,weekly,2020-4-30T21:00:00.000,options,put
80,1588244160000,1.0,1.0,1.0,1.0,20,,19200,weekly,2020-4-30T21:00:00.000,options,put
81,1588244400000,1.1,1.15,1.1,1.1,2080,,19200,weekly,2020-4-30T21:00:00.000,options,put
82,1588244460000,1.1,1.1,0.95,0.95,920,,19200,weekly,2020-4-30T21:00:00.000,options,put
83,1588244520000,1.0,1.0,1.0,1.0,140,,19200,weekly,2020-4-30T21:00:00.000,options,put
84,1588244700000,1.0,1.0,1.0,1.0,40,,19200,weekly,2020-4-30T21:00:00.000,options,put
85,1588244880000,1.0,1.0,0.95,0.95,240,,19200,weekly,2020-4-30T21:00:00.000,options,put
86,1588244940000,0.95,0.95,0.9,0.9,80,,19200,weekly,2020-4-30T21:00:00.000,options,put
87,1588245000000,1.0,1.0,0.9,0.95,160,,19200,weekly,2020-4-30T21:00:00.000,options,put
88,1588245060000,0.85,0.85,0.85,0.85,520,,19200,weekly,2020-4-30T21:00:00.000,options,put
89,1588245120000,0.85,0.9,0.85,0.9,40,,19200,weekly,2020-4-30T21:00:00.000,options,put
90,1588245180000,0.85,0.85,0.85,0.85,180,,19200,weekly,2020-4-30T21:00:00.000,options,put
91,1588245240000,0.85,0.85,0.85,0.85,160,,19200,weekly,2020-4-30T21:00:00.000,options,put
92,1588245300000,0.8,0.8,0.8,0.8,80,,19200,weekly,2020-4-30T21:00:00.000,options,put
93,1588245360000,0.75,0.75,0.75,0.75,20,,19200,weekly,2020-4-30T21:00:00.000,options,put
94,1588245420000,0.75,0.75,0.75,0.75,160,,19200,weekly,2020-4-30T21:00:00.000,options,put
95,1588245480000,0.8,0.8,0.8,0.8,180,,19200,weekly,2020-4-30T21:00:00.000,options,put
96,1588245720000,0.8,0.8,0.8,0.8,20,,19200,weekly,2020-4-30T21:00:00.000,options,put
97,1588245780000,0.75,0.85,0.7,0.85,120,,19200,weekly,2020-4-30T21:00:00.000,options,put
98,1588245900000,0.85,0.85,0.85,0.85,40,,19200,weekly,2020-4-30T21:00:00.000,options,put
99,1588246020000,0.75,0.75,0.5,0.75,240,,19200,weekly,2020-4-30T21:00:00.000,options,put
100,1588246080000,0.8,0.8,0.8,0.8,40,,19200,weekly,2020-4-30T21:00:00.000,options,put
101,1588246380000,0.75,0.85,0.75,0.85,220,,19200,weekly,2020-4-30T21:00:00.000,options,put
102,1588246500000,0.75,0.85,0.5,0.5,240,,19200,weekly,2020-4-30T21:00:00.000,options,put
103,1588246560000,0.65,0.65,0.65,0.65,80,,19200,weekly,2020-4-30T21:00:00.000,options,put
104,1588246620000,0.75,0.75,0.75,0.75,320,,19200,weekly,2020-4-30T21:00:00.000,options,put
105,1588246740000,0.75,0.8,0.75,0.8,180,,19200,weekly,2020-4-30T21:00:00.000,options,put
106,1588246800000,0.8,0.8,0.75,0.75,320,,19200,weekly,2020-4-30T21:00:00.000,options,put
107,1588246860000,0.55,0.75,0.55,0.75,320,,19200,weekly,2020-4-30T21:00:00.000,options,put
108,1588246920000,0.75,0.75,0.75,0.75,40,,19200,weekly,2020-4-30T21:00:00.000,options,put
109,1588246980000,0.7,0.7,0.7,0.7,40,,19200,weekly,2020-4-30T21:00:00.000,options,put
110,1588247040000,0.7,0.7,0.7,0.7,20,,19200,weekly,2020-4-30T21:00:00.000,options,put
111,1588247100000,0.65,0.65,0.65,0.65,40,,19200,weekly,2020-4-30T21:00:00.000,options,put
112,1588247400000,0.65,0.65,0.65,0.65,40,,19200,weekly,2020-4-30T21:00:00.000,options,put
113,1588247460000,0.6,0.6,0.6,0.6,40,,19200,weekly,2020-4-30T21:00:00.000,options,put
114,1588247580000,0.6,0.6,0.6,0.6,60,,19200,weekly,2020-4-30T21:00:00.000,options,put
115,1588247880000,0.6,0.6,0.6,0.6,20,,19200,weekly,2020-4-30T21:00:00.000,options,put
116,1588247940000,0.6,0.6,0.6,0.6,40,,19200,weekly,2020-4-30T21:00:00.000,options,put
117,1588248000000,0.6,0.65,0.55,0.6,400,,19200,weekly,2020-4-30T21:00:00.000,options,put
118,1588248180000,0.6,0.7,0.6,0.65,240,,19200,weekly,2020-4-30T21:00:00.000,options,put
119,1588248240000,0.6,0.65,0.6,0.65,60,,19200,weekly,2020-4-30T21:00:00.000,options,put
120,1588248300000,0.65,0.65,0.65,0.65,320,,19200,weekly,2020-4-30T21:00:00.000,options,put
121,1588248360000,0.65,0.65,0.65,0.65,20,,19200,weekly,2020-4-30T21:00:00.000,options,put
122,1588248420000,0.6,0.6,0.6,0.6,80,,19200,weekly,2020-4-30T21:00:00.000,options,put
123,1588248540000,0.65,0.65,0.6,0.6,120,,19200,weekly,2020-4-30T21:00:00.000,options,put
124,1588248660000,0.65,0.65,0.65,0.65,200,,19200,weekly,2020-4-30T21:00:00.000,options,put
125,1588248780000,0.65,0.65,0.65,0.65,240,,19200,weekly,2020-4-30T21:00:00.000,options,put
126,1588248840000,0.65,0.65,0.65,0.65,80,,19200,weekly,2020-4-30T21:00:00.000,options,put
127,1588248960000,0.65,0.65,0.65,0.65,600,,19200,weekly,2020-4-30T21:00:00.000,options,put
128,1588249020000,0.65,0.65,0.65,0.65,60,,19200,weekly,2020-4-30T21:00:00.000,options,put
129,1588249080000,0.65,0.65,0.55,0.55,140,,19200,weekly,2020-4-30T21:00:00.000,options,put
130,1588249140000,0.35,0.6,0.35,0.6,2180,,19200,weekly,2020-4-30T21:00:00.000,options,put
131,1588249200000,0.65,0.7,0.65,0.7,80,,19200,weekly,2020-4-30T21:00:00.000,options,put
132,1588249260000,0.6,0.6,0.6,0.6,60,,19200,weekly,2020-4-30T21:00:00.000,options,put
133,1588249560000,0.5,0.5,0.5,0.5,20,,19200,weekly,2020-4-30T21:00:00.000,options,put
134,1588249740000,0.55,0.55,0.55,0.55,140,,19200,weekly,2020-4-30T21:00:00.000,options,put
135,1588249860000,0.6,0.95,0.5,0.65,720,,19200,weekly,2020-4-30T21:00:00.000,options,put
136,1588249920000,0.65,0.65,0.55,0.55,240,,19200,weekly,2020-4-30T21:00:00.000,options,put
137,1588249980000,0.55,0.55,0.5,0.55,300,,19200,weekly,2020-4-30T21:00:00.000,options,put
138,1588250100000,0.6,0.6,0.55,0.55,120,,19200,weekly,2020-4-30T21:00:00.000,options,put
139,1588250160000,0.55,0.6,0.5,0.6,160,,19200,weekly,2020-4-30T21:00:00.000,options,put
140,1588250220000,0.6,0.6,0.55,0.55,140,,19200,weekly,2020-4-30T21:00:00.000,options,put
141,1588250400000,0.55,0.55,0.55,0.55,80,,19200,weekly,2020-4-30T21:00:00.000,options,put
142,1588250460000,0.6,0.65,0.6,0.65,300,,19200,weekly,2020-4-30T21:00:00.000,options,put
143,1588250520000,0.65,0.65,0.6,0.6,60,,19200,weekly,2020-4-30T21:00:00.000,options,put
144,1588250640000,0.6,0.6,0.6,0.6,20,,19200,weekly,2020-4-30T21:00:00.000,options,put
145,1588250700000,0.55,0.7,0.55,0.7,600,,19200,weekly,2020-4-30T21:00:00.000,options,put
146,1588250820000,0.75,0.75,0.75,0.75,20,,19200,weekly,2020-4-30T21:00:00.000,options,put
147,1588250880000,0.75,0.75,0.75,0.75,20,,19200,weekly,2020-4-30T21:00:00.000,options,put
148,1588251000000,0.6,0.6,0.6,0.6,40,,19200,weekly,2020-4-30T21:00:00.000,options,put
149,1588251060000,0.65,0.65,0.65,0.65,20,,19200,weekly,2020-4-30T21:00:00.000,options,put
150,1588251120000,0.7,0.7,0.7,0.7,40,,19200,weekly,2020-4-30T21:00:00.000,options,put
151,1588251180000,0.75,0.75,0.6,0.6,120,,19200,weekly,2020-4-30T21:00:00.000,options,put
152,1588251240000,0.65,0.65,0.65,0.65,40,,19200,weekly,2020-4-30T21:00:00.000,options,put
153,1588251360000,0.6,0.7,0.6,0.7,80,,19200,weekly,2020-4-30T21:00:00.000,options,put
154,1588251480000,0.75,0.75,0.75,0.75,40,,19200,weekly,2020-4-30T21:00:00.000,options,put
155,1588251540000,0.6,0.6,0.6,0.6,20,,19200,weekly,2020-4-30T21:00:00.000,options,put
156,1588251720000,0.55,0.6,0.55,0.6,80,,19200,weekly,2020-4-30T21:00:00.000,options,put
157,1588251780000,0.6,0.7,0.6,0.7,100,,19200,weekly,2020-4-30T21:00:00.000,options,put
158,1588251840000,0.65,0.7,0.65,0.65,200,,19200,weekly,2020-4-30T21:00:00.000,options,put
159,1588251900000,0.65,0.65,0.65,0.65,120,,19200,weekly,2020-4-30T21:00:00.000,options,put
160,1588252020000,0.65,0.7,0.5,0.7,680,,19200,weekly,2020-4-30T21:00:00.000,options,put
161,1588252080000,0.7,0.75,0.65,0.7,520,,19200,weekly,2020-4-30T21:00:00.000,options,put
162,1588252140000,0.7,0.75,0.7,0.75,980,,19200,weekly,2020-4-30T21:00:00.000,options,put
163,1588252200000,0.75,0.8,0.75,0.8,140,,19200,weekly,2020-4-30T21:00:00.000,options,put
164,1588252260000,0.8,0.8,0.75,0.8,780,,19200,weekly,2020-4-30T21:00:00.000,options,put
165,1588252320000,0.8,0.8,0.8,0.8,240,,19200,weekly,2020-4-30T21:00:00.000,options,put
166,1588252380000,0.8,0.8,0.75,0.75,140,,19200,weekly,2020-4-30T21:00:00.000,options,put
167,1588252440000,0.75,1.1,0.45,0.8,360,,19200,weekly,2020-4-30T21:00:00.000,options,put
168,1588252500000,0.7,0.75,0.6,0.75,160,,19200,weekly,2020-4-30T21:00:00.000,options,put
169,1588252560000,0.7,0.8,0.7,0.75,160,,19200,weekly,2020-4-30T21:00:00.000,options,put
170,1588252680000,0.65,0.7,0.65,0.7,60,,19200,weekly,2020-4-30T21:00:00.000,options,put
171,1588252740000,0.55,0.7,0.55,0.6,500,,19200,weekly,2020-4-30T21:00:00.000,options,put
172,1588252800000,0.65,0.8,0.6,0.8,900,,19200,weekly,2020-4-30T21:00:00.000,options,put
173,1588252860000,0.8,0.8,0.65,0.65,260,,19200,weekly,2020-4-30T21:00:00.000,options,put
174,1588252920000,0.65,0.65,0.65,0.65,40,,19200,weekly,2020-4-30T21:00:00.000,options,put
175,1588252980000,0.65,0.65,0.65,0.65,40,,19200,weekly,2020-4-30T21:00:00.000,options,put
176,1588253040000,0.7,0.8,0.5,0.75,300,,19200,weekly,2020-4-30T21:00:00.000,options,put
177,1588253100000,0.7,0.7,0.5,0.6,280,,19200,weekly,2020-4-30T21:00:00.000,options,put
178,1588253160000,0.65,0.8,0.55,0.65,300,,19200,weekly,2020-4-30T21:00:00.000,options,put
179,1588253220000,0.8,0.85,0.65,0.7,300,,19200,weekly,2020-4-30T21:00:00.000,options,put
180,1588253280000,0.7,0.7,0.7,0.7,100,,19200,weekly,2020-4-30T21:00:00.000,options,put
181,1588253340000,0.75,0.75,0.65,0.7,200,,19200,weekly,2020-4-30T21:00:00.000,options,put
182,1588253400000,0.65,0.65,0.65,0.65,80,,19200,weekly,2020-4-30T21:00:00.000,options,put
183,1588253460000,0.65,0.75,0.6,0.75,260,,19200,weekly,2020-4-30T21:00:00.000,options,put
184,1588253580000,0.8,0.8,0.8,0.8,60,,19200,weekly,2020-4-30T21:00:00.000,options,put
185,1588253640000,0.6,0.6,0.6,0.6,20,,19200,weekly,2020-4-30T21:00:00.000,options,put
186,1588253700000,0.6,0.7,0.6,0.7,80,,19200,weekly,2020-4-30T21:00:00.000,options,put
187,1588253760000,0.5,0.5,0.4,0.4,940,,19200,weekly,2020-4-30T21:00:00.000,options,put
188,1588253820000,0.45,0.45,0.4,0.4,140,,19200,weekly,2020-4-30T21:00:00.000,options,put
189,1588253880000,0.4,0.4,0.4,0.4,300,,19200,weekly,2020-4-30T21:00:00.000,options,put
190,1588253940000,0.45,0.45,0.45,0.45,280,,19200,weekly,2020-4-30T21:00:00.000,options,put
191,1588254000000,0.85,0.85,0.6,0.6,520,,19200,weekly,2020-4-30T21:00:00.000,options,put
192,1588254060000,0.6,0.6,0.6,0.6,720,,19200,weekly,2020-4-30T21:00:00.000,options,put
193,1588254120000,0.6,0.7,0.5,0.55,1100,,19200,weekly,2020-4-30T21:00:00.000,options,put
194,1588254180000,0.55,0.55,0.55,0.55,20,,19200,weekly,2020-4-30T21:00:00.000,options,put
195,1588254300000,0.55,0.55,0.55,0.55,140,,19200,weekly,2020-4-30T21:00:00.000,options,put
196,1588254360000,0.5,0.5,0.5,0.5,40,,19200,weekly,2020-4-30T21:00:00.000,options,put
197,1588254420000,0.65,0.65,0.3,0.3,520,,19200,weekly,2020-4-30T21:00:00.000,options,put
198,1588254480000,0.45,0.45,0.45,0.45,140,,19200,weekly,2020-4-30T21:00:00.000,options,put
199,1588254540000,0.5,0.5,0.45,0.5,180,,19200,weekly,2020-4-30T21:00:00.000,options,put
200,1588254600000,0.45,0.5,0.45,0.5,100,,19200,weekly,2020-4-30T21:00:00.000,options,put
201,1588254840000,0.3,0.5,0.3,0.5,100,,19200,weekly,2020-4-30T21:00:00.000,options,put
202,1588255020000,0.45,0.45,0.45,0.45,140,,19200,weekly,2020-4-30T21:00:00.000,options,put
203,1588255080000,0.55,0.55,0.55,0.55,20,,19200,weekly,2020-4-30T21:00:00.000,options,put
204,1588255140000,0.5,0.5,0.5,0.5,40,,19200,weekly,2020-4-30T21:00:00.000,options,put
205,1588255200000,0.45,0.45,0.45,0.45,100,,19200,weekly,2020-4-30T21:00:00.000,options,put
206,1588255260000,0.45,0.45,0.45,0.45,80,,19200,weekly,2020-4-30T21:00:00.000,options,put
207,1588255320000,0.3,0.4,0.3,0.4,40,,19200,weekly,2020-4-30T21:00:00.000,options,put
208,1588255380000,0.4,0.4,0.4,0.4,20,,19200,weekly,2020-4-30T21:00:00.000,options,put
209,1588255440000,0.45,0.5,0.25,0.4,500,,19200,weekly,2020-4-30T21:00:00.000,options,put
210,1588255500000,0.5,0.5,0.35,0.35,540,,19200,weekly,2020-4-30T21:00:00.000,options,put
211,1588255560000,0.25,0.35,0.25,0.25,60,,19200,weekly,2020-4-30T21:00:00.000,options,put
212,1588255920000,0.4,0.4,0.4,0.4,200,,19200,weekly,2020-4-30T21:00:00.000,options,put
213,1588256040000,0.3,0.3,0.3,0.3,60,,19200,weekly,2020-4-30T21:00:00.000,options,put
214,1588256100000,0.3,0.3,0.2,0.3,620,,19200,weekly,2020-4-30T21:00:00.000,options,put
215,1588256160000,0.3,0.35,0.3,0.35,40,,19200,weekly,2020-4-30T21:00:00.000,options,put
216,1588256220000,0.25,0.25,0.25,0.25,20,,19200,weekly,2020-4-30T21:00:00.000,options,put
217,1588256400000,0.25,0.25,0.25,0.25,40,,19200,weekly,2020-4-30T21:00:00.000,options,put
218,1588256520000,0.25,0.25,0.25,0.25,20,,19200,weekly,2020-4-30T21:00:00.000,options,put
219,1588256640000,0.3,0.3,0.25,0.25,60,,19200,weekly,2020-4-30T21:00:00.000,options,put
220,1588256760000,0.3,0.4,0.3,0.4,80,,19200,weekly,2020-4-30T21:00:00.000,options,put
221,1588256820000,0.35,0.35,0.35,0.35,20,,19200,weekly,2020-4-30T21:00:00.000,options,put
222,1588256880000,0.35,0.4,0.35,0.4,100,,19200,weekly,2020-4-30T21:00:00.000,options,put
223,1588256940000,0.2,0.2,0.2,0.2,40,,19200,weekly,2020-4-30T21:00:00.000,options,put
224,1588257000000,0.25,0.25,0.2,0.2,300,,19200,weekly,2020-4-30T21:00:00.000,options,put
225,1588257060000,0.15,0.35,0.15,0.35,640,,19200,weekly,2020-4-30T21:00:00.000,options,put
226,1588257120000,0.15,0.2,0.15,0.2,380,,19200,weekly,2020-4-30T21:00:00.000,options,put
227,1588257180000,0.2,0.3,0.2,0.3,160,,19200,weekly,2020-4-30T21:00:00.000,options,put
228,1588257240000,0.15,0.15,0.15,0.15,100,,19200,weekly,2020-4-30T21:00:00.000,options,put
229,1588257300000,0.2,0.2,0.2,0.2,20,,19200,weekly,2020-4-30T21:00:00.000,options,put
230,1588257360000,0.2,0.3,0.2,0.3,60,,19200,weekly,2020-4-30T21:00:00.000,options,put
231,1588257420000,0.4,0.4,0.4,0.4,20,,19200,weekly,2020-4-30T21:00:00.000,options,put
232,1588257660000,0.15,0.15,0.15,0.15,20,,19200,weekly,2020-4-30T21:00:00.000,options,put
233,1588257720000,0.15,0.15,0.15,0.15,120,,19200,weekly,2020-4-30T21:00:00.000,options,put
234,1588257780000,0.15,0.15,0.15,0.15,1020,,19200,weekly,2020-4-30T21:00:00.000,options,put
235,1588257900000,0.15,0.15,0.15,0.15,220,,19200,weekly,2020-4-30T21:00:00.000,options,put
236,1588258020000,0.15,0.15,0.15,0.15,20,,19200,weekly,2020-4-30T21:00:00.000,options,put
237,1588258140000,0.15,0.35,0.15,0.25,140,,19200,weekly,2020-4-30T21:00:00.000,options,put
238,1588258200000,0.2,0.2,0.2,0.2,20,,19200,weekly,2020-4-30T21:00:00.000,options,put
239,1588258380000,0.35,0.35,0.15,0.15,100,,19200,weekly,2020-4-30T21:00:00.000,options,put
240,1588258440000,0.25,0.25,0.25,0.25,80,,19200,weekly,2020-4-30T21:00:00.000,options,put
241,1588258500000,0.15,0.15,0.15,0.15,20,,19200,weekly,2020-4-30T21:00:00.000,options,put
242,1588258620000,0.1,0.2,0.1,0.2,1580,,19200,weekly,2020-4-30T21:00:00.000,options,put
243,1588258740000,0.25,0.25,0.25,0.25,20,,19200,weekly,2020-4-30T21:00:00.000,options,put
244,1588258920000,0.15,0.15,0.15,0.15,20,,19200,weekly,2020-4-30T21:00:00.000,options,put
245,1588258980000,0.2,0.2,0.2,0.2,160,,19200,weekly,2020-4-30T21:00:00.000,options,put
246,1588259040000,0.15,0.15,0.1,0.1,200,,19200,weekly,2020-4-30T21:00:00.000,options,put
247,1588259100000,0.05,0.05,0.05,0.05,100,,19200,weekly,2020-4-30T21:00:00.000,options,put
248,1588259280000,0.2,0.25,0.2,0.25,400,,19200,weekly,2020-4-30T21:00:00.000,options,put
249,1588259460000,0.1,0.1,0.1,0.1,20,,19200,weekly,2020-4-30T21:00:00.000,options,put
250,1588259520000,0.1,0.1,0.1,0.1,20,,19200,weekly,2020-4-30T21:00:00.000,options,put
251,1588259580000,0.05,0.05,0.05,0.05,500,,19200,weekly,2020-4-30T21:00:00.000,options,put
252,1588259640000,0.05,0.05,0.05,0.05,60,,19200,weekly,2020-4-30T21:00:00.000,options,put
253,1588259700000,0.1,0.1,0.1,0.1,20,,19200,weekly,2020-4-30T21:00:00.000,options,put
254,1588259760000,0.2,0.2,0.2,0.2,40,,19200,weekly,2020-4-30T21:00:00.000,options,put
255,1588259820000,0.1,0.1,0.1,0.1,60,,19200,weekly,2020-4-30T21:00:00.000,options,put
256,1588259880000,0.2,0.2,0.2,0.2,80,,19200,weekly,2020-4-30T21:00:00.000,options,put
257,1588260120000,0.1,0.1,0.1,0.1,20,,19200,weekly,2020-4-30T21:00:00.000,options,put
258,1588260180000,0.1,0.1,0.1,0.1,60,,19200,weekly,2020-4-30T21:00:00.000,options,put
259,1588260240000,0.05,0.1,0.05,0.1,220,,19200,weekly,2020-4-30T21:00:00.000,options,put
260,1588260300000,0.1,0.1,0.1,0.1,20,,19200,weekly,2020-4-30T21:00:00.000,options,put
261,1588260360000,0.05,0.05,0.05,0.05,20,,19200,weekly,2020-4-30T21:00:00.000,options,put
262,1588260480000,0.05,0.05,0.05,0.05,240,,19200,weekly,2020-4-30T21:00:00.000,options,put
