,timestamp,open,high,low,close,volume,open_interest,strike,expiry_type,expiry,instrument,contract_type
0,1665566100000,32.5,32.5,23.45,27.9,150875,374825,37600,weekly,2022-10-13T21:00:00.000,options,put
1,1665566160000,28.3,31.9,27.15,27.7,135725,374825,37600,weekly,2022-10-13T21:00:00.000,options,put
2,1665566220000,28.25,28.8,25.45,25.45,157950,432250,37600,weekly,2022-10-13T21:00:00.000,options,put
3,1665566280000,25.4,25.65,22.55,23.1,143700,432250,37600,weekly,2022-10-13T21:00:00.000,options,put
4,1665566340000,22.7,25.1,21.7,22.35,132600,432250,37600,weekly,2022-10-13T21:00:00.000,options,put
5,1665566400000,22.35,23.85,21.65,22.15,93475,493000,37600,weekly,2022-10-13T21:00:00.000,options,put
6,1665566460000,22.05,24.15,22.05,22.85,120450,493000,37600,weekly,2022-10-13T21:00:00.000,options,put
7,1665566520000,23.0,23.0,18.7,19.1,150400,493000,37600,weekly,2022-10-13T21:00:00.000,options,put
8,1665566580000,19.0,19.6,18.25,18.75,104375,492200,37600,weekly,2022-10-13T21:00:00.000,options,put
9,1665566640000,18.85,19.35,18.0,18.2,59200,492200,37600,weekly,2022-10-13T21:00:00.000,options,put
10,1665566700000,17.85,18.05,16.25,16.5,90350,492200,37600,weekly,2022-10-13T21:00:00.000,options,put
11,1665566760000,16.3,16.85,15.85,16.7,79550,471750,37600,weekly,2022-10-13T21:00:00.000,options,put
12,1665566820000,16.6,16.85,15.8,16.0,73175,471750,37600,weekly,2022-10-13T21:00:00.000,options,put
13,1665566880000,16.0,17.1,15.6,16.05,76725,471750,37600,weekly,2022-10-13T21:00:00.000,options,put
14,1665566940000,16.15,16.15,15.15,15.4,54650,476925,37600,weekly,2022-10-13T21:00:00.000,options,put
15,1665567000000,15.2,16.1,15.1,16.05,75025,476925,37600,weekly,2022-10-13T21:00:00.000,options,put
16,1665567060000,16.0,17.1,16.0,16.6,84475,476925,37600,weekly,2022-10-13T21:00:00.000,options,put
17,1665567120000,16.75,16.85,15.3,15.5,63400,488175,37600,weekly,2022-10-13T21:00:00.000,options,put
18,1665567180000,15.55,16.65,14.45,14.5,96375,488175,37600,weekly,2022-10-13T21:00:00.000,options,put
19,1665567240000,14.3,15.85,14.3,15.45,75900,488175,37600,weekly,2022-10-13T21:00:00.000,options,put
20,1665567300000,15.3,15.9,14.85,15.0,42800,520900,37600,weekly,2022-10-13T21:00:00.000,options,put
21,1665567360000,14.95,15.3,14.45,14.6,54250,520900,37600,weekly,2022-10-13T21:00:00.000,options,put
22,1665567420000,14.65,15.15,14.35,14.95,59400,520900,37600,weekly,2022-10-13T21:00:00.000,options,put
23,1665567480000,15.1,15.15,14.3,14.5,38200,528775,37600,weekly,2022-10-13T21:00:00.000,options,put
24,1665567540000,14.45,15.1,14.35,14.45,30700,528775,37600,weekly,2022-10-13T21:00:00.000,options,put
25,1665567600000,14.45,14.6,14.0,14.05,39075,528775,37600,weekly,2022-10-13T21:00:00.000,options,put
26,1665567660000,14.05,14.4,13.65,13.95,44225,536950,37600,weekly,2022-10-13T21:00:00.000,options,put
27,1665567720000,13.75,13.9,13.5,13.6,41675,536950,37600,weekly,2022-10-13T21:00:00.000,options,put
28,1665567780000,13.55,14.2,13.45,14.05,39825,536950,37600,weekly,2022-10-13T21:00:00.000,options,put
29,1665567840000,14.1,14.25,13.8,14.05,29025,536750,37600,weekly,2022-10-13T21:00:00.000,options,put
30,1665567900000,14.0,14.05,12.85,13.45,58200,536750,37600,weekly,2022-10-13T21:00:00.000,options,put
31,1665567960000,13.45,14.85,13.35,14.2,36350,536750,37600,weekly,2022-10-13T21:00:00.000,options,put
32,1665568020000,14.4,14.95,14.4,14.75,28400,532900,37600,weekly,2022-10-13T21:00:00.000,options,put
33,1665568080000,14.8,14.8,14.3,14.55,33625,532900,37600,weekly,2022-10-13T21:00:00.000,options,put
34,1665568140000,14.55,14.75,14.2,14.35,30550,532900,37600,weekly,2022-10-13T21:00:00.000,options,put
35,1665568200000,14.3,14.35,13.7,13.8,25625,537450,37600,weekly,2022-10-13T21:00:00.000,options,put
36,1665568260000,13.65,13.9,12.25,12.5,56650,537450,37600,weekly,2022-10-13T21:00:00.000,options,put
37,1665568320000,12.25,12.95,12.15,12.6,86825,537450,37600,weekly,2022-10-13T21:00:00.000,options,put
38,1665568380000,12.6,13.3,12.4,13.1,38800,535075,37600,weekly,2022-10-13T21:00:00.000,options,put
39,1665568440000,12.95,13.1,12.5,12.5,39100,535075,37600,weekly,2022-10-13T21:00:00.000,options,put
40,1665568500000,12.5,12.95,12.4,12.75,42125,535075,37600,weekly,2022-10-13T21:00:00.000,options,put
41,1665568560000,12.8,12.85,12.25,12.7,46325,539450,37600,weekly,2022-10-13T21:00:00.000,options,put
42,1665568620000,12.6,12.8,12.45,12.6,33100,539450,37600,weekly,2022-10-13T21:00:00.000,options,put
43,1665568680000,12.6,12.65,12.3,12.65,25875,539450,37600,weekly,2022-10-13T21:00:00.000,options,put
44,1665568740000,12.65,12.7,12.3,12.3,29025,549525,37600,weekly,2022-10-13T21:00:00.000,options,put
45,1665568800000,12.25,12.65,12.05,12.45,31550,549525,37600,weekly,2022-10-13T21:00:00.000,options,put
46,1665568860000,12.4,12.75,12.35,12.65,21250,549525,37600,weekly,2022-10-13T21:00:00.000,options,put
47,1665568920000,12.7,13.6,12.7,13.6,62850,543925,37600,weekly,2022-10-13T21:00:00.000,options,put
48,1665568980000,13.6,14.05,13.55,13.55,40725,543925,37600,weekly,2022-10-13T21:00:00.000,options,put
49,1665569040000,13.55,14.05,13.4,13.9,24350,543925,37600,weekly,2022-10-13T21:00:00.000,options,put
50,1665569100000,13.8,24.8,13.75,19.15,250500,543200,37600,weekly,2022-10-13T21:00:00.000,options,put
51,1665569160000,19.35,20.25,15.65,16.5,148275,543200,37600,weekly,2022-10-13T21:00:00.000,options,put
52,1665569220000,16.65,19.3,16.5,19.0,69125,543200,37600,weekly,2022-10-13T21:00:00.000,options,put
53,1665569280000,19.25,19.3,16.95,18.5,78025,519400,37600,weekly,2022-10-13T21:00:00.000,options,put
54,1665569340000,18.65,19.75,18.45,19.2,66500,519400,37600,weekly,2022-10-13T21:00:00.000,options,put
55,1665569400000,19.45,20.15,18.4,19.15,54625,519400,37600,weekly,2022-10-13T21:00:00.000,options,put
56,1665569460000,19.25,19.35,17.15,17.25,41525,519350,37600,weekly,2022-10-13T21:00:00.000,options,put
57,1665569520000,17.1,17.45,16.05,16.2,41850,519350,37600,weekly,2022-10-13T21:00:00.000,options,put
58,1665569580000,16.05,18.4,16.05,17.3,47925,519350,37600,weekly,2022-10-13T21:00:00.000,options,put
59,1665569640000,17.3,17.85,16.5,17.8,38850,518775,37600,weekly,2022-10-13T21:00:00.000,options,put
60,1665569700000,17.8,18.75,17.35,18.25,30125,518775,37600,weekly,2022-10-13T21:00:00.000,options,put
61,1665569760000,18.25,18.65,17.5,17.85,45100,518775,37600,weekly,2022-10-13T21:00:00.000,options,put
62,1665569820000,17.9,17.9,16.3,17.15,43575,521225,37600,weekly,2022-10-13T21:00:00.000,options,put
63,1665569880000,17.05,17.2,15.15,15.15,61725,521225,37600,weekly,2022-10-13T21:00:00.000,options,put
64,1665569940000,15.25,16.45,14.4,15.95,82600,521225,37600,weekly,2022-10-13T21:00:00.000,options,put
65,1665570000000,15.7,16.0,15.1,16.0,30925,511725,37600,weekly,2022-10-13T21:00:00.000,options,put
66,1665570060000,15.95,16.65,14.6,15.15,45500,511725,37600,weekly,2022-10-13T21:00:00.000,options,put
67,1665570120000,15.15,15.3,13.6,14.25,75325,511725,37600,weekly,2022-10-13T21:00:00.000,options,put
68,1665570180000,14.2,14.45,13.85,13.85,35500,490625,37600,weekly,2022-10-13T21:00:00.000,options,put
69,1665570240000,13.75,14.6,13.5,14.0,52575,490625,37600,weekly,2022-10-13T21:00:00.000,options,put
70,1665570300000,14.05,14.55,13.55,14.3,46400,490625,37600,weekly,2022-10-13T21:00:00.000,options,put
71,1665570360000,14.25,14.55,13.95,14.2,23500,516325,37600,weekly,2022-10-13T21:00:00.000,options,put
72,1665570420000,14.15,14.65,13.65,14.65,21975,516325,37600,weekly,2022-10-13T21:00:00.000,options,put
73,1665570480000,14.6,15.0,14.35,14.45,34125,516325,37600,weekly,2022-10-13T21:00:00.000,options,put
74,1665570540000,14.5,14.55,13.1,13.45,46400,523250,37600,weekly,2022-10-13T21:00:00.000,options,put
75,1665570600000,13.35,13.85,12.8,13.75,39125,523250,37600,weekly,2022-10-13T21:00:00.000,options,put
76,1665570660000,13.75,14.35,13.65,13.75,26350,523250,37600,weekly,2022-10-13T21:00:00.000,options,put
77,1665570720000,13.75,14.65,13.65,14.6,36125,523400,37600,weekly,2022-10-13T21:00:00.000,options,put
78,1665570780000,14.65,15.2,14.35,14.7,33075,523400,37600,weekly,2022-10-13T21:00:00.000,options,put
79,1665570840000,14.8,15.0,14.55,14.55,27225,523400,37600,weekly,2022-10-13T21:00:00.000,options,put
80,1665570900000,14.55,15.4,14.5,14.85,34075,538700,37600,weekly,2022-10-13T21:00:00.000,options,put
81,1665570960000,14.85,15.65,14.7,15.2,25075,538700,37600,weekly,2022-10-13T21:00:00.000,options,put
82,1665571020000,15.2,15.65,14.85,15.55,19750,538700,37600,weekly,2022-10-13T21:00:00.000,options,put
83,1665571080000,15.55,16.25,14.95,15.8,23450,536575,37600,weekly,2022-10-13T21:00:00.000,options,put
84,1665571140000,15.9,16.15,15.4,15.75,49250,536575,37600,weekly,2022-10-13T21:00:00.000,options,put
85,1665571200000,15.8,16.05,14.65,14.7,30475,536575,37600,weekly,2022-10-13T21:00:00.000,options,put
86,1665571260000,14.7,16.1,14.45,15.05,45500,525150,37600,weekly,2022-10-13T21:00:00.000,options,put
87,1665571320000,15.1,15.9,15.0,15.65,33500,525150,37600,weekly,2022-10-13T21:00:00.000,options,put
88,1665571380000,15.9,16.0,14.0,14.5,41350,525150,37600,weekly,2022-10-13T21:00:00.000,options,put
89,1665571440000,14.35,15.6,14.15,15.45,32975,534700,37600,weekly,2022-10-13T21:00:00.000,options,put
90,1665571500000,15.5,16.1,15.1,15.25,24175,534700,37600,weekly,2022-10-13T21:00:00.000,options,put
91,1665571560000,15.3,17.3,15.15,16.9,33525,534700,37600,weekly,2022-10-13T21:00:00.000,options,put
92,1665571620000,17.0,17.4,16.3,16.6,47150,540825,37600,weekly,2022-10-13T21:00:00.000,options,put
93,1665571680000,16.9,17.75,16.65,17.7,38475,540825,37600,weekly,2022-10-13T21:00:00.000,options,put
94,1665571740000,18.0,19.9,17.55,19.9,80275,540825,37600,weekly,2022-10-13T21:00:00.000,options,put
95,1665571800000,19.6,21.4,18.95,20.15,118100,517950,37600,weekly,2022-10-13T21:00:00.000,options,put
96,1665571860000,20.2,20.35,18.35,18.4,56800,517950,37600,weekly,2022-10-13T21:00:00.000,options,put
97,1665571920000,18.4,21.1,18.05,20.5,55725,517950,37600,weekly,2022-10-13T21:00:00.000,options,put
98,1665571980000,20.6,20.9,19.4,19.7,34400,528875,37600,weekly,2022-10-13T21:00:00.000,options,put
99,1665572040000,19.75,20.15,18.6,19.65,45550,528875,37600,weekly,2022-10-13T21:00:00.000,options,put
100,1665572100000,19.65,19.95,17.2,17.3,36550,528875,37600,weekly,2022-10-13T21:00:00.000,options,put
101,1665572160000,17.35,18.35,16.65,17.9,59250,527200,37600,weekly,2022-10-13T21:00:00.000,options,put
102,1665572220000,17.95,20.4,17.85,20.25,41450,527200,37600,weekly,2022-10-13T21:00:00.000,options,put
103,1665572280000,20.1,21.9,19.85,21.35,67250,527200,37600,weekly,2022-10-13T21:00:00.000,options,put
104,1665572340000,21.95,22.2,19.25,19.6,58975,535975,37600,weekly,2022-10-13T21:00:00.000,options,put
105,1665572400000,19.25,20.45,17.45,17.45,70200,535975,37600,weekly,2022-10-13T21:00:00.000,options,put
106,1665572460000,17.5,18.15,16.45,17.0,66225,535975,37600,weekly,2022-10-13T21:00:00.000,options,put
107,1665572520000,17.1,17.65,16.3,17.05,79875,512050,37600,weekly,2022-10-13T21:00:00.000,options,put
108,1665572580000,16.9,18.05,16.4,17.9,33700,512050,37600,weekly,2022-10-13T21:00:00.000,options,put
109,1665572640000,18.0,18.45,17.5,18.25,23950,512050,37600,weekly,2022-10-13T21:00:00.000,options,put
110,1665572700000,17.75,17.75,16.2,17.05,30050,527175,37600,weekly,2022-10-13T21:00:00.000,options,put
111,1665572760000,16.95,17.95,16.55,17.4,20975,527175,37600,weekly,2022-10-13T21:00:00.000,options,put
112,1665572820000,17.55,19.35,17.35,18.25,40675,527175,37600,weekly,2022-10-13T21:00:00.000,options,put
113,1665572880000,18.35,19.0,17.45,18.0,27625,528125,37600,weekly,2022-10-13T21:00:00.000,options,put
114,1665572940000,18.0,19.4,18.0,19.1,21725,528125,37600,weekly,2022-10-13T21:00:00.000,options,put
115,1665573000000,19.0,20.35,18.8,19.65,39925,528125,37600,weekly,2022-10-13T21:00:00.000,options,put
116,1665573060000,19.7,20.05,18.8,19.85,18725,532525,37600,weekly,2022-10-13T21:00:00.000,options,put
117,1665573120000,20.25,20.8,18.05,18.15,44075,532525,37600,weekly,2022-10-13T21:00:00.000,options,put
118,1665573180000,18.35,18.4,16.45,17.65,38825,532525,37600,weekly,2022-10-13T21:00:00.000,options,put
119,1665573240000,17.6,18.3,16.75,16.75,23575,541975,37600,weekly,2022-10-13T21:00:00.000,options,put
120,1665573300000,16.75,16.9,15.75,16.2,47900,541975,37600,weekly,2022-10-13T21:00:00.000,options,put
121,1665573360000,16.1,17.85,15.65,16.6,39375,541975,37600,weekly,2022-10-13T21:00:00.000,options,put
122,1665573420000,16.45,17.25,15.95,16.2,27275,542875,37600,weekly,2022-10-13T21:00:00.000,options,put
123,1665573480000,16.05,16.6,15.4,15.7,39225,542875,37600,weekly,2022-10-13T21:00:00.000,options,put
124,1665573540000,15.6,16.6,15.35,16.2,22550,542875,37600,weekly,2022-10-13T21:00:00.000,options,put
125,1665573600000,16.25,17.5,16.15,17.3,21525,544900,37600,weekly,2022-10-13T21:00:00.000,options,put
126,1665573660000,17.35,17.6,16.2,16.35,19575,544900,37600,weekly,2022-10-13T21:00:00.000,options,put
127,1665573720000,16.35,16.95,16.1,16.1,30925,544900,37600,weekly,2022-10-13T21:00:00.000,options,put
128,1665573780000,16.2,16.35,15.35,15.85,37000,537775,37600,weekly,2022-10-13T21:00:00.000,options,put
129,1665573840000,15.85,16.05,15.0,15.75,61250,537775,37600,weekly,2022-10-13T21:00:00.000,options,put
130,1665573900000,15.45,16.75,15.15,16.35,35225,537775,37600,weekly,2022-10-13T21:00:00.000,options,put
131,1665573960000,16.3,16.7,15.3,15.95,17425,551575,37600,weekly,2022-10-13T21:00:00.000,options,put
132,1665574020000,16.05,16.6,15.9,16.15,19550,551575,37600,weekly,2022-10-13T21:00:00.000,options,put
133,1665574080000,16.15,16.55,16.15,16.35,11975,551575,37600,weekly,2022-10-13T21:00:00.000,options,put
134,1665574140000,16.45,16.9,16.15,16.65,22875,552700,37600,weekly,2022-10-13T21:00:00.000,options,put
135,1665574200000,16.7,17.15,15.6,15.6,14500,552700,37600,weekly,2022-10-13T21:00:00.000,options,put
136,1665574260000,15.6,15.7,14.4,15.35,41075,552700,37600,weekly,2022-10-13T21:00:00.000,options,put
137,1665574320000,15.25,15.45,14.8,15.45,16875,552850,37600,weekly,2022-10-13T21:00:00.000,options,put
138,1665574380000,15.45,16.4,15.35,16.2,24375,552850,37600,weekly,2022-10-13T21:00:00.000,options,put
139,1665574440000,16.2,17.45,15.8,17.2,41775,552850,37600,weekly,2022-10-13T21:00:00.000,options,put
140,1665574500000,17.55,17.7,16.5,16.95,27325,569250,37600,weekly,2022-10-13T21:00:00.000,options,put
141,1665574560000,16.9,17.15,15.6,15.7,27450,569250,37600,weekly,2022-10-13T21:00:00.000,options,put
142,1665574620000,15.5,16.1,14.2,15.25,39225,569250,37600,weekly,2022-10-13T21:00:00.000,options,put
143,1665574680000,15.25,16.0,15.05,15.95,24275,579025,37600,weekly,2022-10-13T21:00:00.000,options,put
144,1665574740000,15.85,16.1,15.0,15.0,11350,579025,37600,weekly,2022-10-13T21:00:00.000,options,put
145,1665574800000,14.65,15.3,14.55,14.75,31400,579025,37600,weekly,2022-10-13T21:00:00.000,options,put
146,1665574860000,14.7,14.85,13.7,13.75,36450,572475,37600,weekly,2022-10-13T21:00:00.000,options,put
147,1665574920000,13.8,14.55,13.7,14.05,29575,572475,37600,weekly,2022-10-13T21:00:00.000,options,put
148,1665574980000,14.15,14.8,14.15,14.3,15175,572475,37600,weekly,2022-10-13T21:00:00.000,options,put
149,1665575040000,14.3,14.35,13.5,14.1,22850,573100,37600,weekly,2022-10-13T21:00:00.000,options,put
150,1665575100000,13.95,14.0,13.1,13.35,29275,573100,37600,weekly,2022-10-13T21:00:00.000,options,put
151,1665575160000,13.4,13.85,13.15,13.75,22075,573100,37600,weekly,2022-10-13T21:00:00.000,options,put
152,1665575220000,13.75,14.45,13.75,14.2,20275,587325,37600,weekly,2022-10-13T21:00:00.000,options,put
153,1665575280000,14.2,14.4,13.95,14.4,10350,587325,37600,weekly,2022-10-13T21:00:00.000,options,put
154,1665575340000,14.35,15.05,14.3,15.0,17900,587325,37600,weekly,2022-10-13T21:00:00.000,options,put
155,1665575400000,15.0,15.7,14.95,15.25,22675,590725,37600,weekly,2022-10-13T21:00:00.000,options,put
156,1665575460000,15.2,16.25,15.15,16.0,18125,590725,37600,weekly,2022-10-13T21:00:00.000,options,put
157,1665575520000,16.0,16.65,15.8,16.4,14900,590725,37600,weekly,2022-10-13T21:00:00.000,options,put
158,1665575580000,16.25,16.6,16.05,16.35,7850,592325,37600,weekly,2022-10-13T21:00:00.000,options,put
159,1665575640000,16.45,16.45,15.25,15.4,9425,592325,37600,weekly,2022-10-13T21:00:00.000,options,put
160,1665575700000,15.45,15.75,14.25,14.5,16150,592325,37600,weekly,2022-10-13T21:00:00.000,options,put
161,1665575760000,14.65,15.2,14.1,14.1,13825,591225,37600,weekly,2022-10-13T21:00:00.000,options,put
162,1665575820000,14.1,14.15,13.6,13.8,19225,591225,37600,weekly,2022-10-13T21:00:00.000,options,put
163,1665575880000,13.9,14.2,13.7,13.95,11100,591225,37600,weekly,2022-10-13T21:00:00.000,options,put
164,1665575940000,13.65,14.05,13.5,13.75,20525,590525,37600,weekly,2022-10-13T21:00:00.000,options,put
165,1665576000000,13.55,13.75,13.1,13.3,24575,590525,37600,weekly,2022-10-13T21:00:00.000,options,put
166,1665576060000,13.2,14.0,12.95,14.0,43825,590525,37600,weekly,2022-10-13T21:00:00.000,options,put
167,1665576120000,14.0,14.05,13.2,13.2,15475,592275,37600,weekly,2022-10-13T21:00:00.000,options,put
168,1665576180000,13.2,13.25,12.8,12.95,25725,592275,37600,weekly,2022-10-13T21:00:00.000,options,put
169,1665576240000,13.05,13.05,12.35,12.6,30875,592275,37600,weekly,2022-10-13T21:00:00.000,options,put
170,1665576300000,12.75,13.15,12.4,13.0,27425,594875,37600,weekly,2022-10-13T21:00:00.000,options,put
171,1665576360000,12.9,13.05,12.75,12.75,18650,594875,37600,weekly,2022-10-13T21:00:00.000,options,put
172,1665576420000,12.75,13.7,12.7,13.5,21475,594875,37600,weekly,2022-10-13T21:00:00.000,options,put
173,1665576480000,13.5,14.05,13.35,13.5,23200,598100,37600,weekly,2022-10-13T21:00:00.000,options,put
174,1665576540000,13.4,13.7,13.2,13.4,9275,598100,37600,weekly,2022-10-13T21:00:00.000,options,put
175,1665576600000,13.4,13.4,12.9,13.25,19175,598100,37600,weekly,2022-10-13T21:00:00.000,options,put
176,1665576660000,13.25,13.7,13.2,13.55,6200,603350,37600,weekly,2022-10-13T21:00:00.000,options,put
177,1665576720000,13.45,13.85,13.1,13.2,10725,603350,37600,weekly,2022-10-13T21:00:00.000,options,put
178,1665576780000,13.2,13.85,13.05,13.2,16075,603350,37600,weekly,2022-10-13T21:00:00.000,options,put
179,1665576840000,13.1,13.6,13.05,13.55,18075,604175,37600,weekly,2022-10-13T21:00:00.000,options,put
180,1665576900000,13.5,13.95,13.2,13.7,24350,604175,37600,weekly,2022-10-13T21:00:00.000,options,put
181,1665576960000,13.7,13.75,13.3,13.3,23475,604175,37600,weekly,2022-10-13T21:00:00.000,options,put
182,1665577020000,13.3,13.55,13.15,13.45,33525,583750,37600,weekly,2022-10-13T21:00:00.000,options,put
183,1665577080000,13.5,13.95,13.5,13.7,13925,583750,37600,weekly,2022-10-13T21:00:00.000,options,put
184,1665577140000,13.8,14.65,13.75,14.3,23825,583750,37600,weekly,2022-10-13T21:00:00.000,options,put
185,1665577200000,14.2,14.8,14.05,14.4,13025,574725,37600,weekly,2022-10-13T21:00:00.000,options,put
186,1665577260000,14.5,14.5,13.95,14.15,14850,574725,37600,weekly,2022-10-13T21:00:00.000,options,put
187,1665577320000,14.15,14.5,13.55,13.55,9725,574725,37600,weekly,2022-10-13T21:00:00.000,options,put
188,1665577380000,13.65,13.95,13.25,13.8,15500,577550,37600,weekly,2022-10-13T21:00:00.000,options,put
189,1665577440000,13.8,14.2,13.65,13.95,11425,577550,37600,weekly,2022-10-13T21:00:00.000,options,put
190,1665577500000,13.9,14.25,13.65,14.0,6300,577550,37600,weekly,2022-10-13T21:00:00.000,options,put
191,1665577560000,14.05,14.2,13.8,13.95,3550,578800,37600,weekly,2022-10-13T21:00:00.000,options,put
192,1665577620000,14.05,14.3,13.65,14.05,7225,578800,37600,weekly,2022-10-13T21:00:00.000,options,put
193,1665577680000,14.05,14.15,13.3,13.45,12825,578800,37600,weekly,2022-10-13T21:00:00.000,options,put
194,1665577740000,13.6,13.75,12.6,12.7,23500,586375,37600,weekly,2022-10-13T21:00:00.000,options,put
195,1665577800000,12.6,13.55,12.5,13.25,25375,586375,37600,weekly,2022-10-13T21:00:00.000,options,put
196,1665577860000,13.35,13.6,12.9,13.6,11775,586375,37600,weekly,2022-10-13T21:00:00.000,options,put
197,1665577920000,13.55,13.85,13.2,13.3,13450,589500,37600,weekly,2022-10-13T21:00:00.000,options,put
198,1665577980000,13.35,13.7,13.35,13.45,9500,589500,37600,weekly,2022-10-13T21:00:00.000,options,put
199,1665578040000,13.45,13.8,13.4,13.55,8200,589500,37600,weekly,2022-10-13T21:00:00.000,options,put
200,1665578100000,13.55,13.55,13.15,13.55,8850,592725,37600,weekly,2022-10-13T21:00:00.000,options,put
201,1665578160000,13.6,13.7,12.4,12.55,44450,592725,37600,weekly,2022-10-13T21:00:00.000,options,put
202,1665578220000,12.65,13.35,12.65,12.95,28675,592725,37600,weekly,2022-10-13T21:00:00.000,options,put
203,1665578280000,13.0,13.75,13.0,13.55,14375,591750,37600,weekly,2022-10-13T21:00:00.000,options,put
204,1665578340000,13.55,13.6,13.05,13.3,10675,591750,37600,weekly,2022-10-13T21:00:00.000,options,put
205,1665578400000,13.35,14.0,13.15,14.0,18400,591750,37600,weekly,2022-10-13T21:00:00.000,options,put
206,1665578460000,14.0,14.2,13.65,14.05,18625,595650,37600,weekly,2022-10-13T21:00:00.000,options,put
207,1665578520000,14.0,14.1,13.6,13.8,10525,595650,37600,weekly,2022-10-13T21:00:00.000,options,put
208,1665578580000,13.8,14.0,13.7,13.8,11450,595650,37600,weekly,2022-10-13T21:00:00.000,options,put
209,1665578640000,13.65,13.75,13.05,13.1,15075,596175,37600,weekly,2022-10-13T21:00:00.000,options,put
210,1665578700000,13.2,13.8,13.15,13.6,14200,596175,37600,weekly,2022-10-13T21:00:00.000,options,put
211,1665578760000,13.5,13.8,13.15,13.4,7150,596175,37600,weekly,2022-10-13T21:00:00.000,options,put
212,1665578820000,13.5,13.85,13.5,13.7,6750,595325,37600,weekly,2022-10-13T21:00:00.000,options,put
213,1665578880000,13.7,13.75,13.4,13.6,7100,595325,37600,weekly,2022-10-13T21:00:00.000,options,put
214,1665578940000,13.35,13.7,13.2,13.7,5900,595325,37600,weekly,2022-10-13T21:00:00.000,options,put
215,1665579000000,13.7,13.75,13.15,13.45,11650,596125,37600,weekly,2022-10-13T21:00:00.000,options,put
216,1665579060000,13.45,13.7,12.85,13.05,17900,596125,37600,weekly,2022-10-13T21:00:00.000,options,put
217,1665579120000,13.05,13.3,12.65,13.05,18050,596125,37600,weekly,2022-10-13T21:00:00.000,options,put
218,1665579180000,13.05,13.25,12.9,13.0,12775,595425,37600,weekly,2022-10-13T21:00:00.000,options,put
219,1665579240000,13.0,13.25,12.85,12.85,9975,595425,37600,weekly,2022-10-13T21:00:00.000,options,put
220,1665579300000,12.85,12.95,12.55,12.85,18350,595425,37600,weekly,2022-10-13T21:00:00.000,options,put
221,1665579360000,12.85,14.0,12.75,14.0,45375,593875,37600,weekly,2022-10-13T21:00:00.000,options,put
222,1665579420000,14.2,14.3,13.85,14.15,25325,593875,37600,weekly,2022-10-13T21:00:00.000,options,put
223,1665579480000,14.15,15.3,13.95,15.3,34225,593875,37600,weekly,2022-10-13T21:00:00.000,options,put
224,1665579540000,15.4,15.65,14.85,15.4,37775,600050,37600,weekly,2022-10-13T21:00:00.000,options,put
225,1665579600000,15.5,16.2,15.2,16.2,45100,600050,37600,weekly,2022-10-13T21:00:00.000,options,put
226,1665579660000,16.2,16.4,15.45,15.75,37000,600050,37600,weekly,2022-10-13T21:00:00.000,options,put
227,1665579720000,15.65,16.25,15.35,15.9,19450,609825,37600,weekly,2022-10-13T21:00:00.000,options,put
228,1665579780000,15.8,15.9,14.7,15.15,25475,609825,37600,weekly,2022-10-13T21:00:00.000,options,put
229,1665579840000,15.2,15.2,14.2,14.35,16600,609825,37600,weekly,2022-10-13T21:00:00.000,options,put
230,1665579900000,14.35,14.4,13.3,13.65,21400,604050,37600,weekly,2022-10-13T21:00:00.000,options,put
231,1665579960000,13.75,15.05,13.65,14.65,35800,604050,37600,weekly,2022-10-13T21:00:00.000,options,put
232,1665580020000,14.7,14.9,13.55,14.0,33050,604050,37600,weekly,2022-10-13T21:00:00.000,options,put
233,1665580080000,14.0,14.8,14.0,14.7,27050,641225,37600,weekly,2022-10-13T21:00:00.000,options,put
234,1665580140000,14.4,14.85,14.3,14.45,22875,641225,37600,weekly,2022-10-13T21:00:00.000,options,put
235,1665580200000,14.2,14.65,14.15,14.65,24000,641225,37600,weekly,2022-10-13T21:00:00.000,options,put
236,1665580260000,14.7,15.15,14.45,15.0,13775,659525,37600,weekly,2022-10-13T21:00:00.000,options,put
237,1665580320000,15.0,15.35,14.8,14.8,17150,659525,37600,weekly,2022-10-13T21:00:00.000,options,put
238,1665580380000,14.9,15.3,14.6,15.15,12375,659525,37600,weekly,2022-10-13T21:00:00.000,options,put
239,1665580440000,15.15,15.4,14.5,14.5,18300,667875,37600,weekly,2022-10-13T21:00:00.000,options,put
240,1665580500000,14.65,14.75,13.8,14.35,25825,667875,37600,weekly,2022-10-13T21:00:00.000,options,put
241,1665580560000,14.25,14.5,13.85,14.0,12500,667875,37600,weekly,2022-10-13T21:00:00.000,options,put
242,1665580620000,14.2,14.45,13.4,13.45,18475,656000,37600,weekly,2022-10-13T21:00:00.000,options,put
243,1665580680000,13.4,13.6,12.55,13.4,25150,656000,37600,weekly,2022-10-13T21:00:00.000,options,put
244,1665580740000,13.25,14.3,13.25,14.3,11450,656000,37600,weekly,2022-10-13T21:00:00.000,options,put
245,1665580800000,14.3,14.45,13.6,14.2,10225,658025,37600,weekly,2022-10-13T21:00:00.000,options,put
246,1665580860000,14.1,14.1,13.25,14.0,8900,658025,37600,weekly,2022-10-13T21:00:00.000,options,put
247,1665580920000,13.9,13.9,13.55,13.6,6175,658025,37600,weekly,2022-10-13T21:00:00.000,options,put
248,1665580980000,13.55,13.7,13.1,13.45,3400,658025,37600,weekly,2022-10-13T21:00:00.000,options,put
249,1665581040000,13.35,13.4,12.8,13.0,24200,661175,37600,weekly,2022-10-13T21:00:00.000,options,put
250,1665581100000,12.85,13.5,12.75,13.4,15050,661175,37600,weekly,2022-10-13T21:00:00.000,options,put
251,1665581160000,13.4,14.25,13.3,14.25,13550,661175,37600,weekly,2022-10-13T21:00:00.000,options,put
252,1665581220000,14.15,14.35,13.75,14.0,14950,674650,37600,weekly,2022-10-13T21:00:00.000,options,put
253,1665581280000,14.05,14.35,13.8,13.95,7675,674650,37600,weekly,2022-10-13T21:00:00.000,options,put
254,1665581340000,13.95,14.5,13.85,14.4,7800,674650,37600,weekly,2022-10-13T21:00:00.000,options,put
255,1665581400000,14.45,14.9,13.55,13.55,29175,674875,37600,weekly,2022-10-13T21:00:00.000,options,put
256,1665581460000,13.6,14.15,13.6,13.9,10125,674875,37600,weekly,2022-10-13T21:00:00.000,options,put
257,1665581520000,13.95,14.2,13.4,13.65,16900,674875,37600,weekly,2022-10-13T21:00:00.000,options,put
258,1665581580000,13.7,13.95,13.5,13.95,10400,675250,37600,weekly,2022-10-13T21:00:00.000,options,put
259,1665581640000,13.85,14.0,12.65,13.1,21975,675250,37600,weekly,2022-10-13T21:00:00.000,options,put
260,1665581700000,13.15,13.75,12.6,12.95,30925,675250,37600,weekly,2022-10-13T21:00:00.000,options,put
261,1665581760000,12.85,13.35,12.75,12.8,15400,669875,37600,weekly,2022-10-13T21:00:00.000,options,put
262,1665581820000,12.75,13.2,12.75,13.1,12700,669875,37600,weekly,2022-10-13T21:00:00.000,options,put
263,1665581880000,13.1,13.45,13.0,13.0,2550,669875,37600,weekly,2022-10-13T21:00:00.000,options,put
264,1665581940000,13.15,13.2,12.75,13.1,8675,673225,37600,weekly,2022-10-13T21:00:00.000,options,put
265,1665582000000,12.95,13.45,12.8,13.25,8650,673225,37600,weekly,2022-10-13T21:00:00.000,options,put
266,1665582060000,13.3,13.35,12.9,13.15,9175,673225,37600,weekly,2022-10-13T21:00:00.000,options,put
267,1665582120000,13.15,13.3,13.0,13.2,9200,672150,37600,weekly,2022-10-13T21:00:00.000,options,put
268,1665582180000,12.95,13.2,12.7,13.2,8875,672150,37600,weekly,2022-10-13T21:00:00.000,options,put
269,1665582240000,13.25,13.45,13.2,13.4,7225,672150,37600,weekly,2022-10-13T21:00:00.000,options,put
270,1665582300000,13.35,13.45,13.0,13.1,13400,676725,37600,weekly,2022-10-13T21:00:00.000,options,put
271,1665582360000,12.85,13.15,12.8,12.8,16000,676725,37600,weekly,2022-10-13T21:00:00.000,options,put
272,1665582420000,12.8,13.0,12.35,12.75,31300,676725,37600,weekly,2022-10-13T21:00:00.000,options,put
273,1665582480000,12.75,13.35,12.75,12.9,15850,664650,37600,weekly,2022-10-13T21:00:00.000,options,put
274,1665582540000,12.85,13.05,12.55,12.55,8275,664650,37600,weekly,2022-10-13T21:00:00.000,options,put
275,1665582600000,12.4,13.15,12.4,13.0,19725,664650,37600,weekly,2022-10-13T21:00:00.000,options,put
276,1665582660000,12.9,13.1,12.75,13.05,6250,658750,37600,weekly,2022-10-13T21:00:00.000,options,put
277,1665582720000,13.0,13.15,12.7,12.75,24125,658750,37600,weekly,2022-10-13T21:00:00.000,options,put
278,1665582780000,12.75,12.95,12.35,12.35,23075,658750,37600,weekly,2022-10-13T21:00:00.000,options,put
279,1665582840000,12.35,12.4,11.3,11.6,56650,639775,37600,weekly,2022-10-13T21:00:00.000,options,put
280,1665582900000,11.2,11.55,10.9,11.1,79100,639775,37600,weekly,2022-10-13T21:00:00.000,options,put
281,1665582960000,11.1,11.5,10.95,11.45,36075,639775,37600,weekly,2022-10-13T21:00:00.000,options,put
282,1665583020000,11.35,11.55,11.3,11.35,25600,619050,37600,weekly,2022-10-13T21:00:00.000,options,put
283,1665583080000,11.35,11.35,10.8,10.85,36450,619050,37600,weekly,2022-10-13T21:00:00.000,options,put
284,1665583140000,10.9,11.0,10.55,10.75,42375,619050,37600,weekly,2022-10-13T21:00:00.000,options,put
285,1665583200000,10.65,10.75,10.25,10.55,77125,621375,37600,weekly,2022-10-13T21:00:00.000,options,put
286,1665583260000,10.45,10.75,10.35,10.4,88975,621375,37600,weekly,2022-10-13T21:00:00.000,options,put
287,1665583320000,10.45,10.65,10.3,10.6,51275,621375,37600,weekly,2022-10-13T21:00:00.000,options,put
288,1665583380000,10.6,10.7,10.35,10.6,75275,633625,37600,weekly,2022-10-13T21:00:00.000,options,put
289,1665583440000,10.6,10.95,10.45,10.95,44200,633625,37600,weekly,2022-10-13T21:00:00.000,options,put
290,1665583500000,10.9,11.45,10.9,11.3,32500,633625,37600,weekly,2022-10-13T21:00:00.000,options,put
291,1665583560000,11.25,11.6,11.0,11.45,18850,634275,37600,weekly,2022-10-13T21:00:00.000,options,put
292,1665583620000,11.5,11.55,11.25,11.4,19600,634275,37600,weekly,2022-10-13T21:00:00.000,options,put
293,1665583680000,11.4,11.45,11.15,11.3,23300,634275,37600,weekly,2022-10-13T21:00:00.000,options,put
294,1665583740000,11.3,11.5,11.15,11.15,19300,641225,37600,weekly,2022-10-13T21:00:00.000,options,put
295,1665583800000,11.15,11.15,10.6,10.7,20075,641225,37600,weekly,2022-10-13T21:00:00.000,options,put
296,1665583860000,10.8,11.0,10.45,10.5,19350,641225,37600,weekly,2022-10-13T21:00:00.000,options,put
297,1665583920000,10.5,10.6,10.2,10.35,34550,646775,37600,weekly,2022-10-13T21:00:00.000,options,put
298,1665583980000,10.3,10.6,10.1,10.45,32675,646775,37600,weekly,2022-10-13T21:00:00.000,options,put
299,1665584040000,10.5,10.55,10.25,10.25,19275,646775,37600,weekly,2022-10-13T21:00:00.000,options,put
300,1665584100000,10.3,10.45,10.05,10.25,33375,657450,37600,weekly,2022-10-13T21:00:00.000,options,put
301,1665584160000,10.25,10.35,9.85,10.25,48250,657450,37600,weekly,2022-10-13T21:00:00.000,options,put
302,1665584220000,10.25,10.55,9.95,10.05,51625,657450,37600,weekly,2022-10-13T21:00:00.000,options,put
303,1665584280000,10.0,10.15,9.9,10.0,21525,659575,37600,weekly,2022-10-13T21:00:00.000,options,put
304,1665584340000,10.0,10.05,9.8,10.0,51525,659575,37600,weekly,2022-10-13T21:00:00.000,options,put
305,1665584400000,10.0,10.1,9.9,10.1,39750,659575,37600,weekly,2022-10-13T21:00:00.000,options,put
306,1665584460000,10.05,10.15,9.9,9.9,38875,683025,37600,weekly,2022-10-13T21:00:00.000,options,put
307,1665584520000,9.9,10.0,9.8,9.9,31125,683025,37600,weekly,2022-10-13T21:00:00.000,options,put
308,1665584580000,9.9,9.95,9.75,9.95,13625,683025,37600,weekly,2022-10-13T21:00:00.000,options,put
309,1665584640000,9.95,10.1,9.8,9.8,25500,687125,37600,weekly,2022-10-13T21:00:00.000,options,put
310,1665584700000,9.85,10.0,9.8,9.8,14875,687125,37600,weekly,2022-10-13T21:00:00.000,options,put
311,1665584760000,9.85,9.9,9.5,9.65,13250,687125,37600,weekly,2022-10-13T21:00:00.000,options,put
312,1665584820000,9.65,9.75,9.45,9.7,19200,687300,37600,weekly,2022-10-13T21:00:00.000,options,put
313,1665584880000,9.7,10.4,9.65,10.3,37800,687300,37600,weekly,2022-10-13T21:00:00.000,options,put
314,1665584940000,10.3,11.5,10.3,11.4,64550,687300,37600,weekly,2022-10-13T21:00:00.000,options,put
315,1665585000000,11.3,12.0,11.3,11.8,45300,712900,37600,weekly,2022-10-13T21:00:00.000,options,put
316,1665585060000,11.85,12.05,10.8,10.8,34800,712900,37600,weekly,2022-10-13T21:00:00.000,options,put
317,1665585120000,10.85,10.95,10.2,10.2,22225,712900,37600,weekly,2022-10-13T21:00:00.000,options,put
318,1665585180000,10.15,10.65,9.95,10.3,24875,695550,37600,weekly,2022-10-13T21:00:00.000,options,put
319,1665585240000,10.3,10.65,10.2,10.65,15400,695550,37600,weekly,2022-10-13T21:00:00.000,options,put
320,1665585300000,10.65,10.7,10.1,10.2,9350,695550,37600,weekly,2022-10-13T21:00:00.000,options,put
321,1665585360000,10.2,10.3,10.15,10.25,6075,686750,37600,weekly,2022-10-13T21:00:00.000,options,put
322,1665585420000,10.15,10.8,10.15,10.75,12925,686750,37600,weekly,2022-10-13T21:00:00.000,options,put
323,1665585480000,10.75,10.75,10.55,10.75,11825,686750,37600,weekly,2022-10-13T21:00:00.000,options,put
324,1665585540000,10.8,11.0,10.35,10.35,14850,685650,37600,weekly,2022-10-13T21:00:00.000,options,put
325,1665585600000,10.4,10.75,10.3,10.35,6125,685650,37600,weekly,2022-10-13T21:00:00.000,options,put
326,1665585660000,10.35,10.75,10.35,10.65,4025,685650,37600,weekly,2022-10-13T21:00:00.000,options,put
327,1665585720000,10.5,10.5,10.0,10.1,20325,685400,37600,weekly,2022-10-13T21:00:00.000,options,put
328,1665585780000,10.1,10.35,9.95,10.05,49975,685400,37600,weekly,2022-10-13T21:00:00.000,options,put
329,1665585840000,10.05,10.15,9.9,10.0,13475,685400,37600,weekly,2022-10-13T21:00:00.000,options,put
330,1665585900000,10.0,10.4,9.8,9.8,22900,701400,37600,weekly,2022-10-13T21:00:00.000,options,put
331,1665585960000,9.9,10.15,9.65,9.75,29775,701400,37600,weekly,2022-10-13T21:00:00.000,options,put
332,1665586020000,9.7,10.25,9.7,10.2,35625,701400,37600,weekly,2022-10-13T21:00:00.000,options,put
333,1665586080000,10.2,10.35,10.0,10.05,26850,721150,37600,weekly,2022-10-13T21:00:00.000,options,put
334,1665586140000,10.0,10.3,10.0,10.0,11875,721150,37600,weekly,2022-10-13T21:00:00.000,options,put
335,1665586200000,10.0,10.25,9.8,9.85,92225,721150,37600,weekly,2022-10-13T21:00:00.000,options,put
336,1665586260000,9.85,10.2,9.75,10.2,17400,700525,37600,weekly,2022-10-13T21:00:00.000,options,put
337,1665586320000,10.1,10.2,10.0,10.2,7550,700525,37600,weekly,2022-10-13T21:00:00.000,options,put
338,1665586380000,10.2,10.25,9.8,9.9,13375,700525,37600,weekly,2022-10-13T21:00:00.000,options,put
339,1665586440000,9.75,9.85,9.5,9.6,14200,696275,37600,weekly,2022-10-13T21:00:00.000,options,put
340,1665586500000,9.7,9.7,9.35,9.35,17425,696275,37600,weekly,2022-10-13T21:00:00.000,options,put
341,1665586560000,9.4,9.4,9.2,9.3,10925,696275,37600,weekly,2022-10-13T21:00:00.000,options,put
342,1665586620000,9.3,9.35,8.85,8.95,20900,692950,37600,weekly,2022-10-13T21:00:00.000,options,put
343,1665586680000,9.0,9.05,8.75,8.8,27025,692950,37600,weekly,2022-10-13T21:00:00.000,options,put
344,1665586740000,8.8,8.85,8.5,8.55,32875,692950,37600,weekly,2022-10-13T21:00:00.000,options,put
345,1665586800000,8.5,8.9,8.5,8.75,48100,667400,37600,weekly,2022-10-13T21:00:00.000,options,put
346,1665586860000,8.75,9.3,8.75,9.25,36100,667400,37600,weekly,2022-10-13T21:00:00.000,options,put
347,1665586920000,9.15,9.35,9.05,9.15,37875,667400,37600,weekly,2022-10-13T21:00:00.000,options,put
348,1665586980000,9.15,9.15,8.65,8.85,38575,648050,37600,weekly,2022-10-13T21:00:00.000,options,put
349,1665587040000,8.9,8.9,8.2,8.25,58850,648050,37600,weekly,2022-10-13T21:00:00.000,options,put
350,1665587100000,8.25,8.55,7.75,7.75,66300,648050,37600,weekly,2022-10-13T21:00:00.000,options,put
351,1665587160000,7.85,8.0,7.35,7.45,70650,629750,37600,weekly,2022-10-13T21:00:00.000,options,put
352,1665587220000,7.4,7.6,7.2,7.3,51125,629750,37600,weekly,2022-10-13T21:00:00.000,options,put
353,1665587280000,7.3,7.55,7.25,7.45,58825,629750,37600,weekly,2022-10-13T21:00:00.000,options,put
354,1665587340000,7.4,8.0,7.35,7.85,119550,636600,37600,weekly,2022-10-13T21:00:00.000,options,put
355,1665587400000,7.85,8.3,7.85,8.3,60225,636600,37600,weekly,2022-10-13T21:00:00.000,options,put
356,1665587460000,8.3,8.35,8.1,8.15,36925,636600,37600,weekly,2022-10-13T21:00:00.000,options,put
357,1665587520000,8.15,8.35,8.15,8.35,40900,602625,37600,weekly,2022-10-13T21:00:00.000,options,put
358,1665587580000,8.25,8.55,8.15,8.2,64850,602625,37600,weekly,2022-10-13T21:00:00.000,options,put
359,1665587640000,8.2,8.35,7.5,7.55,33850,602625,37600,weekly,2022-10-13T21:00:00.000,options,put
360,1665587700000,7.55,7.9,7.4,7.9,48900,599800,37600,weekly,2022-10-13T21:00:00.000,options,put
361,1665587760000,7.9,8.0,7.65,7.9,34000,599800,37600,weekly,2022-10-13T21:00:00.000,options,put
362,1665587820000,7.9,8.05,7.65,7.65,26075,599800,37600,weekly,2022-10-13T21:00:00.000,options,put
363,1665587880000,7.65,7.8,7.6,7.75,22800,610725,37600,weekly,2022-10-13T21:00:00.000,options,put
364,1665587940000,7.7,7.75,7.5,7.6,21725,610725,37600,weekly,2022-10-13T21:00:00.000,options,put
365,1665588000000,7.7,7.9,7.65,7.8,32375,610725,37600,weekly,2022-10-13T21:00:00.000,options,put
366,1665588060000,7.8,7.9,7.65,7.75,34200,603775,37600,weekly,2022-10-13T21:00:00.000,options,put
367,1665588120000,7.65,7.85,7.55,7.6,26050,603775,37600,weekly,2022-10-13T21:00:00.000,options,put
368,1665588180000,7.7,7.85,7.6,7.6,29700,603775,37600,weekly,2022-10-13T21:00:00.000,options,put
369,1665588240000,7.6,7.8,7.5,7.55,59175,603550,37600,weekly,2022-10-13T21:00:00.000,options,put
370,1665588300000,7.55,7.9,7.0,7.35,99900,603550,37600,weekly,2022-10-13T21:00:00.000,options,put
371,1665588360000,7.4,7.7,7.3,7.45,39150,603550,37600,weekly,2022-10-13T21:00:00.000,options,put
372,1665588420000,7.45,7.8,7.45,7.7,37975,593175,37600,weekly,2022-10-13T21:00:00.000,options,put
373,1665588480000,7.65,7.85,7.5,7.6,61400,593175,37600,weekly,2022-10-13T21:00:00.000,options,put
374,1665588540000,7.6,7.7,6.0,7.0,61675,593175,37600,weekly,2022-10-13T21:00:00.000,options,put
