,timestamp,open,high,low,close,volume,open_interest,strike,expiry_type,expiry,instrument,contract_type
0,1574307840000,299.0,389.45,287.0,322.05,5900,,31600,weekly,2019-11-21T21:00:00.000,options,put
1,1574307900000,325.0,330.25,309.45,328.35,3860,,31600,weekly,2019-11-21T21:00:00.000,options,put
2,1574307960000,328.65,338.7,325.0,330.85,1300,,31600,weekly,2019-11-21T21:00:00.000,options,put
3,1574308020000,327.2,327.2,309.65,309.65,2840,,31600,weekly,2019-11-21T21:00:00.000,options,put
4,1574308080000,313.15,353.35,313.15,336.85,5520,,31600,weekly,2019-11-21T21:00:00.000,options,put
5,1574308140000,330.95,343.05,323.85,329.35,5360,,31600,weekly,2019-11-21T21:00:00.000,options,put
6,1574308200000,325.65,347.15,325.65,347.15,4360,,31600,weekly,2019-11-21T21:00:00.000,options,put
7,1574308260000,348.25,351.85,332.9,334.35,3020,,31600,weekly,2019-11-21T21:00:00.000,options,put
8,1574308320000,336.15,348.5,336.15,346.45,2700,,31600,weekly,2019-11-21T21:00:00.000,options,put
9,1574308380000,350.8,352.4,339.0,344.75,2440,,31600,weekly,2019-11-21T21:00:00.000,options,put
10,1574308440000,347.0,360.95,347.0,356.1,7600,,31600,weekly,2019-11-21T21:00:00.000,options,put
11,1574308500000,365.0,365.65,355.0,359.95,4240,,31600,weekly,2019-11-21T21:00:00.000,options,put
12,1574308560000,358.95,365.65,335.45,343.25,4760,,31600,weekly,2019-11-21T21:00:00.000,options,put
13,1574308620000,343.25,347.15,339.45,344.95,1340,,31600,weekly,2019-11-21T21:00:00.000,options,put
14,1574308680000,345.05,345.05,333.3,336.45,3700,,31600,weekly,2019-11-21T21:00:00.000,options,put
15,1574308740000,335.4,347.0,335.0,341.5,1320,,31600,weekly,2019-11-21T21:00:00.000,options,put
16,1574308800000,342.0,351.85,340.15,348.4,840,,31600,weekly,2019-11-21T21:00:00.000,options,put
17,1574308860000,349.3,369.3,349.3,362.2,8660,,31600,weekly,2019-11-21T21:00:00.000,options,put
18,1574308920000,359.25,367.15,353.05,367.15,1760,,31600,weekly,2019-11-21T21:00:00.000,options,put
19,1574308980000,365.25,372.7,358.6,360.0,2200,,31600,weekly,2019-11-21T21:00:00.000,options,put
20,1574309040000,360.0,370.5,356.4,365.55,2180,,31600,weekly,2019-11-21T21:00:00.000,options,put
21,1574309100000,370.5,374.8,364.55,374.35,2120,,31600,weekly,2019-11-21T21:00:00.000,options,put
22,1574309160000,374.35,374.35,367.0,368.55,1220,,31600,weekly,2019-11-21T21:00:00.000,options,put
23,1574309220000,363.0,365.9,346.9,350.65,2740,,31600,weekly,2019-11-21T21:00:00.000,options,put
24,1574309280000,348.75,354.5,348.75,351.95,840,,31600,weekly,2019-11-21T21:00:00.000,options,put
25,1574309340000,352.0,352.0,309.35,312.55,13300,,31600,weekly,2019-11-21T21:00:00.000,options,put
26,1574309400000,314.3,314.3,281.7,284.15,10560,,31600,weekly,2019-11-21T21:00:00.000,options,put
27,1574309460000,284.15,292.15,275.0,288.6,3860,,31600,weekly,2019-11-21T21:00:00.000,options,put
28,1574309520000,283.65,299.65,282.75,295.15,2200,,31600,weekly,2019-11-21T21:00:00.000,options,put
29,1574309580000,292.85,300.0,292.8,297.65,1460,,31600,weekly,2019-11-21T21:00:00.000,options,put
30,1574309640000,297.65,300.2,286.95,298.05,3920,,31600,weekly,2019-11-21T21:00:00.000,options,put
31,1574309700000,288.15,288.15,264.65,271.05,9840,,31600,weekly,2019-11-21T21:00:00.000,options,put
32,1574309760000,269.95,278.4,267.2,270.85,3140,,31600,weekly,2019-11-21T21:00:00.000,options,put
33,1574309820000,271.15,275.0,256.0,271.0,5720,,31600,weekly,2019-11-21T21:00:00.000,options,put
34,1574309880000,272.1,281.0,269.65,279.35,2180,,31600,weekly,2019-11-21T21:00:00.000,options,put
35,1574309940000,283.85,285.9,277.35,278.75,1580,,31600,weekly,2019-11-21T21:00:00.000,options,put
36,1574310000000,280.55,288.95,279.75,282.65,3960,,31600,weekly,2019-11-21T21:00:00.000,options,put
37,1574310060000,282.75,291.5,282.75,290.3,1160,,31600,weekly,2019-11-21T21:00:00.000,options,put
38,1574310120000,286.85,290.45,281.9,285.75,1100,,31600,weekly,2019-11-21T21:00:00.000,options,put
39,1574310180000,282.15,282.15,268.8,271.55,1140,,31600,weekly,2019-11-21T21:00:00.000,options,put
40,1574310240000,274.3,285.8,274.3,283.65,1240,,31600,weekly,2019-11-21T21:00:00.000,options,put
41,1574310300000,285.55,287.15,281.7,283.6,1740,,31600,weekly,2019-11-21T21:00:00.000,options,put
42,1574310360000,288.55,303.0,288.55,298.2,3800,,31600,weekly,2019-11-21T21:00:00.000,options,put
43,1574310420000,298.2,301.15,293.95,293.95,1360,,31600,weekly,2019-11-21T21:00:00.000,options,put
44,1574310480000,295.3,296.8,292.2,292.35,940,,31600,weekly,2019-11-21T21:00:00.000,options,put
45,1574310540000,289.55,297.8,283.45,284.25,2780,,31600,weekly,2019-11-21T21:00:00.000,options,put
46,1574310600000,284.25,296.6,283.9,296.6,2000,,31600,weekly,2019-11-21T21:00:00.000,options,put
47,1574310660000,295.4,302.0,294.45,296.5,1160,,31600,weekly,2019-11-21T21:00:00.000,options,put
48,1574310720000,296.5,296.5,289.15,289.8,1200,,31600,weekly,2019-11-21T21:00:00.000,options,put
49,1574310780000,289.8,305.85,289.8,298.15,1620,,31600,weekly,2019-11-21T21:00:00.000,options,put
50,1574310840000,299.15,300.25,290.9,294.4,820,,31600,weekly,2019-11-21T21:00:00.000,options,put
51,1574310900000,294.4,298.6,294.25,295.8,1360,,31600,weekly,2019-11-21T21:00:00.000,options,put
52,1574310960000,291.05,292.55,287.2,288.05,1060,,31600,weekly,2019-11-21T21:00:00.000,options,put
53,1574311020000,284.8,287.05,279.05,280.0,1620,,31600,weekly,2019-11-21T21:00:00.000,options,put
54,1574311080000,280.55,290.0,280.55,290.0,320,,31600,weekly,2019-11-21T21:00:00.000,options,put
55,1574311140000,288.0,288.0,284.95,286.15,80,,31600,weekly,2019-11-21T21:00:00.000,options,put
56,1574311200000,288.75,291.6,287.3,291.6,120,,31600,weekly,2019-11-21T21:00:00.000,options,put
57,1574311260000,292.5,292.5,285.3,285.5,520,,31600,weekly,2019-11-21T21:00:00.000,options,put
58,1574311320000,285.5,290.8,285.3,285.3,380,,31600,weekly,2019-11-21T21:00:00.000,options,put
59,1574311380000,285.3,286.5,283.0,286.5,180,,31600,weekly,2019-11-21T21:00:00.000,options,put
60,1574311440000,288.4,289.35,287.65,287.65,580,,31600,weekly,2019-11-21T21:00:00.000,options,put
61,1574311500000,290.75,290.75,287.75,287.75,60,,31600,weekly,2019-11-21T21:00:00.000,options,put
62,1574311560000,288.55,288.55,281.8,283.2,680,,31600,weekly,2019-11-21T21:00:00.000,options,put
63,1574311620000,284.9,299.0,284.9,299.0,3740,,31600,weekly,2019-11-21T21:00:00.000,options,put
64,1574311680000,299.0,299.0,292.0,292.0,1260,,31600,weekly,2019-11-21T21:00:00.000,options,put
65,1574311740000,292.75,295.0,291.15,295.0,1000,,31600,weekly,2019-11-21T21:00:00.000,options,put
66,1574311800000,300.0,308.6,300.0,307.45,2120,,31600,weekly,2019-11-21T21:00:00.000,options,put
67,1574311860000,309.75,345.25,309.75,337.2,12840,,31600,weekly,2019-11-21T21:00:00.000,options,put
68,1574311920000,337.4,338.75,327.15,332.75,4280,,31600,weekly,2019-11-21T21:00:00.000,options,put
69,1574311980000,332.75,338.95,328.0,330.45,4840,,31600,weekly,2019-11-21T21:00:00.000,options,put
70,1574312040000,329.65,336.75,321.8,322.05,3240,,31600,weekly,2019-11-21T21:00:00.000,options,put
71,1574312100000,322.0,333.3,322.0,331.0,1860,,31600,weekly,2019-11-21T21:00:00.000,options,put
72,1574312160000,324.5,325.95,318.35,323.75,1840,,31600,weekly,2019-11-21T21:00:00.000,options,put
73,1574312220000,323.0,323.0,315.4,320.1,700,,31600,weekly,2019-11-21T21:00:00.000,options,put
74,1574312280000,320.55,326.7,319.45,326.7,1280,,31600,weekly,2019-11-21T21:00:00.000,options,put
75,1574312340000,326.7,333.0,325.0,331.0,1720,,31600,weekly,2019-11-21T21:00:00.000,options,put
76,1574312400000,329.0,329.0,322.4,324.45,520,,31600,weekly,2019-11-21T21:00:00.000,options,put
77,1574312460000,318.6,319.75,306.05,313.25,1320,,31600,weekly,2019-11-21T21:00:00.000,options,put
78,1574312520000,311.05,323.35,311.05,322.75,1160,,31600,weekly,2019-11-21T21:00:00.000,options,put
79,1574312580000,322.75,327.05,321.75,325.7,900,,31600,weekly,2019-11-21T21:00:00.000,options,put
80,1574312640000,325.7,332.65,322.9,329.5,1580,,31600,weekly,2019-11-21T21:00:00.000,options,put
81,1574312700000,329.5,338.85,326.2,326.2,1860,,31600,weekly,2019-11-21T21:00:00.000,options,put
82,1574312760000,329.7,329.7,324.7,325.0,720,,31600,weekly,2019-11-21T21:00:00.000,options,put
83,1574312820000,322.0,322.0,317.9,319.45,300,,31600,weekly,2019-11-21T21:00:00.000,options,put
84,1574312880000,318.65,320.0,316.65,319.5,940,,31600,weekly,2019-11-21T21:00:00.000,options,put
85,1574312940000,320.0,336.0,320.0,330.0,560,,31600,weekly,2019-11-21T21:00:00.000,options,put
86,1574313000000,330.0,331.6,324.8,324.8,820,,31600,weekly,2019-11-21T21:00:00.000,options,put
87,1574313060000,320.0,325.0,318.0,325.0,1240,,31600,weekly,2019-11-21T21:00:00.000,options,put
88,1574313120000,320.0,321.0,316.0,321.0,840,,31600,weekly,2019-11-21T21:00:00.000,options,put
89,1574313180000,321.95,343.6,321.95,339.0,1840,,31600,weekly,2019-11-21T21:00:00.000,options,put
90,1574313240000,338.55,347.4,333.9,334.0,4920,,31600,weekly,2019-11-21T21:00:00.000,options,put
91,1574313300000,334.0,342.7,334.0,336.55,1900,,31600,weekly,2019-11-21T21:00:00.000,options,put
92,1574313360000,339.45,365.55,339.45,357.4,15100,,31600,weekly,2019-11-21T21:00:00.000,options,put
93,1574313420000,354.45,360.25,350.65,355.7,4400,,31600,weekly,2019-11-21T21:00:00.000,options,put
94,1574313480000,353.75,359.15,347.1,353.15,2320,,31600,weekly,2019-11-21T21:00:00.000,options,put
95,1574313540000,351.15,351.95,342.2,343.75,3020,,31600,weekly,2019-11-21T21:00:00.000,options,put
96,1574313600000,343.75,346.15,338.6,340.0,2420,,31600,weekly,2019-11-21T21:00:00.000,options,put
97,1574313660000,338.85,350.0,338.85,350.0,580,,31600,weekly,2019-11-21T21:00:00.000,options,put
98,1574313720000,350.0,356.25,349.5,350.0,420,,31600,weekly,2019-11-21T21:00:00.000,options,put
99,1574313780000,350.0,350.0,346.6,349.15,520,,31600,weekly,2019-11-21T21:00:00.000,options,put
100,1574313840000,349.15,349.15,341.75,341.75,1700,,31600,weekly,2019-11-21T21:00:00.000,options,put
101,1574313900000,340.05,341.75,328.45,331.95,2540,,31600,weekly,2019-11-21T21:00:00.000,options,put
102,1574313960000,333.0,336.55,332.5,332.5,380,,31600,weekly,2019-11-21T21:00:00.000,options,put
103,1574314020000,334.0,336.2,333.75,336.2,700,,31600,weekly,2019-11-21T21:00:00.000,options,put
104,1574314080000,332.85,346.0,332.85,337.65,780,,31600,weekly,2019-11-21T21:00:00.000,options,put
105,1574314140000,335.0,346.2,335.0,345.9,400,,31600,weekly,2019-11-21T21:00:00.000,options,put
106,1574314200000,345.9,345.9,336.7,339.65,260,,31600,weekly,2019-11-21T21:00:00.000,options,put
107,1574314260000,339.65,339.65,332.0,332.0,140,,31600,weekly,2019-11-21T21:00:00.000,options,put
108,1574314320000,332.0,341.2,332.0,341.2,360,,31600,weekly,2019-11-21T21:00:00.000,options,put
109,1574314380000,341.8,341.8,330.05,334.2,1280,,31600,weekly,2019-11-21T21:00:00.000,options,put
110,1574314440000,336.4,339.95,334.85,339.95,660,,31600,weekly,2019-11-21T21:00:00.000,options,put
111,1574314500000,335.55,339.5,333.05,336.2,460,,31600,weekly,2019-11-21T21:00:00.000,options,put
112,1574314560000,333.0,333.0,315.0,320.35,9100,,31600,weekly,2019-11-21T21:00:00.000,options,put
113,1574314620000,320.35,320.45,307.9,311.8,3100,,31600,weekly,2019-11-21T21:00:00.000,options,put
114,1574314680000,310.0,310.0,302.05,307.2,2420,,31600,weekly,2019-11-21T21:00:00.000,options,put
115,1574314740000,305.0,305.0,268.6,280.8,14420,,31600,weekly,2019-11-21T21:00:00.000,options,put
116,1574314800000,280.8,288.1,278.45,288.1,3540,,31600,weekly,2019-11-21T21:00:00.000,options,put
117,1574314860000,288.1,294.75,285.45,294.05,1400,,31600,weekly,2019-11-21T21:00:00.000,options,put
118,1574314920000,295.0,298.3,289.55,290.65,1240,,31600,weekly,2019-11-21T21:00:00.000,options,put
119,1574314980000,295.0,300.95,295.0,299.8,1560,,31600,weekly,2019-11-21T21:00:00.000,options,put
120,1574315040000,299.8,306.6,297.25,302.9,1300,,31600,weekly,2019-11-21T21:00:00.000,options,put
121,1574315100000,300.0,300.0,290.55,300.0,2300,,31600,weekly,2019-11-21T21:00:00.000,options,put
122,1574315160000,296.95,299.3,292.9,297.2,320,,31600,weekly,2019-11-21T21:00:00.000,options,put
123,1574315220000,296.1,303.0,296.1,302.5,700,,31600,weekly,2019-11-21T21:00:00.000,options,put
124,1574315280000,301.9,306.5,297.85,300.05,1920,,31600,weekly,2019-11-21T21:00:00.000,options,put
125,1574315340000,300.0,312.3,300.0,309.15,1120,,31600,weekly,2019-11-21T21:00:00.000,options,put
126,1574315400000,311.85,315.0,304.45,304.45,2020,,31600,weekly,2019-11-21T21:00:00.000,options,put
127,1574315460000,296.85,300.0,296.0,296.95,2440,,31600,weekly,2019-11-21T21:00:00.000,options,put
128,1574315520000,299.25,300.0,291.15,291.15,1040,,31600,weekly,2019-11-21T21:00:00.000,options,put
129,1574315580000,291.0,295.7,289.0,292.9,1580,,31600,weekly,2019-11-21T21:00:00.000,options,put
130,1574315640000,292.9,296.4,291.3,295.5,160,,31600,weekly,2019-11-21T21:00:00.000,options,put
131,1574315700000,292.75,292.75,286.5,292.55,80,,31600,weekly,2019-11-21T21:00:00.000,options,put
132,1574315760000,292.55,292.55,275.0,282.6,2100,,31600,weekly,2019-11-21T21:00:00.000,options,put
133,1574315820000,282.6,289.4,280.05,284.0,960,,31600,weekly,2019-11-21T21:00:00.000,options,put
134,1574315880000,284.0,289.25,284.0,287.6,480,,31600,weekly,2019-11-21T21:00:00.000,options,put
135,1574315940000,289.35,296.05,288.6,295.85,1080,,31600,weekly,2019-11-21T21:00:00.000,options,put
136,1574316000000,297.45,301.2,292.2,292.2,1060,,31600,weekly,2019-11-21T21:00:00.000,options,put
137,1574316060000,297.45,300.75,297.45,299.0,800,,31600,weekly,2019-11-21T21:00:00.000,options,put
138,1574316120000,295.95,295.95,295.0,295.0,200,,31600,weekly,2019-11-21T21:00:00.000,options,put
139,1574316180000,296.9,296.9,293.15,295.7,100,,31600,weekly,2019-11-21T21:00:00.000,options,put
140,1574316240000,296.55,298.4,289.25,289.35,980,,31600,weekly,2019-11-21T21:00:00.000,options,put
141,1574316300000,293.65,293.65,285.6,288.75,1500,,31600,weekly,2019-11-21T21:00:00.000,options,put
142,1574316360000,288.75,306.35,288.75,306.35,440,,31600,weekly,2019-11-21T21:00:00.000,options,put
143,1574316420000,306.35,310.0,303.3,303.3,2740,,31600,weekly,2019-11-21T21:00:00.000,options,put
144,1574316480000,302.45,305.0,301.05,305.0,100,,31600,weekly,2019-11-21T21:00:00.000,options,put
145,1574316540000,306.5,307.9,305.0,307.1,600,,31600,weekly,2019-11-21T21:00:00.000,options,put
146,1574316600000,305.0,305.0,302.25,304.2,340,,31600,weekly,2019-11-21T21:00:00.000,options,put
147,1574316660000,305.05,305.05,302.35,302.35,520,,31600,weekly,2019-11-21T21:00:00.000,options,put
148,1574316720000,305.0,305.0,305.0,305.0,100,,31600,weekly,2019-11-21T21:00:00.000,options,put
149,1574316780000,304.0,315.9,304.0,315.55,2900,,31600,weekly,2019-11-21T21:00:00.000,options,put
150,1574316840000,313.0,313.0,303.9,303.9,420,,31600,weekly,2019-11-21T21:00:00.000,options,put
151,1574316900000,306.5,306.5,294.9,294.9,500,,31600,weekly,2019-11-21T21:00:00.000,options,put
152,1574316960000,295.8,295.8,276.65,285.6,3540,,31600,weekly,2019-11-21T21:00:00.000,options,put
153,1574317020000,282.7,282.7,272.95,279.85,2780,,31600,weekly,2019-11-21T21:00:00.000,options,put
154,1574317080000,275.85,275.85,259.6,274.65,6220,,31600,weekly,2019-11-21T21:00:00.000,options,put
155,1574317140000,275.0,275.0,260.0,260.3,3340,,31600,weekly,2019-11-21T21:00:00.000,options,put
156,1574317200000,263.45,277.55,262.9,275.55,1840,,31600,weekly,2019-11-21T21:00:00.000,options,put
157,1574317260000,275.0,280.55,275.0,277.8,1640,,31600,weekly,2019-11-21T21:00:00.000,options,put
158,1574317320000,279.6,279.6,270.0,274.7,1800,,31600,weekly,2019-11-21T21:00:00.000,options,put
159,1574317380000,275.0,275.0,270.7,273.3,380,,31600,weekly,2019-11-21T21:00:00.000,options,put
160,1574317440000,274.0,274.35,226.95,247.45,9260,,31600,weekly,2019-11-21T21:00:00.000,options,put
161,1574317500000,251.0,256.35,245.85,253.6,3260,,31600,weekly,2019-11-21T21:00:00.000,options,put
162,1574317560000,250.0,250.0,236.3,247.55,4280,,31600,weekly,2019-11-21T21:00:00.000,options,put
163,1574317620000,244.5,254.1,243.2,249.6,3300,,31600,weekly,2019-11-21T21:00:00.000,options,put
164,1574317680000,245.0,252.0,239.55,252.0,2580,,31600,weekly,2019-11-21T21:00:00.000,options,put
165,1574317740000,252.45,255.2,246.9,253.7,1580,,31600,weekly,2019-11-21T21:00:00.000,options,put
166,1574317800000,252.0,259.0,250.3,252.05,4060,,31600,weekly,2019-11-21T21:00:00.000,options,put
167,1574317860000,247.0,248.8,242.55,248.8,1100,,31600,weekly,2019-11-21T21:00:00.000,options,put
168,1574317920000,249.1,249.95,243.15,249.25,1280,,31600,weekly,2019-11-21T21:00:00.000,options,put
169,1574317980000,246.5,247.2,245.15,245.7,300,,31600,weekly,2019-11-21T21:00:00.000,options,put
170,1574318040000,249.55,249.55,236.7,246.75,3720,,31600,weekly,2019-11-21T21:00:00.000,options,put
171,1574318100000,246.15,247.55,230.0,230.45,1940,,31600,weekly,2019-11-21T21:00:00.000,options,put
172,1574318160000,224.8,228.85,204.4,210.55,19620,,31600,weekly,2019-11-21T21:00:00.000,options,put
173,1574318220000,211.6,220.1,209.55,218.95,6620,,31600,weekly,2019-11-21T21:00:00.000,options,put
174,1574318280000,218.95,221.4,216.0,218.8,3160,,31600,weekly,2019-11-21T21:00:00.000,options,put
175,1574318340000,217.75,218.45,212.0,216.6,4160,,31600,weekly,2019-11-21T21:00:00.000,options,put
176,1574318400000,216.6,216.6,199.6,201.05,14040,,31600,weekly,2019-11-21T21:00:00.000,options,put
177,1574318460000,198.65,211.5,198.65,204.85,3920,,31600,weekly,2019-11-21T21:00:00.000,options,put
178,1574318520000,210.8,220.15,208.85,220.05,3120,,31600,weekly,2019-11-21T21:00:00.000,options,put
179,1574318580000,220.05,220.05,216.05,216.5,5200,,31600,weekly,2019-11-21T21:00:00.000,options,put
180,1574318640000,219.3,232.0,218.85,229.9,18460,,31600,weekly,2019-11-21T21:00:00.000,options,put
181,1574318700000,230.0,230.8,225.0,225.0,2360,,31600,weekly,2019-11-21T21:00:00.000,options,put
182,1574318760000,225.45,226.0,221.5,221.5,1360,,31600,weekly,2019-11-21T21:00:00.000,options,put
183,1574318820000,222.15,229.2,222.15,229.2,340,,31600,weekly,2019-11-21T21:00:00.000,options,put
184,1574318880000,222.7,224.1,214.2,214.2,3120,,31600,weekly,2019-11-21T21:00:00.000,options,put
185,1574318940000,213.65,215.0,209.35,211.0,1940,,31600,weekly,2019-11-21T21:00:00.000,options,put
186,1574319000000,209.9,210.55,200.7,207.15,3480,,31600,weekly,2019-11-21T21:00:00.000,options,put
187,1574319060000,205.3,210.1,204.5,209.5,3940,,31600,weekly,2019-11-21T21:00:00.000,options,put
188,1574319120000,209.3,215.0,207.0,214.25,5580,,31600,weekly,2019-11-21T21:00:00.000,options,put
189,1574319180000,217.25,223.45,214.15,221.1,780,,31600,weekly,2019-11-21T21:00:00.000,options,put
190,1574319240000,223.0,227.85,222.2,222.2,2460,,31600,weekly,2019-11-21T21:00:00.000,options,put
191,1574319300000,220.0,220.0,210.0,210.0,2900,,31600,weekly,2019-11-21T21:00:00.000,options,put
192,1574319360000,210.25,210.25,187.0,200.0,11100,,31600,weekly,2019-11-21T21:00:00.000,options,put
193,1574319420000,198.8,200.0,192.0,199.0,2920,,31600,weekly,2019-11-21T21:00:00.000,options,put
194,1574319480000,194.8,203.4,190.65,201.3,5480,,31600,weekly,2019-11-21T21:00:00.000,options,put
195,1574319540000,206.75,208.8,202.0,202.0,6340,,31600,weekly,2019-11-21T21:00:00.000,options,put
196,1574319600000,201.9,215.05,201.9,215.0,2500,,31600,weekly,2019-11-21T21:00:00.000,options,put
197,1574319660000,214.15,227.05,209.55,224.35,13500,,31600,weekly,2019-11-21T21:00:00.000,options,put
198,1574319720000,223.45,241.45,223.45,230.25,8940,,31600,weekly,2019-11-21T21:00:00.000,options,put
199,1574319780000,227.5,231.1,221.0,224.05,4760,,31600,weekly,2019-11-21T21:00:00.000,options,put
200,1574319840000,225.0,242.25,225.0,235.95,6740,,31600,weekly,2019-11-21T21:00:00.000,options,put
201,1574319900000,235.95,235.95,222.45,222.6,5920,,31600,weekly,2019-11-21T21:00:00.000,options,put
202,1574319960000,222.8,222.8,208.8,210.35,6400,,31600,weekly,2019-11-21T21:00:00.000,options,put
203,1574320020000,209.0,216.0,208.45,212.05,2780,,31600,weekly,2019-11-21T21:00:00.000,options,put
204,1574320080000,211.95,221.25,211.0,214.4,2620,,31600,weekly,2019-11-21T21:00:00.000,options,put
205,1574320140000,214.45,220.25,214.45,214.45,1440,,31600,weekly,2019-11-21T21:00:00.000,options,put
206,1574320200000,216.95,220.95,215.5,216.7,1200,,31600,weekly,2019-11-21T21:00:00.000,options,put
207,1574320260000,216.3,216.3,210.45,213.9,1580,,31600,weekly,2019-11-21T21:00:00.000,options,put
208,1574320320000,215.8,220.0,215.8,217.6,2440,,31600,weekly,2019-11-21T21:00:00.000,options,put
209,1574320380000,219.6,222.0,217.25,217.25,4780,,31600,weekly,2019-11-21T21:00:00.000,options,put
210,1574320440000,212.4,215.3,208.1,214.6,2860,,31600,weekly,2019-11-21T21:00:00.000,options,put
211,1574320500000,214.0,214.5,196.4,203.95,6940,,31600,weekly,2019-11-21T21:00:00.000,options,put
212,1574320560000,203.95,215.5,203.95,215.5,2080,,31600,weekly,2019-11-21T21:00:00.000,options,put
213,1574320620000,219.8,224.85,219.0,222.65,2840,,31600,weekly,2019-11-21T21:00:00.000,options,put
214,1574320680000,222.65,229.35,221.8,223.85,3480,,31600,weekly,2019-11-21T21:00:00.000,options,put
215,1574320740000,223.95,228.95,220.0,220.0,2500,,31600,weekly,2019-11-21T21:00:00.000,options,put
216,1574320800000,218.25,229.85,218.25,222.15,2160,,31600,weekly,2019-11-21T21:00:00.000,options,put
217,1574320860000,220.2,222.75,217.3,222.75,1980,,31600,weekly,2019-11-21T21:00:00.000,options,put
218,1574320920000,219.4,225.25,217.8,225.25,1340,,31600,weekly,2019-11-21T21:00:00.000,options,put
219,1574320980000,225.0,233.05,215.0,215.0,3480,,31600,weekly,2019-11-21T21:00:00.000,options,put
220,1574321040000,216.7,216.7,207.0,214.0,3720,,31600,weekly,2019-11-21T21:00:00.000,options,put
221,1574321100000,214.6,215.15,209.6,211.3,1400,,31600,weekly,2019-11-21T21:00:00.000,options,put
222,1574321160000,208.15,212.25,195.75,212.25,4960,,31600,weekly,2019-11-21T21:00:00.000,options,put
223,1574321220000,210.55,220.0,208.6,219.15,2380,,31600,weekly,2019-11-21T21:00:00.000,options,put
224,1574321280000,220.0,220.3,211.4,214.75,1680,,31600,weekly,2019-11-21T21:00:00.000,options,put
225,1574321340000,210.0,217.8,209.45,216.5,2000,,31600,weekly,2019-11-21T21:00:00.000,options,put
226,1574321400000,216.1,233.15,216.1,223.9,5960,,31600,weekly,2019-11-21T21:00:00.000,options,put
227,1574321460000,223.4,226.15,215.8,218.85,3320,,31600,weekly,2019-11-21T21:00:00.000,options,put
228,1574321520000,218.1,221.8,216.15,218.05,780,,31600,weekly,2019-11-21T21:00:00.000,options,put
229,1574321580000,217.0,220.1,212.05,213.75,1840,,31600,weekly,2019-11-21T21:00:00.000,options,put
230,1574321640000,209.35,210.25,205.0,205.75,4680,,31600,weekly,2019-11-21T21:00:00.000,options,put
231,1574321700000,207.0,213.5,198.8,211.3,5180,,31600,weekly,2019-11-21T21:00:00.000,options,put
232,1574321760000,209.3,216.4,205.0,215.0,2440,,31600,weekly,2019-11-21T21:00:00.000,options,put
233,1574321820000,215.0,219.0,213.5,217.15,2960,,31600,weekly,2019-11-21T21:00:00.000,options,put
234,1574321880000,216.55,220.0,212.4,217.6,2720,,31600,weekly,2019-11-21T21:00:00.000,options,put
235,1574321940000,217.6,220.7,215.4,219.25,5060,,31600,weekly,2019-11-21T21:00:00.000,options,put
236,1574322000000,217.2,222.0,209.7,210.2,3400,,31600,weekly,2019-11-21T21:00:00.000,options,put
237,1574322060000,213.0,213.0,183.05,193.05,12440,,31600,weekly,2019-11-21T21:00:00.000,options,put
238,1574322120000,194.0,207.25,193.65,203.75,5900,,31600,weekly,2019-11-21T21:00:00.000,options,put
239,1574322180000,203.75,209.25,201.6,203.5,2660,,31600,weekly,2019-11-21T21:00:00.000,options,put
240,1574322240000,202.6,205.75,191.45,205.75,5280,,31600,weekly,2019-11-21T21:00:00.000,options,put
241,1574322300000,205.75,210.8,201.15,203.7,3980,,31600,weekly,2019-11-21T21:00:00.000,options,put
242,1574322360000,203.7,206.0,196.4,199.3,6240,,31600,weekly,2019-11-21T21:00:00.000,options,put
243,1574322420000,199.3,204.2,186.85,188.4,7000,,31600,weekly,2019-11-21T21:00:00.000,options,put
244,1574322480000,176.6,200.95,176.6,197.55,15160,,31600,weekly,2019-11-21T21:00:00.000,options,put
245,1574322540000,197.55,208.45,197.55,208.45,3900,,31600,weekly,2019-11-21T21:00:00.000,options,put
246,1574322600000,209.0,209.0,202.1,203.1,1440,,31600,weekly,2019-11-21T21:00:00.000,options,put
247,1574322660000,203.1,204.65,196.45,204.65,2680,,31600,weekly,2019-11-21T21:00:00.000,options,put
248,1574322720000,203.2,205.0,198.7,204.75,2480,,31600,weekly,2019-11-21T21:00:00.000,options,put
249,1574322780000,202.7,206.0,200.0,201.3,1440,,31600,weekly,2019-11-21T21:00:00.000,options,put
250,1574322840000,201.3,214.75,201.3,211.85,6980,,31600,weekly,2019-11-21T21:00:00.000,options,put
251,1574322900000,209.25,217.3,204.95,204.95,5740,,31600,weekly,2019-11-21T21:00:00.000,options,put
252,1574322960000,206.15,213.85,201.7,213.5,2540,,31600,weekly,2019-11-21T21:00:00.000,options,put
253,1574323020000,213.3,235.5,213.3,231.35,11760,,31600,weekly,2019-11-21T21:00:00.000,options,put
254,1574323080000,233.2,255.0,232.1,232.95,20660,,31600,weekly,2019-11-21T21:00:00.000,options,put
255,1574323140000,234.05,246.05,232.6,240.2,13240,,31600,weekly,2019-11-21T21:00:00.000,options,put
256,1574323200000,240.4,246.25,222.55,224.4,9960,,31600,weekly,2019-11-21T21:00:00.000,options,put
257,1574323260000,226.25,226.5,213.8,215.05,10040,,31600,weekly,2019-11-21T21:00:00.000,options,put
258,1574323320000,215.0,221.95,212.9,221.95,8340,,31600,weekly,2019-11-21T21:00:00.000,options,put
259,1574323380000,221.95,227.35,214.65,218.9,5220,,31600,weekly,2019-11-21T21:00:00.000,options,put
260,1574323440000,218.9,221.85,208.85,211.8,5740,,31600,weekly,2019-11-21T21:00:00.000,options,put
261,1574323500000,211.8,219.0,211.15,212.05,1800,,31600,weekly,2019-11-21T21:00:00.000,options,put
262,1574323560000,213.65,224.0,212.7,214.6,2000,,31600,weekly,2019-11-21T21:00:00.000,options,put
263,1574323620000,214.9,222.95,214.6,214.9,1440,,31600,weekly,2019-11-21T21:00:00.000,options,put
264,1574323680000,219.0,225.2,217.2,223.75,3080,,31600,weekly,2019-11-21T21:00:00.000,options,put
265,1574323740000,222.75,224.75,214.8,214.8,2300,,31600,weekly,2019-11-21T21:00:00.000,options,put
266,1574323800000,215.4,226.0,214.0,219.95,3080,,31600,weekly,2019-11-21T21:00:00.000,options,put
267,1574323860000,222.95,237.0,221.7,229.3,5440,,31600,weekly,2019-11-21T21:00:00.000,options,put
268,1574323920000,230.85,239.1,227.2,228.15,5440,,31600,weekly,2019-11-21T21:00:00.000,options,put
269,1574323980000,233.0,238.05,224.35,225.65,3460,,31600,weekly,2019-11-21T21:00:00.000,options,put
270,1574324040000,225.65,225.65,211.0,211.0,8260,,31600,weekly,2019-11-21T21:00:00.000,options,put
271,1574324100000,211.0,220.0,211.0,218.5,4160,,31600,weekly,2019-11-21T21:00:00.000,options,put
272,1574324160000,217.55,218.5,211.0,211.0,3260,,31600,weekly,2019-11-21T21:00:00.000,options,put
273,1574324220000,208.25,221.15,208.25,219.25,4580,,31600,weekly,2019-11-21T21:00:00.000,options,put
274,1574324280000,216.55,219.65,214.75,214.75,1120,,31600,weekly,2019-11-21T21:00:00.000,options,put
275,1574324340000,213.8,216.5,211.9,211.9,1100,,31600,weekly,2019-11-21T21:00:00.000,options,put
276,1574324400000,213.6,220.0,208.2,215.45,1680,,31600,weekly,2019-11-21T21:00:00.000,options,put
277,1574324460000,218.3,248.65,216.65,234.1,11020,,31600,weekly,2019-11-21T21:00:00.000,options,put
278,1574324520000,234.1,235.35,223.15,223.15,4100,,31600,weekly,2019-11-21T21:00:00.000,options,put
279,1574324580000,217.35,221.15,214.25,216.0,7860,,31600,weekly,2019-11-21T21:00:00.000,options,put
280,1574324640000,217.6,225.0,209.3,223.8,11800,,31600,weekly,2019-11-21T21:00:00.000,options,put
281,1574324700000,223.2,224.65,215.0,221.45,3040,,31600,weekly,2019-11-21T21:00:00.000,options,put
282,1574324760000,221.45,228.0,218.3,219.8,3840,,31600,weekly,2019-11-21T21:00:00.000,options,put
283,1574324820000,219.8,223.25,215.15,216.95,2880,,31600,weekly,2019-11-21T21:00:00.000,options,put
284,1574324880000,215.2,224.1,215.2,220.2,1640,,31600,weekly,2019-11-21T21:00:00.000,options,put
285,1574324940000,220.2,220.95,213.65,215.0,5740,,31600,weekly,2019-11-21T21:00:00.000,options,put
286,1574325000000,215.65,215.65,190.15,194.45,12200,,31600,weekly,2019-11-21T21:00:00.000,options,put
287,1574325060000,196.2,203.3,192.0,199.15,9440,,31600,weekly,2019-11-21T21:00:00.000,options,put
288,1574325120000,204.0,210.1,194.3,198.25,5760,,31600,weekly,2019-11-21T21:00:00.000,options,put
289,1574325180000,197.85,197.85,184.65,189.3,19440,,31600,weekly,2019-11-21T21:00:00.000,options,put
290,1574325240000,189.3,197.0,188.2,193.8,5900,,31600,weekly,2019-11-21T21:00:00.000,options,put
291,1574325300000,193.8,202.8,193.2,196.4,6300,,31600,weekly,2019-11-21T21:00:00.000,options,put
292,1574325360000,195.0,211.35,193.75,209.5,12600,,31600,weekly,2019-11-21T21:00:00.000,options,put
293,1574325420000,209.5,218.7,201.0,206.95,19200,,31600,weekly,2019-11-21T21:00:00.000,options,put
294,1574325480000,210.0,214.35,206.75,212.9,3800,,31600,weekly,2019-11-21T21:00:00.000,options,put
295,1574325540000,213.0,226.9,213.0,219.6,14580,,31600,weekly,2019-11-21T21:00:00.000,options,put
296,1574325600000,216.6,220.85,209.15,209.6,3820,,31600,weekly,2019-11-21T21:00:00.000,options,put
297,1574325660000,209.35,223.25,209.35,214.9,4680,,31600,weekly,2019-11-21T21:00:00.000,options,put
298,1574325720000,214.9,218.4,208.15,216.9,5920,,31600,weekly,2019-11-21T21:00:00.000,options,put
299,1574325780000,214.4,216.2,209.0,212.45,2240,,31600,weekly,2019-11-21T21:00:00.000,options,put
300,1574325840000,209.2,216.4,202.1,208.3,5000,,31600,weekly,2019-11-21T21:00:00.000,options,put
301,1574325900000,208.3,209.3,192.75,195.95,8620,,31600,weekly,2019-11-21T21:00:00.000,options,put
302,1574325960000,197.55,205.5,195.0,200.75,6500,,31600,weekly,2019-11-21T21:00:00.000,options,put
303,1574326020000,200.75,201.4,176.55,177.2,9980,,31600,weekly,2019-11-21T21:00:00.000,options,put
304,1574326080000,181.65,196.55,181.65,196.55,8480,,31600,weekly,2019-11-21T21:00:00.000,options,put
305,1574326140000,196.55,204.5,196.55,203.5,5340,,31600,weekly,2019-11-21T21:00:00.000,options,put
306,1574326200000,205.35,209.55,201.7,207.5,2980,,31600,weekly,2019-11-21T21:00:00.000,options,put
307,1574326260000,208.0,208.5,192.9,193.5,7120,,31600,weekly,2019-11-21T21:00:00.000,options,put
308,1574326320000,195.0,202.7,193.0,199.0,4520,,31600,weekly,2019-11-21T21:00:00.000,options,put
309,1574326380000,199.6,204.4,197.7,199.45,3620,,31600,weekly,2019-11-21T21:00:00.000,options,put
310,1574326440000,199.8,209.6,199.6,199.6,2620,,31600,weekly,2019-11-21T21:00:00.000,options,put
311,1574326500000,199.6,214.05,192.0,204.6,6560,,31600,weekly,2019-11-21T21:00:00.000,options,put
312,1574326560000,205.0,216.4,205.0,209.6,7980,,31600,weekly,2019-11-21T21:00:00.000,options,put
313,1574326620000,209.6,210.4,190.0,196.35,8200,,31600,weekly,2019-11-21T21:00:00.000,options,put
314,1574326680000,199.8,201.1,194.4,196.8,3280,,31600,weekly,2019-11-21T21:00:00.000,options,put
315,1574326740000,196.6,199.7,167.9,173.9,21480,,31600,weekly,2019-11-21T21:00:00.000,options,put
316,1574326800000,173.8,176.3,146.05,161.8,32280,,31600,weekly,2019-11-21T21:00:00.000,options,put
317,1574326860000,161.8,173.95,157.8,172.05,13600,,31600,weekly,2019-11-21T21:00:00.000,options,put
318,1574326920000,173.1,177.2,157.55,164.15,16540,,31600,weekly,2019-11-21T21:00:00.000,options,put
319,1574326980000,164.15,170.6,160.0,165.85,10000,,31600,weekly,2019-11-21T21:00:00.000,options,put
320,1574327040000,165.95,171.25,164.0,165.0,6700,,31600,weekly,2019-11-21T21:00:00.000,options,put
321,1574327100000,165.0,180.35,162.65,170.95,6080,,31600,weekly,2019-11-21T21:00:00.000,options,put
322,1574327160000,168.35,181.35,167.85,178.1,2380,,31600,weekly,2019-11-21T21:00:00.000,options,put
323,1574327220000,178.1,179.9,170.6,175.05,2640,,31600,weekly,2019-11-21T21:00:00.000,options,put
324,1574327280000,173.45,177.5,168.1,170.85,6420,,31600,weekly,2019-11-21T21:00:00.000,options,put
325,1574327340000,175.55,175.55,169.1,173.3,7980,,31600,weekly,2019-11-21T21:00:00.000,options,put
326,1574327400000,170.55,182.45,168.6,176.55,7540,,31600,weekly,2019-11-21T21:00:00.000,options,put
327,1574327460000,179.0,179.0,164.75,168.7,8340,,31600,weekly,2019-11-21T21:00:00.000,options,put
328,1574327520000,169.6,183.25,165.75,176.0,7520,,31600,weekly,2019-11-21T21:00:00.000,options,put
329,1574327580000,181.1,196.8,177.4,193.15,10100,,31600,weekly,2019-11-21T21:00:00.000,options,put
330,1574327640000,195.45,202.75,192.55,200.0,7940,,31600,weekly,2019-11-21T21:00:00.000,options,put
331,1574327700000,199.05,208.9,191.0,191.0,6180,,31600,weekly,2019-11-21T21:00:00.000,options,put
332,1574327760000,192.75,199.0,187.55,187.55,3440,,31600,weekly,2019-11-21T21:00:00.000,options,put
333,1574327820000,187.35,197.25,182.45,194.1,3700,,31600,weekly,2019-11-21T21:00:00.000,options,put
334,1574327880000,192.65,202.2,189.6,197.25,5180,,31600,weekly,2019-11-21T21:00:00.000,options,put
335,1574327940000,198.7,223.45,198.7,221.95,15960,,31600,weekly,2019-11-21T21:00:00.000,options,put
336,1574328000000,225.8,246.3,220.05,229.3,27820,,31600,weekly,2019-11-21T21:00:00.000,options,put
337,1574328060000,232.25,234.35,215.8,218.35,8800,,31600,weekly,2019-11-21T21:00:00.000,options,put
338,1574328120000,219.95,242.9,219.95,234.25,5600,,31600,weekly,2019-11-21T21:00:00.000,options,put
339,1574328180000,234.3,237.65,221.0,223.8,3980,,31600,weekly,2019-11-21T21:00:00.000,options,put
340,1574328240000,226.1,252.0,226.1,245.3,11060,,31600,weekly,2019-11-21T21:00:00.000,options,put
341,1574328300000,245.5,250.8,232.05,238.8,5300,,31600,weekly,2019-11-21T21:00:00.000,options,put
342,1574328360000,238.6,269.0,236.15,259.95,13500,,31600,weekly,2019-11-21T21:00:00.000,options,put
343,1574328420000,260.7,269.85,254.95,256.0,8160,,31600,weekly,2019-11-21T21:00:00.000,options,put
344,1574328480000,252.6,265.0,252.4,259.4,6600,,31600,weekly,2019-11-21T21:00:00.000,options,put
345,1574328540000,259.4,260.8,223.85,223.85,15500,,31600,weekly,2019-11-21T21:00:00.000,options,put
346,1574328600000,225.0,251.0,223.75,246.05,9380,,31600,weekly,2019-11-21T21:00:00.000,options,put
347,1574328660000,245.9,246.35,236.4,245.0,5360,,31600,weekly,2019-11-21T21:00:00.000,options,put
348,1574328720000,246.2,247.0,237.6,245.55,3000,,31600,weekly,2019-11-21T21:00:00.000,options,put
349,1574328780000,246.75,259.75,242.8,257.2,9060,,31600,weekly,2019-11-21T21:00:00.000,options,put
350,1574328840000,253.45,274.85,253.45,265.65,13700,,31600,weekly,2019-11-21T21:00:00.000,options,put
351,1574328900000,265.3,265.3,251.4,255.4,3500,,31600,weekly,2019-11-21T21:00:00.000,options,put
352,1574328960000,253.3,264.0,249.15,262.95,5940,,31600,weekly,2019-11-21T21:00:00.000,options,put
353,1574329020000,263.15,263.15,253.9,262.0,7380,,31600,weekly,2019-11-21T21:00:00.000,options,put
354,1574329080000,259.25,260.1,254.35,256.85,820,,31600,weekly,2019-11-21T21:00:00.000,options,put
355,1574329140000,258.4,260.0,248.95,260.0,3000,,31600,weekly,2019-11-21T21:00:00.000,options,put
356,1574329200000,257.1,258.55,249.2,252.45,4900,,31600,weekly,2019-11-21T21:00:00.000,options,put
357,1574329260000,251.0,257.0,248.9,252.0,3320,,31600,weekly,2019-11-21T21:00:00.000,options,put
358,1574329320000,253.3,255.3,247.9,248.6,3660,,31600,weekly,2019-11-21T21:00:00.000,options,put
359,1574329380000,247.05,251.15,245.5,249.6,4300,,31600,weekly,2019-11-21T21:00:00.000,options,put
360,1574329440000,248.5,252.4,245.35,246.9,4140,,31600,weekly,2019-11-21T21:00:00.000,options,put
361,1574329500000,246.95,250.1,244.5,248.35,1880,,31600,weekly,2019-11-21T21:00:00.000,options,put
362,1574329560000,248.8,251.1,247.6,250.1,1640,,31600,weekly,2019-11-21T21:00:00.000,options,put
363,1574329620000,249.7,251.0,247.45,247.45,2160,,31600,weekly,2019-11-21T21:00:00.000,options,put
364,1574329680000,249.75,250.15,248.5,250.0,2240,,31600,weekly,2019-11-21T21:00:00.000,options,put
365,1574329740000,249.3,254.25,249.3,251.1,3780,,31600,weekly,2019-11-21T21:00:00.000,options,put
366,1574329800000,251.9,251.9,250.35,251.0,920,,31600,weekly,2019-11-21T21:00:00.000,options,put
367,1574329860000,251.5,252.45,250.35,251.7,940,,31600,weekly,2019-11-21T21:00:00.000,options,put
368,1574329920000,250.35,252.05,249.45,250.05,3500,,31600,weekly,2019-11-21T21:00:00.000,options,put
369,1574329980000,250.15,251.45,250.05,250.2,1980,,31600,weekly,2019-11-21T21:00:00.000,options,put
370,1574330040000,249.85,250.55,248.6,249.5,820,,31600,weekly,2019-11-21T21:00:00.000,options,put
371,1574330100000,249.5,249.5,248.35,248.75,580,,31600,weekly,2019-11-21T21:00:00.000,options,put
372,1574330160000,248.45,249.1,248.4,248.55,1700,,31600,weekly,2019-11-21T21:00:00.000,options,put
373,1574330220000,248.65,249.3,248.2,248.8,4040,,31600,weekly,2019-11-21T21:00:00.000,options,put
374,1574330280000,248.85,249.3,248.4,249.3,3600,,31600,weekly,2019-11-21T21:00:00.000,options,put
