,timestamp,open,high,low,close,volume,open_interest,strike,expiry_type,expiry,instrument,contract_type
0,1608263040000,700.95,732.8,604.0,652.95,1500,,31200,weekly,2020-12-24T21:00:00.000,options,put
1,1608263100000,648.0,655.0,644.55,650.0,1075,,31200,weekly,2020-12-24T21:00:00.000,options,put
2,1608263160000,653.0,653.0,645.95,646.85,125,,31200,weekly,2020-12-24T21:00:00.000,options,put
3,1608263220000,642.35,651.0,642.35,651.0,625,,31200,weekly,2020-12-24T21:00:00.000,options,put
4,1608263280000,649.8,653.75,643.2,653.75,1150,,31200,weekly,2020-12-24T21:00:00.000,options,put
5,1608263340000,653.75,660.55,644.6,657.0,800,,31200,weekly,2020-12-24T21:00:00.000,options,put
6,1608263400000,653.8,665.4,653.8,657.4,1375,,31200,weekly,2020-12-24T21:00:00.000,options,put
7,1608263460000,655.4,656.2,652.05,653.6,575,,31200,weekly,2020-12-24T21:00:00.000,options,put
8,1608263520000,654.95,663.95,650.7,657.55,1975,,31200,weekly,2020-12-24T21:00:00.000,options,put
9,1608263580000,659.95,675.75,659.95,674.0,1225,,31200,weekly,2020-12-24T21:00:00.000,options,put
10,1608263640000,675.75,675.75,669.1,669.1,250,,31200,weekly,2020-12-24T21:00:00.000,options,put
11,1608263700000,660.25,668.8,660.25,668.8,200,,31200,weekly,2020-12-24T21:00:00.000,options,put
12,1608263760000,664.55,667.7,661.4,661.4,325,,31200,weekly,2020-12-24T21:00:00.000,options,put
13,1608263820000,663.7,664.2,663.7,664.2,175,,31200,weekly,2020-12-24T21:00:00.000,options,put
14,1608263880000,677.4,685.0,676.85,685.0,225,,31200,weekly,2020-12-24T21:00:00.000,options,put
15,1608263940000,682.95,689.7,682.95,687.05,225,,31200,weekly,2020-12-24T21:00:00.000,options,put
16,1608264000000,680.0,717.0,670.85,717.0,1850,,31200,weekly,2020-12-24T21:00:00.000,options,put
17,1608264060000,717.8,730.2,717.8,730.2,350,,31200,weekly,2020-12-24T21:00:00.000,options,put
18,1608264120000,744.95,751.15,739.3,746.5,475,,31200,weekly,2020-12-24T21:00:00.000,options,put
19,1608264180000,758.0,762.25,754.9,757.55,575,,31200,weekly,2020-12-24T21:00:00.000,options,put
20,1608264240000,771.15,771.15,730.0,734.45,775,,31200,weekly,2020-12-24T21:00:00.000,options,put
21,1608264300000,735.25,738.25,731.6,738.25,250,,31200,weekly,2020-12-24T21:00:00.000,options,put
22,1608264360000,743.2,758.0,743.2,757.4,150,,31200,weekly,2020-12-24T21:00:00.000,options,put
23,1608264420000,755.7,772.65,755.7,758.3,175,,31200,weekly,2020-12-24T21:00:00.000,options,put
24,1608264480000,757.7,810.0,757.7,810.0,1200,,31200,weekly,2020-12-24T21:00:00.000,options,put
25,1608264540000,819.05,819.05,794.4,803.35,325,,31200,weekly,2020-12-24T21:00:00.000,options,put
26,1608264600000,800.75,808.05,789.4,799.65,225,,31200,weekly,2020-12-24T21:00:00.000,options,put
27,1608264660000,799.65,799.65,771.6,771.6,275,,31200,weekly,2020-12-24T21:00:00.000,options,put
28,1608264720000,772.45,772.45,763.55,768.7,1175,,31200,weekly,2020-12-24T21:00:00.000,options,put
29,1608264780000,756.1,756.1,750.0,755.0,550,,31200,weekly,2020-12-24T21:00:00.000,options,put
30,1608264840000,752.45,765.95,752.45,765.95,125,,31200,weekly,2020-12-24T21:00:00.000,options,put
31,1608264900000,762.25,766.9,762.25,766.9,125,,31200,weekly,2020-12-24T21:00:00.000,options,put
32,1608264960000,771.85,771.85,770.2,770.2,100,,31200,weekly,2020-12-24T21:00:00.000,options,put
33,1608265020000,772.95,772.95,768.2,768.2,150,,31200,weekly,2020-12-24T21:00:00.000,options,put
34,1608265080000,780.0,782.35,772.5,779.45,175,,31200,weekly,2020-12-24T21:00:00.000,options,put
35,1608265140000,785.35,787.35,781.4,787.35,100,,31200,weekly,2020-12-24T21:00:00.000,options,put
36,1608265200000,775.75,780.0,775.75,780.0,50,,31200,weekly,2020-12-24T21:00:00.000,options,put
37,1608265260000,780.0,780.0,780.0,780.0,25,,31200,weekly,2020-12-24T21:00:00.000,options,put
38,1608265320000,785.7,800.0,785.7,800.0,125,,31200,weekly,2020-12-24T21:00:00.000,options,put
39,1608265380000,810.1,855.5,810.1,855.0,1325,,31200,weekly,2020-12-24T21:00:00.000,options,put
40,1608265440000,856.4,856.4,856.4,856.4,25,,31200,weekly,2020-12-24T21:00:00.000,options,put
41,1608265500000,836.75,846.55,836.75,842.25,150,,31200,weekly,2020-12-24T21:00:00.000,options,put
42,1608265560000,860.4,876.15,860.4,876.15,1250,,31200,weekly,2020-12-24T21:00:00.000,options,put
43,1608265620000,875.0,903.0,875.0,879.6,950,,31200,weekly,2020-12-24T21:00:00.000,options,put
44,1608265680000,892.7,916.75,892.7,916.75,50,,31200,weekly,2020-12-24T21:00:00.000,options,put
45,1608265740000,922.5,930.8,896.45,896.45,1725,,31200,weekly,2020-12-24T21:00:00.000,options,put
46,1608265800000,871.35,871.35,867.95,867.95,125,,31200,weekly,2020-12-24T21:00:00.000,options,put
47,1608265860000,882.25,882.25,878.15,878.15,50,,31200,weekly,2020-12-24T21:00:00.000,options,put
48,1608265920000,888.7,888.7,888.7,888.7,25,,31200,weekly,2020-12-24T21:00:00.000,options,put
49,1608265980000,893.95,893.95,881.65,881.65,625,,31200,weekly,2020-12-24T21:00:00.000,options,put
50,1608266040000,879.9,879.9,864.7,864.7,425,,31200,weekly,2020-12-24T21:00:00.000,options,put
51,1608266100000,863.5,863.5,852.25,852.25,150,,31200,weekly,2020-12-24T21:00:00.000,options,put
52,1608266160000,852.25,852.25,833.0,839.4,475,,31200,weekly,2020-12-24T21:00:00.000,options,put
53,1608266220000,849.0,849.0,845.0,845.0,100,,31200,weekly,2020-12-24T21:00:00.000,options,put
54,1608266280000,845.35,845.35,845.35,845.35,25,,31200,weekly,2020-12-24T21:00:00.000,options,put
55,1608266340000,863.5,863.5,852.35,852.35,150,,31200,weekly,2020-12-24T21:00:00.000,options,put
56,1608266400000,843.1,843.1,833.2,833.2,100,,31200,weekly,2020-12-24T21:00:00.000,options,put
57,1608266520000,827.95,827.95,820.35,820.35,100,,31200,weekly,2020-12-24T21:00:00.000,options,put
58,1608266580000,822.65,822.65,822.65,822.65,25,,31200,weekly,2020-12-24T21:00:00.000,options,put
59,1608266640000,838.0,838.0,837.65,837.65,75,,31200,weekly,2020-12-24T21:00:00.000,options,put
60,1608266700000,836.2,860.15,836.2,856.9,325,,31200,weekly,2020-12-24T21:00:00.000,options,put
61,1608266760000,851.3,851.3,845.0,845.25,150,,31200,weekly,2020-12-24T21:00:00.000,options,put
62,1608266880000,844.05,845.25,844.05,845.25,75,,31200,weekly,2020-12-24T21:00:00.000,options,put
63,1608266940000,832.6,833.25,832.6,833.25,100,,31200,weekly,2020-12-24T21:00:00.000,options,put
64,1608267060000,820.7,820.7,807.95,807.95,100,,31200,weekly,2020-12-24T21:00:00.000,options,put
65,1608267180000,801.0,808.85,801.0,808.85,225,,31200,weekly,2020-12-24T21:00:00.000,options,put
66,1608267240000,808.85,812.0,808.85,812.0,75,,31200,weekly,2020-12-24T21:00:00.000,options,put
67,1608267300000,818.75,818.75,818.75,818.75,50,,31200,weekly,2020-12-24T21:00:00.000,options,put
68,1608267360000,825.0,828.0,825.0,828.0,50,,31200,weekly,2020-12-24T21:00:00.000,options,put
69,1608267420000,834.65,835.35,834.0,834.0,250,,31200,weekly,2020-12-24T21:00:00.000,options,put
70,1608267480000,830.65,830.65,830.65,830.65,50,,31200,weekly,2020-12-24T21:00:00.000,options,put
71,1608267540000,850.0,852.2,850.0,852.2,225,,31200,weekly,2020-12-24T21:00:00.000,options,put
72,1608267600000,835.9,835.9,835.9,835.9,50,,31200,weekly,2020-12-24T21:00:00.000,options,put
73,1608267660000,832.95,832.95,832.95,832.95,100,,31200,weekly,2020-12-24T21:00:00.000,options,put
74,1608267720000,818.5,818.5,818.5,818.5,25,,31200,weekly,2020-12-24T21:00:00.000,options,put
75,1608267960000,820.35,820.35,815.0,815.0,100,,31200,weekly,2020-12-24T21:00:00.000,options,put
76,1608268020000,820.0,820.0,798.6,798.6,125,,31200,weekly,2020-12-24T21:00:00.000,options,put
77,1608268140000,817.4,817.8,817.4,817.8,50,,31200,weekly,2020-12-24T21:00:00.000,options,put
78,1608268200000,830.7,830.7,830.7,830.7,75,,31200,weekly,2020-12-24T21:00:00.000,options,put
79,1608268320000,830.7,830.7,830.7,830.7,25,,31200,weekly,2020-12-24T21:00:00.000,options,put
80,1608268440000,800.0,800.0,800.0,800.0,25,,31200,weekly,2020-12-24T21:00:00.000,options,put
81,1608268620000,805.0,805.0,805.0,805.0,100,,31200,weekly,2020-12-24T21:00:00.000,options,put
82,1608268680000,799.4,799.4,799.4,799.4,25,,31200,weekly,2020-12-24T21:00:00.000,options,put
83,1608268740000,800.0,800.0,796.45,800.0,250,,31200,weekly,2020-12-24T21:00:00.000,options,put
84,1608268860000,782.05,782.05,782.05,782.05,50,,31200,weekly,2020-12-24T21:00:00.000,options,put
85,1608268980000,785.0,785.0,785.0,785.0,25,,31200,weekly,2020-12-24T21:00:00.000,options,put
86,1608269100000,807.8,807.8,800.0,800.0,75,,31200,weekly,2020-12-24T21:00:00.000,options,put
87,1608269220000,804.55,804.55,804.55,804.55,25,,31200,weekly,2020-12-24T21:00:00.000,options,put
88,1608269340000,790.75,790.75,790.75,790.75,50,,31200,weekly,2020-12-24T21:00:00.000,options,put
89,1608269400000,787.1,787.1,787.1,787.1,25,,31200,weekly,2020-12-24T21:00:00.000,options,put
90,1608269460000,781.15,784.05,780.5,780.5,125,,31200,weekly,2020-12-24T21:00:00.000,options,put
91,1608269520000,771.0,776.4,771.0,776.4,125,,31200,weekly,2020-12-24T21:00:00.000,options,put
92,1608269580000,768.35,770.0,768.0,770.0,175,,31200,weekly,2020-12-24T21:00:00.000,options,put
93,1608269700000,784.75,784.75,784.75,784.75,50,,31200,weekly,2020-12-24T21:00:00.000,options,put
94,1608269760000,798.6,798.6,798.6,798.6,50,,31200,weekly,2020-12-24T21:00:00.000,options,put
95,1608269940000,800.7,808.55,800.7,808.55,325,,31200,weekly,2020-12-24T21:00:00.000,options,put
96,1608270000000,799.6,799.6,799.6,799.6,50,,31200,weekly,2020-12-24T21:00:00.000,options,put
97,1608270060000,791.6,791.6,791.0,791.0,50,,31200,weekly,2020-12-24T21:00:00.000,options,put
98,1608270180000,789.75,789.75,789.75,789.75,50,,31200,weekly,2020-12-24T21:00:00.000,options,put
99,1608270240000,776.0,776.0,776.0,776.0,75,,31200,weekly,2020-12-24T21:00:00.000,options,put
100,1608270300000,783.4,784.05,783.4,784.05,75,,31200,weekly,2020-12-24T21:00:00.000,options,put
101,1608270600000,780.0,780.0,780.0,780.0,50,,31200,weekly,2020-12-24T21:00:00.000,options,put
102,1608270660000,780.15,780.15,780.15,780.15,25,,31200,weekly,2020-12-24T21:00:00.000,options,put
103,1608270840000,785.0,785.0,762.55,762.55,350,,31200,weekly,2020-12-24T21:00:00.000,options,put
104,1608270900000,763.05,764.1,725.0,730.9,675,,31200,weekly,2020-12-24T21:00:00.000,options,put
105,1608270960000,730.9,739.2,730.9,739.2,250,,31200,weekly,2020-12-24T21:00:00.000,options,put
106,1608271020000,743.15,743.15,742.15,742.15,75,,31200,weekly,2020-12-24T21:00:00.000,options,put
107,1608271080000,741.35,741.35,737.9,737.9,325,,31200,weekly,2020-12-24T21:00:00.000,options,put
108,1608271140000,734.9,734.9,731.55,731.55,50,,31200,weekly,2020-12-24T21:00:00.000,options,put
109,1608271200000,739.0,739.0,739.0,739.0,25,,31200,weekly,2020-12-24T21:00:00.000,options,put
110,1608271260000,750.1,750.1,750.1,750.1,100,,31200,weekly,2020-12-24T21:00:00.000,options,put
111,1608271320000,746.5,746.5,746.5,746.5,200,,31200,weekly,2020-12-24T21:00:00.000,options,put
112,1608271440000,748.15,748.15,743.0,743.0,100,,31200,weekly,2020-12-24T21:00:00.000,options,put
113,1608271560000,754.1,754.1,754.0,754.0,50,,31200,weekly,2020-12-24T21:00:00.000,options,put
114,1608271620000,759.35,759.35,753.55,753.55,275,,31200,weekly,2020-12-24T21:00:00.000,options,put
115,1608271680000,751.75,751.75,751.75,751.75,250,,31200,weekly,2020-12-24T21:00:00.000,options,put
116,1608271740000,768.0,770.75,768.0,770.75,200,,31200,weekly,2020-12-24T21:00:00.000,options,put
117,1608271860000,795.35,795.35,789.7,789.7,75,,31200,weekly,2020-12-24T21:00:00.000,options,put
118,1608271980000,770.15,771.45,770.15,771.45,50,,31200,weekly,2020-12-24T21:00:00.000,options,put
119,1608272040000,785.55,785.55,785.55,785.55,25,,31200,weekly,2020-12-24T21:00:00.000,options,put
120,1608272100000,787.0,787.0,787.0,787.0,25,,31200,weekly,2020-12-24T21:00:00.000,options,put
121,1608272160000,791.35,791.35,791.35,791.35,25,,31200,weekly,2020-12-24T21:00:00.000,options,put
122,1608272280000,783.1,783.1,783.1,783.1,25,,31200,weekly,2020-12-24T21:00:00.000,options,put
123,1608272400000,788.5,788.5,788.5,788.5,100,,31200,weekly,2020-12-24T21:00:00.000,options,put
124,1608272580000,812.1,812.7,812.1,812.7,375,,31200,weekly,2020-12-24T21:00:00.000,options,put
125,1608272640000,809.35,809.35,809.35,809.35,25,,31200,weekly,2020-12-24T21:00:00.000,options,put
126,1608272700000,820.75,830.35,820.75,830.35,150,,31200,weekly,2020-12-24T21:00:00.000,options,put
127,1608272820000,789.8,789.8,789.8,789.8,25,,31200,weekly,2020-12-24T21:00:00.000,options,put
128,1608272940000,780.0,780.0,780.0,780.0,25,,31200,weekly,2020-12-24T21:00:00.000,options,put
129,1608273060000,773.75,773.75,773.75,773.75,25,,31200,weekly,2020-12-24T21:00:00.000,options,put
130,1608273120000,760.95,762.25,760.95,762.25,50,,31200,weekly,2020-12-24T21:00:00.000,options,put
131,1608273360000,780.0,780.0,779.5,779.5,75,,31200,weekly,2020-12-24T21:00:00.000,options,put
132,1608273420000,767.2,767.2,767.2,767.2,25,,31200,weekly,2020-12-24T21:00:00.000,options,put
133,1608273480000,765.7,765.7,765.7,765.7,50,,31200,weekly,2020-12-24T21:00:00.000,options,put
134,1608273660000,749.5,760.3,749.5,760.3,650,,31200,weekly,2020-12-24T21:00:00.000,options,put
135,1608273720000,768.15,768.15,768.15,768.15,25,,31200,weekly,2020-12-24T21:00:00.000,options,put
136,1608273780000,774.8,774.8,772.5,773.25,150,,31200,weekly,2020-12-24T21:00:00.000,options,put
137,1608273840000,775.05,775.05,775.05,775.05,125,,31200,weekly,2020-12-24T21:00:00.000,options,put
138,1608273900000,782.0,782.0,782.0,782.0,25,,31200,weekly,2020-12-24T21:00:00.000,options,put
139,1608273960000,782.0,782.0,782.0,782.0,25,,31200,weekly,2020-12-24T21:00:00.000,options,put
140,1608274020000,777.5,780.0,777.5,780.0,100,,31200,weekly,2020-12-24T21:00:00.000,options,put
141,1608274500000,778.5,778.5,778.5,778.5,25,,31200,weekly,2020-12-24T21:00:00.000,options,put
142,1608274560000,775.65,775.65,770.8,770.8,400,,31200,weekly,2020-12-24T21:00:00.000,options,put
143,1608274680000,762.05,762.05,749.7,752.35,175,,31200,weekly,2020-12-24T21:00:00.000,options,put
144,1608274740000,752.35,756.0,752.35,756.0,175,,31200,weekly,2020-12-24T21:00:00.000,options,put
145,1608274800000,750.25,757.5,750.25,757.5,100,,31200,weekly,2020-12-24T21:00:00.000,options,put
146,1608274860000,768.45,768.45,768.45,768.45,125,,31200,weekly,2020-12-24T21:00:00.000,options,put
147,1608274920000,780.0,782.75,780.0,782.75,100,,31200,weekly,2020-12-24T21:00:00.000,options,put
148,1608275040000,799.8,799.85,799.8,799.85,50,,31200,weekly,2020-12-24T21:00:00.000,options,put
149,1608275100000,799.0,860.05,799.0,842.1,250,,31200,weekly,2020-12-24T21:00:00.000,options,put
150,1608275160000,824.6,824.6,824.6,824.6,25,,31200,weekly,2020-12-24T21:00:00.000,options,put
151,1608275220000,836.05,836.05,829.05,830.3,100,,31200,weekly,2020-12-24T21:00:00.000,options,put
152,1608275280000,827.85,830.0,825.0,826.1,475,,31200,weekly,2020-12-24T21:00:00.000,options,put
153,1608275340000,811.1,811.1,811.1,811.1,100,,31200,weekly,2020-12-24T21:00:00.000,options,put
154,1608275520000,830.0,830.0,830.0,830.0,25,,31200,weekly,2020-12-24T21:00:00.000,options,put
155,1608275640000,803.15,803.15,803.15,803.15,25,,31200,weekly,2020-12-24T21:00:00.000,options,put
156,1608275700000,783.0,783.0,783.0,783.0,75,,31200,weekly,2020-12-24T21:00:00.000,options,put
157,1608275760000,785.55,789.45,785.55,786.6,125,,31200,weekly,2020-12-24T21:00:00.000,options,put
158,1608276000000,782.75,782.75,782.75,782.75,50,,31200,weekly,2020-12-24T21:00:00.000,options,put
159,1608276240000,800.75,805.6,800.75,805.6,75,,31200,weekly,2020-12-24T21:00:00.000,options,put
160,1608276300000,800.0,800.0,800.0,800.0,25,,31200,weekly,2020-12-24T21:00:00.000,options,put
161,1608276540000,795.75,795.75,795.75,795.75,25,,31200,weekly,2020-12-24T21:00:00.000,options,put
162,1608276600000,812.7,812.7,812.7,812.7,75,,31200,weekly,2020-12-24T21:00:00.000,options,put
163,1608276780000,815.65,819.7,815.65,819.7,75,,31200,weekly,2020-12-24T21:00:00.000,options,put
164,1608276840000,813.8,813.8,805.25,809.2,200,,31200,weekly,2020-12-24T21:00:00.000,options,put
165,1608276900000,812.2,812.2,810.05,810.05,75,,31200,weekly,2020-12-24T21:00:00.000,options,put
166,1608276960000,804.2,804.2,804.2,804.2,25,,31200,weekly,2020-12-24T21:00:00.000,options,put
167,1608277140000,795.55,795.55,795.55,795.55,25,,31200,weekly,2020-12-24T21:00:00.000,options,put
168,1608277200000,782.0,782.0,770.0,774.45,100,,31200,weekly,2020-12-24T21:00:00.000,options,put
169,1608277380000,783.5,783.5,783.5,783.5,25,,31200,weekly,2020-12-24T21:00:00.000,options,put
170,1608277500000,784.35,796.0,784.35,796.0,75,,31200,weekly,2020-12-24T21:00:00.000,options,put
171,1608277620000,798.55,798.55,798.55,798.55,50,,31200,weekly,2020-12-24T21:00:00.000,options,put
172,1608277680000,785.7,785.7,782.45,782.45,150,,31200,weekly,2020-12-24T21:00:00.000,options,put
173,1608278040000,810.0,810.0,810.0,810.0,100,,31200,weekly,2020-12-24T21:00:00.000,options,put
174,1608278100000,791.95,791.95,740.0,748.9,500,,31200,weekly,2020-12-24T21:00:00.000,options,put
175,1608278160000,720.4,720.4,688.5,711.7,1075,,31200,weekly,2020-12-24T21:00:00.000,options,put
176,1608278220000,715.0,721.4,714.8,715.0,925,,31200,weekly,2020-12-24T21:00:00.000,options,put
177,1608278280000,717.05,717.05,717.05,717.05,100,,31200,weekly,2020-12-24T21:00:00.000,options,put
178,1608278340000,710.0,712.55,695.45,706.9,650,,31200,weekly,2020-12-24T21:00:00.000,options,put
179,1608278460000,709.15,709.15,706.5,706.5,150,,31200,weekly,2020-12-24T21:00:00.000,options,put
180,1608278520000,721.0,729.95,721.0,729.95,50,,31200,weekly,2020-12-24T21:00:00.000,options,put
181,1608278580000,721.85,721.85,721.85,721.85,25,,31200,weekly,2020-12-24T21:00:00.000,options,put
182,1608278640000,723.45,730.0,723.45,725.9,275,,31200,weekly,2020-12-24T21:00:00.000,options,put
183,1608278700000,730.0,730.0,726.7,727.45,375,,31200,weekly,2020-12-24T21:00:00.000,options,put
184,1608278820000,723.6,723.6,723.6,723.6,25,,31200,weekly,2020-12-24T21:00:00.000,options,put
185,1608278940000,722.05,741.15,721.15,741.15,175,,31200,weekly,2020-12-24T21:00:00.000,options,put
186,1608279060000,734.55,734.55,734.55,734.55,100,,31200,weekly,2020-12-24T21:00:00.000,options,put
187,1608279180000,734.85,734.85,734.85,734.85,25,,31200,weekly,2020-12-24T21:00:00.000,options,put
188,1608279240000,736.6,748.0,736.6,748.0,200,,31200,weekly,2020-12-24T21:00:00.000,options,put
189,1608279300000,748.0,754.95,746.55,754.95,225,,31200,weekly,2020-12-24T21:00:00.000,options,put
190,1608279420000,743.85,743.85,734.2,734.2,100,,31200,weekly,2020-12-24T21:00:00.000,options,put
191,1608279480000,728.9,728.9,728.9,728.9,25,,31200,weekly,2020-12-24T21:00:00.000,options,put
192,1608279660000,733.5,733.5,733.5,733.5,25,,31200,weekly,2020-12-24T21:00:00.000,options,put
193,1608279720000,730.0,730.0,730.0,730.0,250,,31200,weekly,2020-12-24T21:00:00.000,options,put
194,1608279780000,724.15,726.3,718.4,718.4,200,,31200,weekly,2020-12-24T21:00:00.000,options,put
195,1608279840000,712.75,712.75,689.2,702.5,1175,,31200,weekly,2020-12-24T21:00:00.000,options,put
196,1608279900000,705.45,705.45,696.45,703.65,225,,31200,weekly,2020-12-24T21:00:00.000,options,put
197,1608279960000,696.9,706.55,696.9,700.0,300,,31200,weekly,2020-12-24T21:00:00.000,options,put
198,1608280080000,699.7,699.7,699.7,699.7,25,,31200,weekly,2020-12-24T21:00:00.000,options,put
199,1608280140000,705.8,705.8,703.85,703.85,200,,31200,weekly,2020-12-24T21:00:00.000,options,put
200,1608280200000,707.7,707.7,707.7,707.7,100,,31200,weekly,2020-12-24T21:00:00.000,options,put
201,1608280260000,712.9,712.9,706.95,706.95,125,,31200,weekly,2020-12-24T21:00:00.000,options,put
202,1608280320000,712.9,712.9,712.9,712.9,50,,31200,weekly,2020-12-24T21:00:00.000,options,put
203,1608280380000,719.0,719.0,719.0,719.0,25,,31200,weekly,2020-12-24T21:00:00.000,options,put
204,1608280440000,729.0,731.95,729.0,731.95,325,,31200,weekly,2020-12-24T21:00:00.000,options,put
205,1608280560000,707.0,708.0,705.0,705.0,150,,31200,weekly,2020-12-24T21:00:00.000,options,put
206,1608280620000,700.0,700.0,657.35,661.75,1350,,31200,weekly,2020-12-24T21:00:00.000,options,put
207,1608280680000,661.75,668.1,661.75,663.0,350,,31200,weekly,2020-12-24T21:00:00.000,options,put
208,1608280740000,655.8,655.8,642.8,648.0,850,,31200,weekly,2020-12-24T21:00:00.000,options,put
209,1608280800000,648.0,648.95,642.75,648.95,300,,31200,weekly,2020-12-24T21:00:00.000,options,put
210,1608280860000,648.75,652.25,643.8,643.8,250,,31200,weekly,2020-12-24T21:00:00.000,options,put
211,1608280920000,643.9,646.2,626.2,628.4,425,,31200,weekly,2020-12-24T21:00:00.000,options,put
212,1608280980000,639.7,639.7,626.45,626.45,25,,31200,weekly,2020-12-24T21:00:00.000,options,put
213,1608281040000,593.1,627.55,593.1,617.95,850,,31200,weekly,2020-12-24T21:00:00.000,options,put
214,1608281100000,633.75,642.45,627.25,634.6,625,,31200,weekly,2020-12-24T21:00:00.000,options,put
215,1608281160000,628.75,639.1,628.75,639.1,400,,31200,weekly,2020-12-24T21:00:00.000,options,put
216,1608281280000,625.05,625.8,620.6,625.8,1375,,31200,weekly,2020-12-24T21:00:00.000,options,put
217,1608281340000,623.0,623.0,623.0,623.0,50,,31200,weekly,2020-12-24T21:00:00.000,options,put
218,1608281400000,645.0,645.0,636.05,636.05,250,,31200,weekly,2020-12-24T21:00:00.000,options,put
219,1608281460000,643.5,643.5,643.5,643.5,100,,31200,weekly,2020-12-24T21:00:00.000,options,put
220,1608281520000,642.0,642.0,642.0,642.0,75,,31200,weekly,2020-12-24T21:00:00.000,options,put
221,1608281580000,634.15,634.15,634.15,634.15,250,,31200,weekly,2020-12-24T21:00:00.000,options,put
222,1608281640000,628.7,630.0,628.7,630.0,200,,31200,weekly,2020-12-24T21:00:00.000,options,put
223,1608281700000,630.15,630.15,630.15,630.15,25,,31200,weekly,2020-12-24T21:00:00.000,options,put
224,1608281760000,629.8,630.05,629.8,630.0,125,,31200,weekly,2020-12-24T21:00:00.000,options,put
225,1608281820000,631.1,631.1,631.1,631.1,75,,31200,weekly,2020-12-24T21:00:00.000,options,put
226,1608281880000,630.6,630.6,630.6,630.6,25,,31200,weekly,2020-12-24T21:00:00.000,options,put
227,1608281940000,636.05,650.75,636.05,650.75,375,,31200,weekly,2020-12-24T21:00:00.000,options,put
228,1608282000000,650.75,654.45,639.85,647.0,950,,31200,weekly,2020-12-24T21:00:00.000,options,put
229,1608282060000,645.3,654.0,645.3,654.0,275,,31200,weekly,2020-12-24T21:00:00.000,options,put
230,1608282120000,654.0,654.0,639.85,641.15,325,,31200,weekly,2020-12-24T21:00:00.000,options,put
231,1608282180000,640.7,640.7,623.8,623.8,275,,31200,weekly,2020-12-24T21:00:00.000,options,put
232,1608282240000,613.1,613.1,583.1,585.55,1475,,31200,weekly,2020-12-24T21:00:00.000,options,put
233,1608282300000,585.5,585.9,573.7,579.3,1150,,31200,weekly,2020-12-24T21:00:00.000,options,put
234,1608282360000,566.95,566.95,566.95,566.95,50,,31200,weekly,2020-12-24T21:00:00.000,options,put
235,1608282420000,580.05,582.3,579.55,579.55,200,,31200,weekly,2020-12-24T21:00:00.000,options,put
236,1608282480000,577.0,577.0,545.45,558.6,850,,31200,weekly,2020-12-24T21:00:00.000,options,put
237,1608282540000,555.0,562.5,555.0,560.9,2025,,31200,weekly,2020-12-24T21:00:00.000,options,put
238,1608282600000,558.25,563.75,558.25,560.75,225,,31200,weekly,2020-12-24T21:00:00.000,options,put
239,1608282660000,560.75,566.85,557.05,560.0,550,,31200,weekly,2020-12-24T21:00:00.000,options,put
240,1608282720000,560.0,560.0,520.0,527.95,1350,,31200,weekly,2020-12-24T21:00:00.000,options,put
241,1608282780000,533.9,540.0,533.9,538.2,325,,31200,weekly,2020-12-24T21:00:00.000,options,put
242,1608282840000,535.35,547.95,535.35,545.15,700,,31200,weekly,2020-12-24T21:00:00.000,options,put
243,1608282900000,542.55,551.25,542.55,551.25,525,,31200,weekly,2020-12-24T21:00:00.000,options,put
244,1608282960000,551.25,551.25,542.9,544.75,950,,31200,weekly,2020-12-24T21:00:00.000,options,put
245,1608283020000,544.05,544.85,534.3,542.15,1475,,31200,weekly,2020-12-24T21:00:00.000,options,put
246,1608283080000,545.15,545.15,539.15,544.7,800,,31200,weekly,2020-12-24T21:00:00.000,options,put
247,1608283140000,539.6,539.6,522.8,535.0,1650,,31200,weekly,2020-12-24T21:00:00.000,options,put
248,1608283200000,535.0,537.25,533.45,535.6,1300,,31200,weekly,2020-12-24T21:00:00.000,options,put
249,1608283260000,535.1,535.1,511.95,518.4,625,,31200,weekly,2020-12-24T21:00:00.000,options,put
250,1608283320000,518.4,526.4,518.4,526.4,275,,31200,weekly,2020-12-24T21:00:00.000,options,put
251,1608283380000,531.75,548.6,531.75,546.0,475,,31200,weekly,2020-12-24T21:00:00.000,options,put
252,1608283440000,538.0,540.4,538.0,538.0,400,,31200,weekly,2020-12-24T21:00:00.000,options,put
253,1608283500000,544.9,551.2,543.0,547.0,775,,31200,weekly,2020-12-24T21:00:00.000,options,put
254,1608283560000,547.0,554.45,547.0,550.85,875,,31200,weekly,2020-12-24T21:00:00.000,options,put
255,1608283620000,550.85,558.75,550.3,557.0,550,,31200,weekly,2020-12-24T21:00:00.000,options,put
256,1608283680000,557.0,557.0,545.0,545.0,150,,31200,weekly,2020-12-24T21:00:00.000,options,put
257,1608283740000,545.0,545.95,532.1,541.0,1775,,31200,weekly,2020-12-24T21:00:00.000,options,put
258,1608283860000,548.35,552.75,547.85,552.75,150,,31200,weekly,2020-12-24T21:00:00.000,options,put
259,1608283920000,554.0,560.0,554.0,554.75,225,,31200,weekly,2020-12-24T21:00:00.000,options,put
260,1608283980000,555.35,569.0,555.35,569.0,750,,31200,weekly,2020-12-24T21:00:00.000,options,put
261,1608284040000,564.8,571.85,560.95,569.5,400,,31200,weekly,2020-12-24T21:00:00.000,options,put
262,1608284100000,566.35,580.0,566.35,580.0,800,,31200,weekly,2020-12-24T21:00:00.000,options,put
263,1608284160000,577.0,585.35,577.0,585.35,650,,31200,weekly,2020-12-24T21:00:00.000,options,put
264,1608284220000,587.0,597.0,586.4,597.0,625,,31200,weekly,2020-12-24T21:00:00.000,options,put
265,1608284280000,600.0,611.5,594.5,594.95,450,,31200,weekly,2020-12-24T21:00:00.000,options,put
266,1608284340000,594.4,608.55,594.4,605.0,725,,31200,weekly,2020-12-24T21:00:00.000,options,put
267,1608284400000,616.75,616.75,596.0,596.0,475,,31200,weekly,2020-12-24T21:00:00.000,options,put
268,1608284460000,590.0,591.6,590.0,591.5,300,,31200,weekly,2020-12-24T21:00:00.000,options,put
269,1608284520000,592.85,595.0,592.85,594.5,175,,31200,weekly,2020-12-24T21:00:00.000,options,put
270,1608284580000,583.55,583.55,581.65,581.95,125,,31200,weekly,2020-12-24T21:00:00.000,options,put
271,1608284640000,585.0,587.9,585.0,587.45,200,,31200,weekly,2020-12-24T21:00:00.000,options,put
272,1608284700000,584.55,585.9,584.55,585.9,100,,31200,weekly,2020-12-24T21:00:00.000,options,put
273,1608284820000,587.0,591.35,587.0,588.35,225,,31200,weekly,2020-12-24T21:00:00.000,options,put
274,1608284880000,582.0,599.35,582.0,599.35,300,,31200,weekly,2020-12-24T21:00:00.000,options,put
275,1608284940000,598.45,618.4,598.45,618.2,1925,,31200,weekly,2020-12-24T21:00:00.000,options,put
276,1608285000000,621.95,643.25,619.0,639.95,700,,31200,weekly,2020-12-24T21:00:00.000,options,put
277,1608285060000,640.8,644.0,632.0,644.0,1425,,31200,weekly,2020-12-24T21:00:00.000,options,put
278,1608285120000,639.25,640.7,639.25,640.4,100,,31200,weekly,2020-12-24T21:00:00.000,options,put
279,1608285180000,638.05,638.05,638.05,638.05,25,,31200,weekly,2020-12-24T21:00:00.000,options,put
280,1608285240000,641.4,645.9,639.0,639.0,825,,31200,weekly,2020-12-24T21:00:00.000,options,put
281,1608285300000,638.0,645.0,638.0,645.0,225,,31200,weekly,2020-12-24T21:00:00.000,options,put
282,1608285360000,642.1,643.0,642.1,642.8,1025,,31200,weekly,2020-12-24T21:00:00.000,options,put
283,1608285420000,642.8,642.8,642.8,642.8,125,,31200,weekly,2020-12-24T21:00:00.000,options,put
284,1608285480000,640.25,645.75,634.4,635.0,1425,,31200,weekly,2020-12-24T21:00:00.000,options,put
