,timestamp,open,high,low,close,volume,open_interest,strike,expiry_type,expiry,instrument,contract_type
0,1560330900000,8.0,10.1,6.0,8.1,288675,,11800,weekly,2019-6-13T21:00:00.000,options,put
1,1560330960000,8.25,8.8,8.05,8.15,194925,,11800,weekly,2019-6-13T21:00:00.000,options,put
2,1560331020000,8.05,8.9,8.05,8.8,187200,,11800,weekly,2019-6-13T21:00:00.000,options,put
3,1560331080000,8.95,9.0,7.7,8.3,193500,,11800,weekly,2019-6-13T21:00:00.000,options,put
4,1560331140000,8.3,8.9,8.3,8.9,78825,,11800,weekly,2019-6-13T21:00:00.000,options,put
5,1560331200000,9.0,9.9,9.0,9.65,178725,,11800,weekly,2019-6-13T21:00:00.000,options,put
6,1560331260000,9.55,9.75,9.15,9.15,85275,,11800,weekly,2019-6-13T21:00:00.000,options,put
7,1560331320000,9.15,9.8,9.1,9.2,109425,,11800,weekly,2019-6-13T21:00:00.000,options,put
8,1560331380000,9.3,9.85,9.3,9.5,91725,,11800,weekly,2019-6-13T21:00:00.000,options,put
9,1560331440000,9.75,10.35,9.5,9.65,149100,,11800,weekly,2019-6-13T21:00:00.000,options,put
10,1560331500000,9.65,10.0,9.6,9.8,68100,,11800,weekly,2019-6-13T21:00:00.000,options,put
11,1560331560000,10.0,10.8,10.0,10.65,120675,,11800,weekly,2019-6-13T21:00:00.000,options,put
12,1560331620000,10.2,10.55,9.75,9.9,107175,,11800,weekly,2019-6-13T21:00:00.000,options,put
13,1560331680000,9.75,9.95,9.4,9.5,101175,,11800,weekly,2019-6-13T21:00:00.000,options,put
14,1560331740000,9.65,10.15,9.65,10.0,72525,,11800,weekly,2019-6-13T21:00:00.000,options,put
15,1560331800000,9.95,10.05,9.85,10.0,55800,,11800,weekly,2019-6-13T21:00:00.000,options,put
16,1560331860000,10.0,11.0,10.0,10.75,119400,,11800,weekly,2019-6-13T21:00:00.000,options,put
17,1560331920000,10.85,10.9,10.35,10.4,81375,,11800,weekly,2019-6-13T21:00:00.000,options,put
18,1560331980000,10.35,10.8,10.1,10.45,79875,,11800,weekly,2019-6-13T21:00:00.000,options,put
19,1560332040000,10.4,11.4,10.35,10.75,126375,,11800,weekly,2019-6-13T21:00:00.000,options,put
20,1560332100000,10.6,11.1,10.3,10.4,65400,,11800,weekly,2019-6-13T21:00:00.000,options,put
21,1560332160000,10.25,10.45,9.65,9.65,46800,,11800,weekly,2019-6-13T21:00:00.000,options,put
22,1560332220000,9.75,9.85,9.4,9.55,75900,,11800,weekly,2019-6-13T21:00:00.000,options,put
23,1560332280000,9.85,10.0,9.5,9.65,44250,,11800,weekly,2019-6-13T21:00:00.000,options,put
24,1560332340000,9.7,9.95,9.7,9.85,33975,,11800,weekly,2019-6-13T21:00:00.000,options,put
25,1560332400000,9.9,10.5,9.9,10.5,69300,,11800,weekly,2019-6-13T21:00:00.000,options,put
26,1560332460000,10.5,10.65,10.25,10.5,41175,,11800,weekly,2019-6-13T21:00:00.000,options,put
27,1560332520000,10.45,10.45,9.75,10.1,67950,,11800,weekly,2019-6-13T21:00:00.000,options,put
28,1560332580000,9.95,10.0,9.6,9.7,57675,,11800,weekly,2019-6-13T21:00:00.000,options,put
29,1560332640000,9.65,10.0,9.6,9.8,37950,,11800,weekly,2019-6-13T21:00:00.000,options,put
30,1560332700000,9.85,10.5,9.8,10.45,52500,,11800,weekly,2019-6-13T21:00:00.000,options,put
31,1560332760000,10.6,10.7,9.8,9.8,63300,,11800,weekly,2019-6-13T21:00:00.000,options,put
32,1560332820000,9.8,9.9,9.5,9.6,65400,,11800,weekly,2019-6-13T21:00:00.000,options,put
33,1560332880000,9.65,9.75,9.5,9.6,34650,,11800,weekly,2019-6-13T21:00:00.000,options,put
34,1560332940000,9.7,10.0,9.6,9.6,43125,,11800,weekly,2019-6-13T21:00:00.000,options,put
35,1560333000000,9.55,9.55,8.9,9.35,88950,,11800,weekly,2019-6-13T21:00:00.000,options,put
36,1560333060000,9.45,9.45,8.95,8.95,87450,,11800,weekly,2019-6-13T21:00:00.000,options,put
37,1560333120000,8.9,9.15,8.7,8.9,66675,,11800,weekly,2019-6-13T21:00:00.000,options,put
38,1560333180000,8.95,9.4,8.9,9.4,45150,,11800,weekly,2019-6-13T21:00:00.000,options,put
39,1560333240000,9.4,9.5,9.3,9.5,19575,,11800,weekly,2019-6-13T21:00:00.000,options,put
40,1560333300000,9.55,9.8,9.45,9.75,30675,,11800,weekly,2019-6-13T21:00:00.000,options,put
41,1560333360000,9.7,10.05,9.6,9.65,55650,,11800,weekly,2019-6-13T21:00:00.000,options,put
42,1560333420000,9.6,9.95,9.45,9.85,27750,,11800,weekly,2019-6-13T21:00:00.000,options,put
43,1560333480000,9.85,10.15,9.5,9.75,63825,,11800,weekly,2019-6-13T21:00:00.000,options,put
44,1560333540000,9.7,9.9,9.65,9.8,34950,,11800,weekly,2019-6-13T21:00:00.000,options,put
45,1560333600000,9.75,9.8,9.15,9.25,42225,,11800,weekly,2019-6-13T21:00:00.000,options,put
46,1560333660000,9.25,9.55,8.9,9.55,34725,,11800,weekly,2019-6-13T21:00:00.000,options,put
47,1560333720000,9.5,9.85,9.5,9.75,21525,,11800,weekly,2019-6-13T21:00:00.000,options,put
48,1560333780000,9.85,9.95,9.7,9.8,13425,,11800,weekly,2019-6-13T21:00:00.000,options,put
49,1560333840000,9.9,10.0,9.4,9.65,45150,,11800,weekly,2019-6-13T21:00:00.000,options,put
50,1560333900000,9.65,9.95,9.65,9.85,37500,,11800,weekly,2019-6-13T21:00:00.000,options,put
51,1560333960000,10.0,11.05,10.0,10.7,198075,,11800,weekly,2019-6-13T21:00:00.000,options,put
52,1560334020000,10.75,10.85,10.3,10.6,63525,,11800,weekly,2019-6-13T21:00:00.000,options,put
53,1560334080000,10.75,11.05,10.55,11.05,85350,,11800,weekly,2019-6-13T21:00:00.000,options,put
54,1560334140000,11.05,11.6,10.8,10.85,151950,,11800,weekly,2019-6-13T21:00:00.000,options,put
55,1560334200000,11.0,11.95,10.9,11.7,62700,,11800,weekly,2019-6-13T21:00:00.000,options,put
56,1560334260000,11.85,12.0,11.45,11.45,95025,,11800,weekly,2019-6-13T21:00:00.000,options,put
57,1560334320000,11.5,11.5,11.0,11.15,43725,,11800,weekly,2019-6-13T21:00:00.000,options,put
58,1560334380000,11.3,11.3,10.95,11.3,48675,,11800,weekly,2019-6-13T21:00:00.000,options,put
59,1560334440000,11.25,11.4,10.65,10.7,55425,,11800,weekly,2019-6-13T21:00:00.000,options,put
60,1560334500000,10.65,11.75,10.65,11.7,53250,,11800,weekly,2019-6-13T21:00:00.000,options,put
61,1560334560000,11.7,12.45,11.55,11.8,140100,,11800,weekly,2019-6-13T21:00:00.000,options,put
62,1560334620000,11.8,12.3,11.3,11.65,79050,,11800,weekly,2019-6-13T21:00:00.000,options,put
63,1560334680000,11.65,11.85,10.95,11.4,65925,,11800,weekly,2019-6-13T21:00:00.000,options,put
64,1560334740000,11.4,12.15,11.25,12.15,67950,,11800,weekly,2019-6-13T21:00:00.000,options,put
65,1560334800000,12.4,12.65,11.7,12.55,68025,,11800,weekly,2019-6-13T21:00:00.000,options,put
66,1560334860000,12.4,14.0,12.4,12.75,153825,,11800,weekly,2019-6-13T21:00:00.000,options,put
67,1560334920000,12.55,12.8,12.05,12.45,75300,,11800,weekly,2019-6-13T21:00:00.000,options,put
68,1560334980000,12.4,13.0,12.4,12.8,47700,,11800,weekly,2019-6-13T21:00:00.000,options,put
69,1560335040000,12.75,13.2,12.45,12.85,73500,,11800,weekly,2019-6-13T21:00:00.000,options,put
70,1560335100000,13.0,13.0,12.5,12.85,44250,,11800,weekly,2019-6-13T21:00:00.000,options,put
71,1560335160000,12.8,12.8,12.2,12.2,59550,,11800,weekly,2019-6-13T21:00:00.000,options,put
72,1560335220000,12.25,12.3,11.45,11.6,76200,,11800,weekly,2019-6-13T21:00:00.000,options,put
73,1560335280000,11.45,11.6,11.25,11.6,35175,,11800,weekly,2019-6-13T21:00:00.000,options,put
74,1560335340000,11.8,12.35,11.8,12.3,79500,,11800,weekly,2019-6-13T21:00:00.000,options,put
75,1560335400000,12.2,12.2,11.85,12.1,33075,,11800,weekly,2019-6-13T21:00:00.000,options,put
76,1560335460000,12.05,12.85,11.95,12.1,64875,,11800,weekly,2019-6-13T21:00:00.000,options,put
77,1560335520000,12.35,12.75,12.1,12.75,46950,,11800,weekly,2019-6-13T21:00:00.000,options,put
78,1560335580000,12.85,13.25,12.7,12.85,70800,,11800,weekly,2019-6-13T21:00:00.000,options,put
79,1560335640000,12.95,13.75,12.95,13.35,96675,,11800,weekly,2019-6-13T21:00:00.000,options,put
80,1560335700000,13.25,14.5,13.05,14.0,116025,,11800,weekly,2019-6-13T21:00:00.000,options,put
81,1560335760000,14.0,14.65,13.25,13.45,125550,,11800,weekly,2019-6-13T21:00:00.000,options,put
82,1560335820000,13.35,13.6,12.7,12.7,68925,,11800,weekly,2019-6-13T21:00:00.000,options,put
83,1560335880000,12.8,13.25,12.7,13.1,34425,,11800,weekly,2019-6-13T21:00:00.000,options,put
84,1560335940000,13.15,13.7,13.0,13.25,73650,,11800,weekly,2019-6-13T21:00:00.000,options,put
85,1560336000000,13.2,13.35,12.85,13.0,62175,,11800,weekly,2019-6-13T21:00:00.000,options,put
86,1560336060000,13.0,13.0,12.4,12.6,56700,,11800,weekly,2019-6-13T21:00:00.000,options,put
87,1560336120000,12.6,14.2,12.45,13.5,92775,,11800,weekly,2019-6-13T21:00:00.000,options,put
88,1560336180000,13.6,13.65,12.75,12.8,41700,,11800,weekly,2019-6-13T21:00:00.000,options,put
89,1560336240000,12.7,13.3,12.55,13.15,50025,,11800,weekly,2019-6-13T21:00:00.000,options,put
90,1560336300000,13.15,13.4,13.0,13.2,25125,,11800,weekly,2019-6-13T21:00:00.000,options,put
91,1560336360000,13.2,13.85,12.9,13.5,52950,,11800,weekly,2019-6-13T21:00:00.000,options,put
92,1560336420000,13.55,13.7,12.9,13.15,41550,,11800,weekly,2019-6-13T21:00:00.000,options,put
93,1560336480000,13.2,13.35,12.9,13.0,51675,,11800,weekly,2019-6-13T21:00:00.000,options,put
94,1560336540000,13.2,13.45,12.65,12.65,32850,,11800,weekly,2019-6-13T21:00:00.000,options,put
95,1560336600000,12.9,13.0,12.4,12.6,51450,,11800,weekly,2019-6-13T21:00:00.000,options,put
96,1560336660000,12.75,12.9,12.4,12.9,39525,,11800,weekly,2019-6-13T21:00:00.000,options,put
97,1560336720000,12.85,12.95,11.75,11.9,49575,,11800,weekly,2019-6-13T21:00:00.000,options,put
98,1560336780000,11.9,12.45,11.8,12.25,62625,,11800,weekly,2019-6-13T21:00:00.000,options,put
99,1560336840000,12.2,12.4,11.9,12.4,55800,,11800,weekly,2019-6-13T21:00:00.000,options,put
100,1560336900000,12.35,12.5,11.55,11.65,99375,,11800,weekly,2019-6-13T21:00:00.000,options,put
101,1560336960000,11.7,12.35,11.6,11.85,35475,,11800,weekly,2019-6-13T21:00:00.000,options,put
102,1560337020000,11.9,11.9,11.2,11.25,47700,,11800,weekly,2019-6-13T21:00:00.000,options,put
103,1560337080000,11.35,11.35,10.6,11.1,113100,,11800,weekly,2019-6-13T21:00:00.000,options,put
104,1560337140000,11.1,12.0,10.95,11.8,43050,,11800,weekly,2019-6-13T21:00:00.000,options,put
105,1560337200000,11.75,12.35,11.75,12.35,63825,,11800,weekly,2019-6-13T21:00:00.000,options,put
106,1560337260000,12.3,12.9,12.3,12.85,50100,,11800,weekly,2019-6-13T21:00:00.000,options,put
107,1560337320000,12.8,12.9,12.45,12.5,43050,,11800,weekly,2019-6-13T21:00:00.000,options,put
108,1560337380000,12.6,12.8,12.4,12.75,25950,,11800,weekly,2019-6-13T21:00:00.000,options,put
109,1560337440000,12.65,13.0,12.65,12.9,36750,,11800,weekly,2019-6-13T21:00:00.000,options,put
110,1560337500000,12.95,14.3,12.95,13.6,184575,,11800,weekly,2019-6-13T21:00:00.000,options,put
111,1560337560000,13.45,13.85,13.3,13.35,83325,,11800,weekly,2019-6-13T21:00:00.000,options,put
112,1560337620000,13.5,13.5,12.9,13.05,64725,,11800,weekly,2019-6-13T21:00:00.000,options,put
113,1560337680000,13.15,14.0,12.95,13.7,87000,,11800,weekly,2019-6-13T21:00:00.000,options,put
114,1560337740000,13.6,14.0,13.35,13.35,69900,,11800,weekly,2019-6-13T21:00:00.000,options,put
115,1560337800000,13.4,13.65,13.05,13.1,52125,,11800,weekly,2019-6-13T21:00:00.000,options,put
116,1560337860000,13.15,13.15,12.35,12.75,55500,,11800,weekly,2019-6-13T21:00:00.000,options,put
117,1560337920000,12.65,13.2,12.5,13.2,36225,,11800,weekly,2019-6-13T21:00:00.000,options,put
118,1560337980000,13.2,13.2,12.55,12.95,23925,,11800,weekly,2019-6-13T21:00:00.000,options,put
119,1560338040000,12.95,13.75,12.95,13.2,85575,,11800,weekly,2019-6-13T21:00:00.000,options,put
120,1560338100000,13.35,13.8,13.25,13.4,56400,,11800,weekly,2019-6-13T21:00:00.000,options,put
121,1560338160000,13.25,13.35,12.8,13.15,54375,,11800,weekly,2019-6-13T21:00:00.000,options,put
122,1560338220000,13.1,13.6,12.9,12.9,34275,,11800,weekly,2019-6-13T21:00:00.000,options,put
123,1560338280000,13.0,13.5,12.7,13.1,55650,,11800,weekly,2019-6-13T21:00:00.000,options,put
124,1560338340000,13.15,13.2,12.1,12.2,60150,,11800,weekly,2019-6-13T21:00:00.000,options,put
125,1560338400000,12.25,12.4,12.05,12.3,48900,,11800,weekly,2019-6-13T21:00:00.000,options,put
126,1560338460000,12.2,12.3,11.95,12.0,51750,,11800,weekly,2019-6-13T21:00:00.000,options,put
127,1560338520000,12.0,12.2,11.65,12.05,43725,,11800,weekly,2019-6-13T21:00:00.000,options,put
128,1560338580000,12.15,12.25,12.0,12.0,17775,,11800,weekly,2019-6-13T21:00:00.000,options,put
129,1560338640000,12.2,12.4,11.9,12.0,31275,,11800,weekly,2019-6-13T21:00:00.000,options,put
130,1560338700000,11.85,11.85,11.35,11.7,49125,,11800,weekly,2019-6-13T21:00:00.000,options,put
131,1560338760000,11.65,11.8,10.8,11.5,100575,,11800,weekly,2019-6-13T21:00:00.000,options,put
132,1560338820000,11.4,12.3,11.4,12.3,51450,,11800,weekly,2019-6-13T21:00:00.000,options,put
133,1560338880000,12.25,12.45,12.1,12.25,35925,,11800,weekly,2019-6-13T21:00:00.000,options,put
134,1560338940000,12.25,12.65,12.25,12.55,47625,,11800,weekly,2019-6-13T21:00:00.000,options,put
135,1560339000000,12.5,12.75,12.45,12.55,38175,,11800,weekly,2019-6-13T21:00:00.000,options,put
136,1560339060000,12.5,12.5,12.1,12.2,19425,,11800,weekly,2019-6-13T21:00:00.000,options,put
137,1560339120000,12.25,12.65,12.0,12.05,38325,,11800,weekly,2019-6-13T21:00:00.000,options,put
138,1560339180000,12.15,12.25,11.9,12.0,42225,,11800,weekly,2019-6-13T21:00:00.000,options,put
139,1560339240000,12.05,12.2,11.8,11.95,20775,,11800,weekly,2019-6-13T21:00:00.000,options,put
140,1560339300000,12.0,12.3,11.5,11.65,43425,,11800,weekly,2019-6-13T21:00:00.000,options,put
141,1560339360000,11.5,11.8,11.35,11.8,29325,,11800,weekly,2019-6-13T21:00:00.000,options,put
142,1560339420000,11.75,12.15,11.7,11.75,31800,,11800,weekly,2019-6-13T21:00:00.000,options,put
143,1560339480000,11.7,12.55,11.7,12.3,35850,,11800,weekly,2019-6-13T21:00:00.000,options,put
144,1560339540000,12.25,13.1,12.25,12.6,165000,,11800,weekly,2019-6-13T21:00:00.000,options,put
145,1560339600000,12.75,13.05,12.55,12.8,43875,,11800,weekly,2019-6-13T21:00:00.000,options,put
146,1560339660000,12.95,12.95,12.55,12.85,19800,,11800,weekly,2019-6-13T21:00:00.000,options,put
147,1560339720000,12.9,12.9,12.45,12.5,21750,,11800,weekly,2019-6-13T21:00:00.000,options,put
148,1560339780000,12.4,12.6,11.65,12.6,69150,,11800,weekly,2019-6-13T21:00:00.000,options,put
149,1560339840000,12.65,12.9,12.35,12.35,28875,,11800,weekly,2019-6-13T21:00:00.000,options,put
150,1560339900000,12.5,12.55,12.0,12.0,33675,,11800,weekly,2019-6-13T21:00:00.000,options,put
151,1560339960000,11.95,12.3,11.85,12.0,35100,,11800,weekly,2019-6-13T21:00:00.000,options,put
152,1560340020000,11.95,12.2,11.75,12.05,32550,,11800,weekly,2019-6-13T21:00:00.000,options,put
153,1560340080000,12.1,12.25,11.75,11.85,35100,,11800,weekly,2019-6-13T21:00:00.000,options,put
154,1560340140000,11.95,12.0,11.05,11.8,76800,,11800,weekly,2019-6-13T21:00:00.000,options,put
155,1560340200000,11.95,11.95,11.55,11.7,20925,,11800,weekly,2019-6-13T21:00:00.000,options,put
156,1560340260000,11.7,11.85,11.35,11.65,22275,,11800,weekly,2019-6-13T21:00:00.000,options,put
157,1560340320000,11.75,12.0,11.65,11.95,29400,,11800,weekly,2019-6-13T21:00:00.000,options,put
158,1560340380000,11.95,12.3,11.95,12.25,25575,,11800,weekly,2019-6-13T21:00:00.000,options,put
159,1560340440000,12.1,12.75,12.1,12.55,34275,,11800,weekly,2019-6-13T21:00:00.000,options,put
160,1560340500000,12.6,12.65,12.05,12.1,31350,,11800,weekly,2019-6-13T21:00:00.000,options,put
161,1560340560000,12.05,12.15,11.8,12.0,18375,,11800,weekly,2019-6-13T21:00:00.000,options,put
162,1560340620000,11.85,12.1,11.75,12.0,18525,,11800,weekly,2019-6-13T21:00:00.000,options,put
163,1560340680000,12.1,12.2,11.95,12.15,9000,,11800,weekly,2019-6-13T21:00:00.000,options,put
164,1560340740000,12.15,12.25,12.0,12.2,31125,,11800,weekly,2019-6-13T21:00:00.000,options,put
165,1560340800000,12.2,12.2,11.55,11.65,32250,,11800,weekly,2019-6-13T21:00:00.000,options,put
166,1560340860000,11.05,11.2,10.55,10.85,160050,,11800,weekly,2019-6-13T21:00:00.000,options,put
167,1560340920000,10.9,10.9,10.2,10.85,126975,,11800,weekly,2019-6-13T21:00:00.000,options,put
168,1560340980000,10.8,11.05,10.7,10.75,30150,,11800,weekly,2019-6-13T21:00:00.000,options,put
169,1560341040000,10.8,10.8,10.15,10.65,62625,,11800,weekly,2019-6-13T21:00:00.000,options,put
170,1560341100000,10.35,10.7,10.3,10.35,27825,,11800,weekly,2019-6-13T21:00:00.000,options,put
171,1560341160000,10.3,10.5,9.8,9.9,93600,,11800,weekly,2019-6-13T21:00:00.000,options,put
172,1560341220000,9.9,10.9,9.9,10.75,42900,,11800,weekly,2019-6-13T21:00:00.000,options,put
173,1560341280000,10.7,10.8,10.45,10.65,12675,,11800,weekly,2019-6-13T21:00:00.000,options,put
174,1560341340000,10.6,10.95,10.55,10.9,20250,,11800,weekly,2019-6-13T21:00:00.000,options,put
175,1560341400000,10.8,11.05,10.7,10.95,32325,,11800,weekly,2019-6-13T21:00:00.000,options,put
176,1560341460000,10.95,11.4,10.85,11.25,25275,,11800,weekly,2019-6-13T21:00:00.000,options,put
177,1560341520000,11.3,11.45,10.95,11.3,39675,,11800,weekly,2019-6-13T21:00:00.000,options,put
178,1560341580000,11.3,11.55,11.1,11.1,45525,,11800,weekly,2019-6-13T21:00:00.000,options,put
179,1560341640000,11.2,11.4,11.0,11.1,17400,,11800,weekly,2019-6-13T21:00:00.000,options,put
180,1560341700000,11.3,12.0,11.3,11.75,48525,,11800,weekly,2019-6-13T21:00:00.000,options,put
181,1560341760000,11.8,11.9,11.3,11.9,51525,,11800,weekly,2019-6-13T21:00:00.000,options,put
182,1560341820000,12.0,12.05,11.4,11.4,66600,,11800,weekly,2019-6-13T21:00:00.000,options,put
183,1560341880000,11.3,11.35,10.85,11.2,54000,,11800,weekly,2019-6-13T21:00:00.000,options,put
184,1560341940000,11.3,11.65,11.15,11.4,23025,,11800,weekly,2019-6-13T21:00:00.000,options,put
185,1560342000000,11.4,11.4,10.8,10.95,29400,,11800,weekly,2019-6-13T21:00:00.000,options,put
186,1560342060000,10.9,11.2,10.9,11.05,19950,,11800,weekly,2019-6-13T21:00:00.000,options,put
187,1560342120000,11.05,11.5,11.05,11.35,15300,,11800,weekly,2019-6-13T21:00:00.000,options,put
188,1560342180000,11.45,12.15,11.35,12.05,42675,,11800,weekly,2019-6-13T21:00:00.000,options,put
189,1560342240000,12.05,12.15,11.6,11.6,30075,,11800,weekly,2019-6-13T21:00:00.000,options,put
190,1560342300000,11.65,11.65,11.3,11.3,30675,,11800,weekly,2019-6-13T21:00:00.000,options,put
191,1560342360000,11.45,11.75,11.45,11.6,10650,,11800,weekly,2019-6-13T21:00:00.000,options,put
192,1560342420000,11.55,11.85,11.4,11.85,24750,,11800,weekly,2019-6-13T21:00:00.000,options,put
193,1560342480000,11.85,12.1,11.8,11.9,51525,,11800,weekly,2019-6-13T21:00:00.000,options,put
194,1560342540000,12.1,12.1,11.15,11.85,42000,,11800,weekly,2019-6-13T21:00:00.000,options,put
195,1560342600000,11.8,12.8,11.8,12.05,88725,,11800,weekly,2019-6-13T21:00:00.000,options,put
196,1560342660000,12.05,12.2,11.7,11.85,45675,,11800,weekly,2019-6-13T21:00:00.000,options,put
197,1560342720000,11.8,12.0,11.2,11.25,52500,,11800,weekly,2019-6-13T21:00:00.000,options,put
198,1560342780000,11.35,11.4,10.35,10.55,104100,,11800,weekly,2019-6-13T21:00:00.000,options,put
199,1560342840000,10.75,11.35,10.65,11.1,54675,,11800,weekly,2019-6-13T21:00:00.000,options,put
200,1560342900000,10.85,10.9,10.35,10.9,38700,,11800,weekly,2019-6-13T21:00:00.000,options,put
201,1560342960000,10.85,11.1,10.5,10.85,39075,,11800,weekly,2019-6-13T21:00:00.000,options,put
202,1560343020000,10.8,11.0,10.6,10.7,27825,,11800,weekly,2019-6-13T21:00:00.000,options,put
203,1560343080000,10.6,10.9,10.45,10.75,34125,,11800,weekly,2019-6-13T21:00:00.000,options,put
204,1560343140000,10.65,11.0,10.5,10.85,20700,,11800,weekly,2019-6-13T21:00:00.000,options,put
205,1560343200000,10.85,11.0,10.55,10.55,20100,,11800,weekly,2019-6-13T21:00:00.000,options,put
206,1560343260000,10.8,10.9,9.05,9.8,168750,,11800,weekly,2019-6-13T21:00:00.000,options,put
207,1560343320000,9.85,10.2,9.8,10.15,44325,,11800,weekly,2019-6-13T21:00:00.000,options,put
208,1560343380000,10.1,10.75,10.1,10.65,33600,,11800,weekly,2019-6-13T21:00:00.000,options,put
209,1560343440000,10.7,10.8,10.35,10.7,21300,,11800,weekly,2019-6-13T21:00:00.000,options,put
210,1560343500000,10.6,10.6,9.85,10.2,52275,,11800,weekly,2019-6-13T21:00:00.000,options,put
211,1560343560000,10.1,10.4,9.9,10.0,26250,,11800,weekly,2019-6-13T21:00:00.000,options,put
212,1560343620000,10.0,10.5,9.85,10.35,17100,,11800,weekly,2019-6-13T21:00:00.000,options,put
213,1560343680000,10.3,10.55,10.2,10.2,31575,,11800,weekly,2019-6-13T21:00:00.000,options,put
214,1560343740000,10.15,10.15,9.15,9.65,118425,,11800,weekly,2019-6-13T21:00:00.000,options,put
215,1560343800000,9.65,9.8,9.5,9.5,38475,,11800,weekly,2019-6-13T21:00:00.000,options,put
216,1560343860000,9.6,9.9,9.5,9.75,21675,,11800,weekly,2019-6-13T21:00:00.000,options,put
217,1560343920000,9.75,10.35,9.7,9.9,54150,,11800,weekly,2019-6-13T21:00:00.000,options,put
218,1560343980000,9.8,9.9,9.5,9.8,33750,,11800,weekly,2019-6-13T21:00:00.000,options,put
219,1560344040000,9.85,10.0,9.7,10.0,19350,,11800,weekly,2019-6-13T21:00:00.000,options,put
220,1560344100000,9.9,10.05,9.8,9.9,25875,,11800,weekly,2019-6-13T21:00:00.000,options,put
221,1560344160000,9.85,10.1,9.75,9.95,19650,,11800,weekly,2019-6-13T21:00:00.000,options,put
222,1560344220000,9.95,9.95,9.75,9.95,15150,,11800,weekly,2019-6-13T21:00:00.000,options,put
223,1560344280000,10.0,10.0,9.15,9.35,51600,,11800,weekly,2019-6-13T21:00:00.000,options,put
224,1560344340000,9.3,9.75,9.15,9.7,55500,,11800,weekly,2019-6-13T21:00:00.000,options,put
225,1560344400000,9.65,9.95,9.6,9.6,33525,,11800,weekly,2019-6-13T21:00:00.000,options,put
226,1560344460000,9.6,9.65,8.9,9.25,78675,,11800,weekly,2019-6-13T21:00:00.000,options,put
227,1560344520000,9.2,9.4,9.05,9.2,22125,,11800,weekly,2019-6-13T21:00:00.000,options,put
228,1560344580000,9.15,9.15,8.05,8.65,119250,,11800,weekly,2019-6-13T21:00:00.000,options,put
229,1560344640000,8.7,8.95,8.6,8.9,43050,,11800,weekly,2019-6-13T21:00:00.000,options,put
230,1560344700000,8.8,9.05,8.7,8.8,55050,,11800,weekly,2019-6-13T21:00:00.000,options,put
231,1560344760000,8.9,8.9,7.75,8.4,134775,,11800,weekly,2019-6-13T21:00:00.000,options,put
232,1560344820000,8.25,8.55,8.2,8.35,41325,,11800,weekly,2019-6-13T21:00:00.000,options,put
233,1560344880000,8.25,8.8,8.0,8.8,96825,,11800,weekly,2019-6-13T21:00:00.000,options,put
234,1560344940000,8.7,8.75,8.35,8.55,55875,,11800,weekly,2019-6-13T21:00:00.000,options,put
235,1560345000000,8.5,8.9,8.45,8.65,30900,,11800,weekly,2019-6-13T21:00:00.000,options,put
236,1560345060000,8.75,9.05,8.75,9.0,35175,,11800,weekly,2019-6-13T21:00:00.000,options,put
237,1560345120000,9.0,9.0,8.4,8.5,34575,,11800,weekly,2019-6-13T21:00:00.000,options,put
238,1560345180000,8.4,8.8,8.35,8.75,20400,,11800,weekly,2019-6-13T21:00:00.000,options,put
239,1560345240000,8.65,9.4,8.65,9.4,43125,,11800,weekly,2019-6-13T21:00:00.000,options,put
240,1560345300000,9.5,9.5,9.05,9.4,35925,,11800,weekly,2019-6-13T21:00:00.000,options,put
241,1560345360000,9.4,9.65,9.1,9.6,53925,,11800,weekly,2019-6-13T21:00:00.000,options,put
242,1560345420000,9.7,10.8,9.55,10.8,137100,,11800,weekly,2019-6-13T21:00:00.000,options,put
243,1560345480000,10.65,11.75,10.6,11.5,172200,,11800,weekly,2019-6-13T21:00:00.000,options,put
244,1560345540000,11.5,11.5,11.05,11.2,108375,,11800,weekly,2019-6-13T21:00:00.000,options,put
245,1560345600000,11.4,11.65,10.65,10.85,79125,,11800,weekly,2019-6-13T21:00:00.000,options,put
246,1560345660000,10.8,13.45,10.7,12.55,282675,,11800,weekly,2019-6-13T21:00:00.000,options,put
247,1560345720000,12.45,12.7,11.2,11.6,204075,,11800,weekly,2019-6-13T21:00:00.000,options,put
248,1560345780000,11.7,12.5,11.6,12.4,114300,,11800,weekly,2019-6-13T21:00:00.000,options,put
249,1560345840000,12.4,14.2,12.2,13.65,317250,,11800,weekly,2019-6-13T21:00:00.000,options,put
250,1560345900000,13.55,13.6,12.9,13.05,160350,,11800,weekly,2019-6-13T21:00:00.000,options,put
251,1560345960000,12.75,13.25,11.9,13.0,138225,,11800,weekly,2019-6-13T21:00:00.000,options,put
252,1560346020000,13.1,13.25,11.4,11.75,102000,,11800,weekly,2019-6-13T21:00:00.000,options,put
253,1560346080000,11.7,12.8,11.7,12.5,89400,,11800,weekly,2019-6-13T21:00:00.000,options,put
254,1560346140000,12.45,13.05,11.8,12.85,67350,,11800,weekly,2019-6-13T21:00:00.000,options,put
255,1560346200000,12.8,12.8,11.7,11.7,59850,,11800,weekly,2019-6-13T21:00:00.000,options,put
256,1560346260000,11.85,12.15,11.25,11.3,111000,,11800,weekly,2019-6-13T21:00:00.000,options,put
257,1560346320000,11.3,11.5,10.15,10.15,134400,,11800,weekly,2019-6-13T21:00:00.000,options,put
258,1560346380000,10.25,11.2,10.25,11.2,64350,,11800,weekly,2019-6-13T21:00:00.000,options,put
259,1560346440000,11.3,11.45,10.8,11.2,61275,,11800,weekly,2019-6-13T21:00:00.000,options,put
260,1560346500000,11.3,11.3,10.4,10.55,64875,,11800,weekly,2019-6-13T21:00:00.000,options,put
261,1560346560000,10.65,10.75,10.35,10.55,40950,,11800,weekly,2019-6-13T21:00:00.000,options,put
262,1560346620000,10.6,10.6,9.0,9.0,183150,,11800,weekly,2019-6-13T21:00:00.000,options,put
263,1560346680000,8.95,9.45,8.85,8.95,109200,,11800,weekly,2019-6-13T21:00:00.000,options,put
264,1560346740000,8.75,9.25,8.35,9.15,131625,,11800,weekly,2019-6-13T21:00:00.000,options,put
265,1560346800000,9.05,9.35,8.5,9.3,69225,,11800,weekly,2019-6-13T21:00:00.000,options,put
266,1560346860000,9.3,9.55,8.9,9.05,67125,,11800,weekly,2019-6-13T21:00:00.000,options,put
267,1560346920000,9.0,9.15,8.6,9.1,57300,,11800,weekly,2019-6-13T21:00:00.000,options,put
268,1560346980000,8.95,9.5,8.95,9.5,31950,,11800,weekly,2019-6-13T21:00:00.000,options,put
269,1560347040000,9.4,10.2,9.2,10.2,64200,,11800,weekly,2019-6-13T21:00:00.000,options,put
270,1560347100000,10.15,10.15,9.65,9.9,55650,,11800,weekly,2019-6-13T21:00:00.000,options,put
271,1560347160000,9.9,10.05,9.0,10.05,90450,,11800,weekly,2019-6-13T21:00:00.000,options,put
272,1560347220000,10.15,10.15,9.55,9.8,46275,,11800,weekly,2019-6-13T21:00:00.000,options,put
273,1560347280000,9.8,10.0,9.6,9.65,24975,,11800,weekly,2019-6-13T21:00:00.000,options,put
274,1560347340000,9.75,10.8,9.6,10.7,87750,,11800,weekly,2019-6-13T21:00:00.000,options,put
275,1560347400000,10.75,10.8,10.1,10.4,72150,,11800,weekly,2019-6-13T21:00:00.000,options,put
276,1560347460000,10.15,10.25,9.65,9.65,57375,,11800,weekly,2019-6-13T21:00:00.000,options,put
277,1560347520000,9.35,10.3,9.35,10.2,52425,,11800,weekly,2019-6-13T21:00:00.000,options,put
278,1560347580000,10.4,10.5,9.85,9.85,62250,,11800,weekly,2019-6-13T21:00:00.000,options,put
279,1560347640000,9.35,9.45,8.75,8.9,156825,,11800,weekly,2019-6-13T21:00:00.000,options,put
280,1560347700000,8.9,9.1,8.45,8.85,92325,,11800,weekly,2019-6-13T21:00:00.000,options,put
281,1560347760000,8.8,8.95,8.55,8.8,53475,,11800,weekly,2019-6-13T21:00:00.000,options,put
282,1560347820000,8.8,9.15,8.35,9.05,94800,,11800,weekly,2019-6-13T21:00:00.000,options,put
283,1560347880000,9.1,9.25,8.9,8.95,44025,,11800,weekly,2019-6-13T21:00:00.000,options,put
284,1560347940000,8.85,9.5,8.6,9.4,54075,,11800,weekly,2019-6-13T21:00:00.000,options,put
285,1560348000000,10.0,10.3,9.5,10.0,116550,,11800,weekly,2019-6-13T21:00:00.000,options,put
286,1560348060000,9.85,9.85,8.7,8.9,51900,,11800,weekly,2019-6-13T21:00:00.000,options,put
287,1560348120000,8.9,9.05,8.5,8.65,59400,,11800,weekly,2019-6-13T21:00:00.000,options,put
288,1560348180000,8.6,9.05,8.6,8.75,28725,,11800,weekly,2019-6-13T21:00:00.000,options,put
289,1560348240000,8.8,8.95,8.35,8.75,28875,,11800,weekly,2019-6-13T21:00:00.000,options,put
290,1560348300000,8.7,9.15,8.6,8.9,34800,,11800,weekly,2019-6-13T21:00:00.000,options,put
291,1560348360000,9.0,9.0,8.45,8.65,33975,,11800,weekly,2019-6-13T21:00:00.000,options,put
292,1560348420000,8.75,9.15,8.7,8.95,26625,,11800,weekly,2019-6-13T21:00:00.000,options,put
293,1560348480000,9.0,9.8,8.95,9.6,58725,,11800,weekly,2019-6-13T21:00:00.000,options,put
294,1560348540000,9.55,9.6,5.75,6.85,263175,,11800,weekly,2019-6-13T21:00:00.000,options,put
295,1560348600000,6.7,7.25,5.95,6.5,223275,,11800,weekly,2019-6-13T21:00:00.000,options,put
296,1560348660000,6.45,7.15,6.35,7.15,131025,,11800,weekly,2019-6-13T21:00:00.000,options,put
297,1560348720000,7.3,7.45,5.75,6.05,175875,,11800,weekly,2019-6-13T21:00:00.000,options,put
298,1560348780000,5.95,6.25,4.7,4.95,280725,,11800,weekly,2019-6-13T21:00:00.000,options,put
299,1560348840000,4.95,5.5,4.95,5.15,153450,,11800,weekly,2019-6-13T21:00:00.000,options,put
300,1560348900000,5.2,5.5,5.2,5.45,113925,,11800,weekly,2019-6-13T21:00:00.000,options,put
301,1560348960000,5.5,6.0,5.35,5.8,100500,,11800,weekly,2019-6-13T21:00:00.000,options,put
302,1560349020000,5.8,6.05,5.25,5.35,191475,,11800,weekly,2019-6-13T21:00:00.000,options,put
303,1560349080000,5.4,5.65,5.15,5.6,140325,,11800,weekly,2019-6-13T21:00:00.000,options,put
304,1560349140000,5.75,6.1,5.55,6.0,124275,,11800,weekly,2019-6-13T21:00:00.000,options,put
305,1560349200000,5.9,6.05,5.35,5.55,118725,,11800,weekly,2019-6-13T21:00:00.000,options,put
306,1560349260000,5.6,5.85,5.2,5.8,102825,,11800,weekly,2019-6-13T21:00:00.000,options,put
307,1560349320000,5.7,6.15,5.65,6.15,92700,,11800,weekly,2019-6-13T21:00:00.000,options,put
308,1560349380000,6.25,7.3,6.1,7.0,138675,,11800,weekly,2019-6-13T21:00:00.000,options,put
309,1560349440000,7.1,7.3,6.7,7.0,123675,,11800,weekly,2019-6-13T21:00:00.000,options,put
310,1560349500000,7.1,7.1,6.7,6.85,56025,,11800,weekly,2019-6-13T21:00:00.000,options,put
311,1560349560000,6.75,7.7,6.75,7.65,120750,,11800,weekly,2019-6-13T21:00:00.000,options,put
312,1560349620000,7.7,7.75,7.3,7.45,74625,,11800,weekly,2019-6-13T21:00:00.000,options,put
313,1560349680000,7.4,7.6,6.6,6.7,77550,,11800,weekly,2019-6-13T21:00:00.000,options,put
314,1560349740000,6.75,6.8,6.25,6.35,93825,,11800,weekly,2019-6-13T21:00:00.000,options,put
315,1560349800000,6.45,7.3,6.1,7.25,93150,,11800,weekly,2019-6-13T21:00:00.000,options,put
316,1560349860000,7.1,7.75,7.0,7.55,87900,,11800,weekly,2019-6-13T21:00:00.000,options,put
317,1560349920000,7.4,7.75,7.15,7.45,53250,,11800,weekly,2019-6-13T21:00:00.000,options,put
318,1560349980000,7.55,8.25,7.45,8.05,99000,,11800,weekly,2019-6-13T21:00:00.000,options,put
319,1560350040000,7.95,7.95,6.4,6.55,116400,,11800,weekly,2019-6-13T21:00:00.000,options,put
320,1560350100000,6.65,7.25,6.65,6.9,48750,,11800,weekly,2019-6-13T21:00:00.000,options,put
321,1560350160000,6.85,7.6,6.75,7.6,59475,,11800,weekly,2019-6-13T21:00:00.000,options,put
322,1560350220000,7.7,7.95,7.35,7.35,94950,,11800,weekly,2019-6-13T21:00:00.000,options,put
323,1560350280000,7.25,7.45,6.95,7.3,52575,,11800,weekly,2019-6-13T21:00:00.000,options,put
324,1560350340000,7.3,7.6,6.8,7.1,85650,,11800,weekly,2019-6-13T21:00:00.000,options,put
325,1560350400000,7.2,7.4,6.6,7.3,112575,,11800,weekly,2019-6-13T21:00:00.000,options,put
326,1560350460000,7.4,7.5,6.6,7.05,88575,,11800,weekly,2019-6-13T21:00:00.000,options,put
327,1560350520000,7.15,7.15,6.6,6.65,103275,,11800,weekly,2019-6-13T21:00:00.000,options,put
328,1560350580000,6.75,6.85,6.25,6.3,146400,,11800,weekly,2019-6-13T21:00:00.000,options,put
329,1560350640000,6.4,7.55,6.4,7.15,126900,,11800,weekly,2019-6-13T21:00:00.000,options,put
330,1560350700000,7.15,7.85,7.15,7.65,55500,,11800,weekly,2019-6-13T21:00:00.000,options,put
331,1560350760000,7.45,8.1,7.35,7.4,62250,,11800,weekly,2019-6-13T21:00:00.000,options,put
332,1560350820000,7.35,7.35,6.5,6.85,104700,,11800,weekly,2019-6-13T21:00:00.000,options,put
333,1560350880000,6.75,7.6,6.75,7.2,48825,,11800,weekly,2019-6-13T21:00:00.000,options,put
334,1560350940000,7.1,7.7,7.1,7.55,35400,,11800,weekly,2019-6-13T21:00:00.000,options,put
335,1560351000000,7.5,8.8,7.3,8.45,119625,,11800,weekly,2019-6-13T21:00:00.000,options,put
336,1560351060000,8.4,8.5,7.0,7.25,145875,,11800,weekly,2019-6-13T21:00:00.000,options,put
337,1560351120000,7.25,8.1,7.25,8.1,62700,,11800,weekly,2019-6-13T21:00:00.000,options,put
338,1560351180000,8.25,8.5,8.0,8.4,120225,,11800,weekly,2019-6-13T21:00:00.000,options,put
339,1560351240000,8.3,8.3,7.3,7.6,132375,,11800,weekly,2019-6-13T21:00:00.000,options,put
340,1560351300000,7.55,7.7,7.0,7.1,111825,,11800,weekly,2019-6-13T21:00:00.000,options,put
341,1560351360000,7.05,7.1,6.65,7.0,105300,,11800,weekly,2019-6-13T21:00:00.000,options,put
342,1560351420000,7.05,7.35,6.75,7.15,65025,,11800,weekly,2019-6-13T21:00:00.000,options,put
343,1560351480000,7.05,7.05,6.15,6.15,156750,,11800,weekly,2019-6-13T21:00:00.000,options,put
344,1560351540000,6.2,6.9,5.8,6.7,127200,,11800,weekly,2019-6-13T21:00:00.000,options,put
345,1560351600000,6.95,6.95,5.2,5.65,174075,,11800,weekly,2019-6-13T21:00:00.000,options,put
346,1560351660000,5.65,6.8,5.55,5.9,129000,,11800,weekly,2019-6-13T21:00:00.000,options,put
347,1560351720000,6.0,6.3,5.5,5.7,111825,,11800,weekly,2019-6-13T21:00:00.000,options,put
348,1560351780000,5.75,6.1,5.25,5.85,134700,,11800,weekly,2019-6-13T21:00:00.000,options,put
349,1560351840000,6.0,6.55,5.95,6.25,152400,,11800,weekly,2019-6-13T21:00:00.000,options,put
350,1560351900000,6.35,6.55,5.8,5.85,100200,,11800,weekly,2019-6-13T21:00:00.000,options,put
351,1560351960000,5.95,6.65,5.95,6.65,73500,,11800,weekly,2019-6-13T21:00:00.000,options,put
352,1560352020000,6.55,6.85,6.4,6.85,54075,,11800,weekly,2019-6-13T21:00:00.000,options,put
353,1560352080000,6.95,7.1,6.6,6.65,94575,,11800,weekly,2019-6-13T21:00:00.000,options,put
354,1560352140000,6.65,6.9,6.65,6.7,59250,,11800,weekly,2019-6-13T21:00:00.000,options,put
355,1560352200000,6.75,7.2,6.65,6.8,124275,,11800,weekly,2019-6-13T21:00:00.000,options,put
356,1560352260000,6.85,7.0,6.7,6.7,35925,,11800,weekly,2019-6-13T21:00:00.000,options,put
357,1560352320000,6.6,6.8,6.4,6.7,69075,,11800,weekly,2019-6-13T21:00:00.000,options,put
358,1560352380000,6.6,6.7,6.5,6.55,47025,,11800,weekly,2019-6-13T21:00:00.000,options,put
359,1560352440000,6.45,6.5,6.15,6.25,81675,,11800,weekly,2019-6-13T21:00:00.000,options,put
360,1560352500000,6.35,6.45,6.0,6.1,76575,,11800,weekly,2019-6-13T21:00:00.000,options,put
361,1560352560000,6.15,6.25,5.95,6.1,70875,,11800,weekly,2019-6-13T21:00:00.000,options,put
362,1560352620000,6.1,6.1,5.6,5.6,72900,,11800,weekly,2019-6-13T21:00:00.000,options,put
363,1560352680000,5.65,5.65,5.4,5.5,126600,,11800,weekly,2019-6-13T21:00:00.000,options,put
364,1560352740000,5.55,5.55,5.35,5.4,112050,,11800,weekly,2019-6-13T21:00:00.000,options,put
365,1560352800000,5.4,5.75,5.3,5.4,90825,,11800,weekly,2019-6-13T21:00:00.000,options,put
366,1560352860000,5.4,5.4,5.2,5.25,69750,,11800,weekly,2019-6-13T21:00:00.000,options,put
367,1560352920000,5.25,5.3,5.0,5.0,116325,,11800,weekly,2019-6-13T21:00:00.000,options,put
368,1560352980000,5.05,5.1,4.75,4.9,72825,,11800,weekly,2019-6-13T21:00:00.000,options,put
369,1560353040000,4.9,4.95,4.55,4.55,74925,,11800,weekly,2019-6-13T21:00:00.000,options,put
370,1560353100000,4.6,4.9,4.5,4.85,101850,,11800,weekly,2019-6-13T21:00:00.000,options,put
371,1560353160000,4.85,5.25,4.85,5.15,124050,,11800,weekly,2019-6-13T21:00:00.000,options,put
372,1560353220000,5.2,5.25,5.05,5.05,90300,,11800,weekly,2019-6-13T21:00:00.000,options,put
373,1560353280000,5.0,5.0,4.6,4.75,103275,,11800,weekly,2019-6-13T21:00:00.000,options,put
374,1560353340000,4.75,5.0,4.55,5.0,123150,,11800,weekly,2019-6-13T21:00:00.000,options,put
375,1560353400000,4.75,5.8,4.55,5.8,0,,11800,weekly,2019-6-13T21:00:00.000,options,put
