,timestamp,open,high,low,close,volume,open_interest,strike,expiry_type,expiry,instrument,contract_type
0,1570180500000,930.1,979.15,900.0,939.2,720,,28000,weekly,2019-10-10T21:00:00.000,options,call
1,1570180560000,935.0,935.0,913.0,913.0,540,,28000,weekly,2019-10-10T21:00:00.000,options,call
2,1570180620000,913.0,944.1,913.0,944.0,640,,28000,weekly,2019-10-10T21:00:00.000,options,call
3,1570180680000,948.55,989.9,942.85,977.2,800,,28000,weekly,2019-10-10T21:00:00.000,options,call
4,1570180740000,972.8,972.8,927.0,930.0,580,,28000,weekly,2019-10-10T21:00:00.000,options,call
5,1570180800000,955.0,958.5,955.0,958.5,40,,28000,weekly,2019-10-10T21:00:00.000,options,call
6,1570180860000,952.0,961.95,943.95,943.95,460,,28000,weekly,2019-10-10T21:00:00.000,options,call
7,1570180920000,930.0,930.0,930.0,930.0,80,,28000,weekly,2019-10-10T21:00:00.000,options,call
8,1570180980000,963.45,963.45,944.15,950.0,60,,28000,weekly,2019-10-10T21:00:00.000,options,call
9,1570181040000,950.0,950.0,950.0,950.0,20,,28000,weekly,2019-10-10T21:00:00.000,options,call
10,1570181100000,936.05,936.05,870.0,870.0,360,,28000,weekly,2019-10-10T21:00:00.000,options,call
11,1570181160000,880.0,895.75,880.0,894.1,1760,,28000,weekly,2019-10-10T21:00:00.000,options,call
12,1570181220000,886.0,924.0,883.55,921.5,3880,,28000,weekly,2019-10-10T21:00:00.000,options,call
13,1570181280000,918.3,918.3,895.45,901.4,160,,28000,weekly,2019-10-10T21:00:00.000,options,call
14,1570181340000,897.4,897.4,881.1,881.1,340,,28000,weekly,2019-10-10T21:00:00.000,options,call
15,1570181400000,885.0,885.0,850.0,880.0,2860,,28000,weekly,2019-10-10T21:00:00.000,options,call
16,1570181460000,860.2,881.45,860.2,881.45,40,,28000,weekly,2019-10-10T21:00:00.000,options,call
17,1570181520000,878.15,878.15,864.95,875.0,80,,28000,weekly,2019-10-10T21:00:00.000,options,call
18,1570181580000,898.9,900.0,883.4,883.4,160,,28000,weekly,2019-10-10T21:00:00.000,options,call
19,1570181640000,896.55,896.55,896.55,896.55,20,,28000,weekly,2019-10-10T21:00:00.000,options,call
20,1570181700000,866.05,866.05,866.05,866.05,20,,28000,weekly,2019-10-10T21:00:00.000,options,call
21,1570181760000,881.5,881.5,881.5,881.5,20,,28000,weekly,2019-10-10T21:00:00.000,options,call
22,1570181820000,897.1,897.1,868.65,868.65,80,,28000,weekly,2019-10-10T21:00:00.000,options,call
23,1570181880000,860.0,860.0,860.0,860.0,20,,28000,weekly,2019-10-10T21:00:00.000,options,call
24,1570181940000,846.4,855.0,846.4,855.0,120,,28000,weekly,2019-10-10T21:00:00.000,options,call
25,1570182000000,835.0,849.5,832.45,847.3,160,,28000,weekly,2019-10-10T21:00:00.000,options,call
26,1570182060000,848.75,860.0,848.75,860.0,260,,28000,weekly,2019-10-10T21:00:00.000,options,call
27,1570182120000,885.0,888.0,884.9,888.0,140,,28000,weekly,2019-10-10T21:00:00.000,options,call
28,1570182180000,880.0,880.0,860.0,860.0,2000,,28000,weekly,2019-10-10T21:00:00.000,options,call
29,1570182240000,860.0,860.0,860.0,860.0,300,,28000,weekly,2019-10-10T21:00:00.000,options,call
30,1570182300000,859.0,870.3,850.0,850.0,180,,28000,weekly,2019-10-10T21:00:00.000,options,call
31,1570182360000,844.55,854.0,844.55,852.0,3300,,28000,weekly,2019-10-10T21:00:00.000,options,call
32,1570182420000,851.3,851.3,838.0,840.6,80,,28000,weekly,2019-10-10T21:00:00.000,options,call
33,1570182480000,840.6,842.4,835.65,842.4,80,,28000,weekly,2019-10-10T21:00:00.000,options,call
34,1570182540000,850.0,860.45,850.0,860.45,80,,28000,weekly,2019-10-10T21:00:00.000,options,call
35,1570182600000,860.45,861.0,860.45,861.0,40,,28000,weekly,2019-10-10T21:00:00.000,options,call
36,1570182660000,860.0,860.0,860.0,860.0,120,,28000,weekly,2019-10-10T21:00:00.000,options,call
37,1570182720000,880.0,880.0,880.0,880.0,100,,28000,weekly,2019-10-10T21:00:00.000,options,call
38,1570182840000,880.0,880.0,853.8,874.0,700,,28000,weekly,2019-10-10T21:00:00.000,options,call
39,1570182900000,870.0,875.05,870.0,875.05,20,,28000,weekly,2019-10-10T21:00:00.000,options,call
40,1570182960000,875.05,879.95,863.9,868.0,320,,28000,weekly,2019-10-10T21:00:00.000,options,call
41,1570183020000,870.0,870.0,861.2,861.2,340,,28000,weekly,2019-10-10T21:00:00.000,options,call
42,1570183080000,862.0,865.0,860.0,865.0,80,,28000,weekly,2019-10-10T21:00:00.000,options,call
43,1570183140000,865.0,865.0,865.0,865.0,140,,28000,weekly,2019-10-10T21:00:00.000,options,call
44,1570183200000,848.25,848.25,848.25,848.25,200,,28000,weekly,2019-10-10T21:00:00.000,options,call
45,1570183260000,859.0,862.15,859.0,862.15,320,,28000,weekly,2019-10-10T21:00:00.000,options,call
46,1570183320000,860.0,860.0,860.0,860.0,20,,28000,weekly,2019-10-10T21:00:00.000,options,call
47,1570183380000,870.0,884.0,870.0,884.0,100,,28000,weekly,2019-10-10T21:00:00.000,options,call
48,1570183440000,865.8,865.8,860.0,864.55,220,,28000,weekly,2019-10-10T21:00:00.000,options,call
49,1570183500000,864.55,874.9,864.55,874.9,60,,28000,weekly,2019-10-10T21:00:00.000,options,call
50,1570183560000,866.75,874.9,866.35,873.15,1460,,28000,weekly,2019-10-10T21:00:00.000,options,call
51,1570183620000,904.45,904.45,904.4,904.4,1500,,28000,weekly,2019-10-10T21:00:00.000,options,call
52,1570183680000,885.0,885.0,875.55,875.55,580,,28000,weekly,2019-10-10T21:00:00.000,options,call
53,1570183740000,875.0,875.0,875.0,875.0,60,,28000,weekly,2019-10-10T21:00:00.000,options,call
54,1570183800000,870.0,870.0,870.0,870.0,140,,28000,weekly,2019-10-10T21:00:00.000,options,call
55,1570183860000,847.4,854.5,847.4,854.5,280,,28000,weekly,2019-10-10T21:00:00.000,options,call
56,1570183980000,861.6,861.6,842.9,852.2,680,,28000,weekly,2019-10-10T21:00:00.000,options,call
57,1570184100000,853.2,856.1,852.85,856.1,1020,,28000,weekly,2019-10-10T21:00:00.000,options,call
58,1570184160000,853.5,853.5,853.5,853.5,20,,28000,weekly,2019-10-10T21:00:00.000,options,call
59,1570184220000,850.0,850.0,850.0,850.0,20,,28000,weekly,2019-10-10T21:00:00.000,options,call
60,1570184280000,850.0,850.0,850.0,850.0,680,,28000,weekly,2019-10-10T21:00:00.000,options,call
61,1570184340000,842.0,842.0,798.75,809.5,1080,,28000,weekly,2019-10-10T21:00:00.000,options,call
62,1570184400000,811.8,816.15,804.45,816.15,360,,28000,weekly,2019-10-10T21:00:00.000,options,call
63,1570184460000,828.4,828.4,825.0,825.0,20,,28000,weekly,2019-10-10T21:00:00.000,options,call
64,1570184520000,825.0,827.2,825.0,827.2,400,,28000,weekly,2019-10-10T21:00:00.000,options,call
65,1570184580000,835.8,835.8,829.25,829.25,60,,28000,weekly,2019-10-10T21:00:00.000,options,call
66,1570184640000,820.0,820.0,820.0,820.0,60,,28000,weekly,2019-10-10T21:00:00.000,options,call
67,1570184760000,829.75,829.75,829.75,829.75,20,,28000,weekly,2019-10-10T21:00:00.000,options,call
68,1570184820000,850.8,850.8,850.8,850.8,80,,28000,weekly,2019-10-10T21:00:00.000,options,call
69,1570185000000,820.05,820.05,820.05,820.05,100,,28000,weekly,2019-10-10T21:00:00.000,options,call
70,1570185060000,812.65,816.0,812.65,816.0,60,,28000,weekly,2019-10-10T21:00:00.000,options,call
71,1570185120000,812.65,816.7,810.75,815.0,140,,28000,weekly,2019-10-10T21:00:00.000,options,call
72,1570185180000,810.0,817.0,810.0,817.0,140,,28000,weekly,2019-10-10T21:00:00.000,options,call
73,1570185240000,819.45,819.45,811.45,818.7,100,,28000,weekly,2019-10-10T21:00:00.000,options,call
74,1570185300000,819.4,834.95,819.4,834.95,360,,28000,weekly,2019-10-10T21:00:00.000,options,call
75,1570185360000,827.05,834.0,827.05,834.0,60,,28000,weekly,2019-10-10T21:00:00.000,options,call
76,1570185420000,842.7,852.55,835.0,835.0,180,,28000,weekly,2019-10-10T21:00:00.000,options,call
77,1570185480000,835.0,835.0,834.0,834.0,260,,28000,weekly,2019-10-10T21:00:00.000,options,call
78,1570185540000,842.45,842.45,842.45,842.45,20,,28000,weekly,2019-10-10T21:00:00.000,options,call
79,1570185600000,849.0,849.0,843.65,843.65,40,,28000,weekly,2019-10-10T21:00:00.000,options,call
80,1570185660000,859.95,860.0,859.95,860.0,80,,28000,weekly,2019-10-10T21:00:00.000,options,call
81,1570185720000,862.05,862.05,853.3,853.3,60,,28000,weekly,2019-10-10T21:00:00.000,options,call
82,1570185780000,848.2,848.2,848.2,848.2,40,,28000,weekly,2019-10-10T21:00:00.000,options,call
83,1570185840000,870.0,870.0,864.9,864.9,40,,28000,weekly,2019-10-10T21:00:00.000,options,call
84,1570185900000,864.9,864.9,864.9,864.9,20,,28000,weekly,2019-10-10T21:00:00.000,options,call
85,1570185960000,860.0,860.0,860.0,860.0,20,,28000,weekly,2019-10-10T21:00:00.000,options,call
86,1570186080000,855.7,855.7,855.7,855.7,40,,28000,weekly,2019-10-10T21:00:00.000,options,call
87,1570186140000,840.0,841.65,840.0,841.65,40,,28000,weekly,2019-10-10T21:00:00.000,options,call
88,1570186200000,852.0,852.0,852.0,852.0,180,,28000,weekly,2019-10-10T21:00:00.000,options,call
89,1570186260000,855.35,864.15,854.2,859.6,480,,28000,weekly,2019-10-10T21:00:00.000,options,call
90,1570186320000,859.6,862.1,825.1,834.15,2220,,28000,weekly,2019-10-10T21:00:00.000,options,call
91,1570186380000,834.15,834.65,833.55,834.65,700,,28000,weekly,2019-10-10T21:00:00.000,options,call
92,1570186440000,837.2,837.2,837.2,837.2,20,,28000,weekly,2019-10-10T21:00:00.000,options,call
93,1570186500000,840.0,841.85,834.35,834.35,440,,28000,weekly,2019-10-10T21:00:00.000,options,call
94,1570186680000,842.5,842.5,842.5,842.5,20,,28000,weekly,2019-10-10T21:00:00.000,options,call
95,1570186740000,835.0,835.0,835.0,835.0,20,,28000,weekly,2019-10-10T21:00:00.000,options,call
96,1570186800000,843.65,843.65,843.65,843.65,40,,28000,weekly,2019-10-10T21:00:00.000,options,call
97,1570186920000,845.9,845.9,845.9,845.9,40,,28000,weekly,2019-10-10T21:00:00.000,options,call
98,1570187040000,838.25,844.0,830.0,830.0,140,,28000,weekly,2019-10-10T21:00:00.000,options,call
99,1570187100000,830.0,830.95,826.55,829.7,700,,28000,weekly,2019-10-10T21:00:00.000,options,call
100,1570187160000,841.4,841.4,841.4,841.4,20,,28000,weekly,2019-10-10T21:00:00.000,options,call
101,1570187220000,838.0,838.0,828.0,828.0,260,,28000,weekly,2019-10-10T21:00:00.000,options,call
102,1570187280000,832.0,838.8,830.0,830.0,180,,28000,weekly,2019-10-10T21:00:00.000,options,call
103,1570187340000,830.0,830.0,828.0,828.0,200,,28000,weekly,2019-10-10T21:00:00.000,options,call
104,1570187400000,825.0,825.0,820.0,820.0,280,,28000,weekly,2019-10-10T21:00:00.000,options,call
105,1570187460000,825.0,834.05,825.0,834.05,240,,28000,weekly,2019-10-10T21:00:00.000,options,call
106,1570187520000,830.0,830.0,830.0,830.0,140,,28000,weekly,2019-10-10T21:00:00.000,options,call
107,1570187580000,834.05,840.0,834.05,840.0,60,,28000,weekly,2019-10-10T21:00:00.000,options,call
108,1570187700000,837.5,837.5,833.0,833.0,20,,28000,weekly,2019-10-10T21:00:00.000,options,call
109,1570187760000,833.0,833.0,828.0,828.0,80,,28000,weekly,2019-10-10T21:00:00.000,options,call
110,1570187820000,817.5,817.5,817.5,817.5,20,,28000,weekly,2019-10-10T21:00:00.000,options,call
111,1570187880000,828.0,831.75,826.0,831.75,60,,28000,weekly,2019-10-10T21:00:00.000,options,call
112,1570187940000,826.0,826.0,821.3,821.3,40,,28000,weekly,2019-10-10T21:00:00.000,options,call
113,1570188000000,816.05,832.0,816.05,828.3,80,,28000,weekly,2019-10-10T21:00:00.000,options,call
114,1570188060000,832.0,832.0,824.95,825.0,540,,28000,weekly,2019-10-10T21:00:00.000,options,call
115,1570188120000,825.0,825.0,825.0,825.0,40,,28000,weekly,2019-10-10T21:00:00.000,options,call
116,1570188300000,840.0,841.6,840.0,841.6,60,,28000,weekly,2019-10-10T21:00:00.000,options,call
117,1570188360000,825.1,825.1,782.25,782.25,80,,28000,weekly,2019-10-10T21:00:00.000,options,call
118,1570188420000,743.6,761.55,735.95,761.55,280,,28000,weekly,2019-10-10T21:00:00.000,options,call
119,1570188480000,768.25,768.25,768.25,768.25,2000,,28000,weekly,2019-10-10T21:00:00.000,options,call
120,1570188540000,771.05,785.0,771.05,785.0,220,,28000,weekly,2019-10-10T21:00:00.000,options,call
121,1570188600000,782.05,782.05,782.0,782.0,1000,,28000,weekly,2019-10-10T21:00:00.000,options,call
122,1570188660000,780.55,780.55,780.55,780.55,20,,28000,weekly,2019-10-10T21:00:00.000,options,call
123,1570188720000,772.15,772.15,771.6,771.6,1060,,28000,weekly,2019-10-10T21:00:00.000,options,call
124,1570188780000,769.85,770.0,760.0,760.0,100,,28000,weekly,2019-10-10T21:00:00.000,options,call
125,1570188840000,751.55,754.55,723.0,735.25,420,,28000,weekly,2019-10-10T21:00:00.000,options,call
126,1570188900000,738.65,747.0,738.65,747.0,120,,28000,weekly,2019-10-10T21:00:00.000,options,call
127,1570188960000,768.05,772.0,768.05,770.0,140,,28000,weekly,2019-10-10T21:00:00.000,options,call
128,1570189020000,770.0,786.55,769.95,786.55,140,,28000,weekly,2019-10-10T21:00:00.000,options,call
129,1570189080000,789.05,789.05,789.05,789.05,100,,28000,weekly,2019-10-10T21:00:00.000,options,call
130,1570189140000,779.0,784.7,779.0,784.0,800,,28000,weekly,2019-10-10T21:00:00.000,options,call
131,1570189200000,784.0,784.0,776.75,776.75,460,,28000,weekly,2019-10-10T21:00:00.000,options,call
132,1570189260000,774.75,780.0,774.75,776.85,100,,28000,weekly,2019-10-10T21:00:00.000,options,call
133,1570189320000,772.2,772.2,770.2,770.2,80,,28000,weekly,2019-10-10T21:00:00.000,options,call
134,1570189380000,820.0,832.5,814.05,814.05,380,,28000,weekly,2019-10-10T21:00:00.000,options,call
135,1570189440000,831.0,831.0,759.0,759.0,2600,,28000,weekly,2019-10-10T21:00:00.000,options,call
136,1570189500000,740.0,740.0,599.25,669.3,2380,,28000,weekly,2019-10-10T21:00:00.000,options,call
137,1570189560000,673.35,698.8,645.0,645.0,820,,28000,weekly,2019-10-10T21:00:00.000,options,call
138,1570189620000,623.15,700.0,623.15,700.0,2200,,28000,weekly,2019-10-10T21:00:00.000,options,call
139,1570189680000,700.0,725.0,688.5,693.25,780,,28000,weekly,2019-10-10T21:00:00.000,options,call
140,1570189740000,682.4,689.85,656.4,665.0,1840,,28000,weekly,2019-10-10T21:00:00.000,options,call
141,1570189800000,659.8,687.4,659.8,681.6,1540,,28000,weekly,2019-10-10T21:00:00.000,options,call
142,1570189860000,674.95,700.0,669.95,699.0,540,,28000,weekly,2019-10-10T21:00:00.000,options,call
143,1570189920000,699.0,699.0,680.55,684.1,160,,28000,weekly,2019-10-10T21:00:00.000,options,call
144,1570189980000,688.0,690.0,671.5,677.9,1660,,28000,weekly,2019-10-10T21:00:00.000,options,call
145,1570190040000,677.85,677.85,640.0,651.2,1780,,28000,weekly,2019-10-10T21:00:00.000,options,call
146,1570190100000,650.45,650.45,618.0,624.55,4000,,28000,weekly,2019-10-10T21:00:00.000,options,call
147,1570190160000,624.55,634.15,579.6,579.6,2660,,28000,weekly,2019-10-10T21:00:00.000,options,call
148,1570190220000,574.45,586.5,533.75,580.0,4060,,28000,weekly,2019-10-10T21:00:00.000,options,call
149,1570190280000,578.4,580.0,562.9,578.9,800,,28000,weekly,2019-10-10T21:00:00.000,options,call
150,1570190340000,580.75,617.65,569.95,617.55,1820,,28000,weekly,2019-10-10T21:00:00.000,options,call
151,1570190400000,614.05,614.05,590.6,591.5,1220,,28000,weekly,2019-10-10T21:00:00.000,options,call
152,1570190460000,594.5,595.0,574.75,590.0,2140,,28000,weekly,2019-10-10T21:00:00.000,options,call
153,1570190520000,590.0,591.2,567.65,570.0,1580,,28000,weekly,2019-10-10T21:00:00.000,options,call
154,1570190580000,575.45,575.45,501.1,525.0,6520,,28000,weekly,2019-10-10T21:00:00.000,options,call
155,1570190640000,525.0,552.75,525.0,552.75,8220,,28000,weekly,2019-10-10T21:00:00.000,options,call
156,1570190700000,560.8,562.75,539.0,539.0,6720,,28000,weekly,2019-10-10T21:00:00.000,options,call
157,1570190760000,535.0,590.0,531.75,580.35,5900,,28000,weekly,2019-10-10T21:00:00.000,options,call
158,1570190820000,588.0,598.0,579.75,580.2,1740,,28000,weekly,2019-10-10T21:00:00.000,options,call
159,1570190880000,586.55,605.2,574.7,587.2,2300,,28000,weekly,2019-10-10T21:00:00.000,options,call
160,1570190940000,586.6,589.3,560.0,567.5,1520,,28000,weekly,2019-10-10T21:00:00.000,options,call
161,1570191000000,570.0,591.85,567.8,567.8,1100,,28000,weekly,2019-10-10T21:00:00.000,options,call
162,1570191060000,567.8,594.0,566.95,579.4,840,,28000,weekly,2019-10-10T21:00:00.000,options,call
163,1570191120000,575.4,580.2,556.6,556.6,2540,,28000,weekly,2019-10-10T21:00:00.000,options,call
164,1570191180000,557.8,568.6,555.3,568.6,3280,,28000,weekly,2019-10-10T21:00:00.000,options,call
165,1570191240000,562.6,564.15,550.0,553.25,820,,28000,weekly,2019-10-10T21:00:00.000,options,call
166,1570191300000,552.65,575.75,550.8,563.35,1340,,28000,weekly,2019-10-10T21:00:00.000,options,call
167,1570191360000,563.15,566.4,545.55,557.85,2040,,28000,weekly,2019-10-10T21:00:00.000,options,call
168,1570191420000,565.35,565.35,550.0,550.0,820,,28000,weekly,2019-10-10T21:00:00.000,options,call
169,1570191480000,558.25,567.6,542.85,565.35,3720,,28000,weekly,2019-10-10T21:00:00.000,options,call
170,1570191540000,566.35,595.2,566.35,591.3,2800,,28000,weekly,2019-10-10T21:00:00.000,options,call
171,1570191600000,595.65,627.15,585.1,613.15,2540,,28000,weekly,2019-10-10T21:00:00.000,options,call
172,1570191660000,612.6,642.6,610.05,636.1,1280,,28000,weekly,2019-10-10T21:00:00.000,options,call
173,1570191720000,636.1,636.1,593.5,613.0,1760,,28000,weekly,2019-10-10T21:00:00.000,options,call
174,1570191780000,613.3,654.75,606.7,645.9,2860,,28000,weekly,2019-10-10T21:00:00.000,options,call
175,1570191840000,645.95,651.0,626.9,645.0,820,,28000,weekly,2019-10-10T21:00:00.000,options,call
176,1570191900000,649.0,650.55,627.3,638.0,1040,,28000,weekly,2019-10-10T21:00:00.000,options,call
177,1570191960000,639.95,650.4,622.65,630.05,1120,,28000,weekly,2019-10-10T21:00:00.000,options,call
178,1570192020000,620.0,620.0,586.75,600.0,1920,,28000,weekly,2019-10-10T21:00:00.000,options,call
179,1570192080000,600.0,623.5,590.0,621.9,3740,,28000,weekly,2019-10-10T21:00:00.000,options,call
180,1570192140000,616.4,621.8,608.75,613.7,2440,,28000,weekly,2019-10-10T21:00:00.000,options,call
181,1570192200000,613.7,620.4,584.8,584.8,1280,,28000,weekly,2019-10-10T21:00:00.000,options,call
182,1570192260000,577.0,577.0,545.0,563.45,3400,,28000,weekly,2019-10-10T21:00:00.000,options,call
183,1570192320000,550.25,574.75,550.25,569.1,940,,28000,weekly,2019-10-10T21:00:00.000,options,call
184,1570192380000,565.05,575.0,555.65,555.65,1060,,28000,weekly,2019-10-10T21:00:00.000,options,call
185,1570192440000,555.65,573.6,555.65,573.6,1200,,28000,weekly,2019-10-10T21:00:00.000,options,call
186,1570192500000,570.0,570.05,558.3,562.6,440,,28000,weekly,2019-10-10T21:00:00.000,options,call
187,1570192560000,560.0,608.1,560.0,595.0,700,,28000,weekly,2019-10-10T21:00:00.000,options,call
188,1570192620000,595.0,595.15,570.7,573.1,740,,28000,weekly,2019-10-10T21:00:00.000,options,call
189,1570192680000,568.0,576.2,550.0,568.9,1620,,28000,weekly,2019-10-10T21:00:00.000,options,call
190,1570192740000,561.0,565.0,556.0,560.0,240,,28000,weekly,2019-10-10T21:00:00.000,options,call
191,1570192800000,567.65,577.25,565.15,577.25,800,,28000,weekly,2019-10-10T21:00:00.000,options,call
192,1570192860000,570.85,573.95,562.25,562.25,300,,28000,weekly,2019-10-10T21:00:00.000,options,call
193,1570192920000,562.25,562.25,543.85,551.0,680,,28000,weekly,2019-10-10T21:00:00.000,options,call
194,1570192980000,550.9,551.0,512.0,535.0,3080,,28000,weekly,2019-10-10T21:00:00.000,options,call
195,1570193040000,535.0,558.85,525.7,551.7,1160,,28000,weekly,2019-10-10T21:00:00.000,options,call
196,1570193100000,556.35,560.85,537.6,537.6,1320,,28000,weekly,2019-10-10T21:00:00.000,options,call
197,1570193160000,553.35,553.35,541.1,541.1,140,,28000,weekly,2019-10-10T21:00:00.000,options,call
198,1570193220000,545.1,558.1,545.1,555.0,1060,,28000,weekly,2019-10-10T21:00:00.000,options,call
199,1570193280000,555.0,575.0,550.0,550.0,1600,,28000,weekly,2019-10-10T21:00:00.000,options,call
200,1570193340000,540.0,540.0,520.0,536.55,1420,,28000,weekly,2019-10-10T21:00:00.000,options,call
201,1570193400000,536.55,538.4,522.5,530.0,2280,,28000,weekly,2019-10-10T21:00:00.000,options,call
202,1570193460000,525.0,532.2,521.1,525.55,1480,,28000,weekly,2019-10-10T21:00:00.000,options,call
203,1570193520000,525.55,530.0,506.6,510.6,2500,,28000,weekly,2019-10-10T21:00:00.000,options,call
204,1570193580000,520.55,523.45,506.8,510.05,1020,,28000,weekly,2019-10-10T21:00:00.000,options,call
205,1570193640000,510.05,521.5,510.05,520.8,1520,,28000,weekly,2019-10-10T21:00:00.000,options,call
206,1570193700000,520.0,520.0,444.05,456.85,15220,,28000,weekly,2019-10-10T21:00:00.000,options,call
207,1570193760000,451.15,464.25,425.0,435.45,12160,,28000,weekly,2019-10-10T21:00:00.000,options,call
208,1570193820000,435.45,449.1,414.85,433.1,15980,,28000,weekly,2019-10-10T21:00:00.000,options,call
209,1570193880000,430.3,441.85,405.15,441.05,18920,,28000,weekly,2019-10-10T21:00:00.000,options,call
210,1570193940000,438.95,439.0,424.75,426.05,19800,,28000,weekly,2019-10-10T21:00:00.000,options,call
211,1570194000000,427.65,433.75,416.8,427.45,10000,,28000,weekly,2019-10-10T21:00:00.000,options,call
212,1570194060000,430.1,449.65,427.1,448.0,6480,,28000,weekly,2019-10-10T21:00:00.000,options,call
213,1570194120000,446.0,450.8,437.05,446.95,14900,,28000,weekly,2019-10-10T21:00:00.000,options,call
214,1570194180000,446.95,462.0,438.2,440.65,13160,,28000,weekly,2019-10-10T21:00:00.000,options,call
215,1570194240000,437.0,437.0,419.55,422.2,8580,,28000,weekly,2019-10-10T21:00:00.000,options,call
216,1570194300000,421.0,421.0,387.25,405.85,13600,,28000,weekly,2019-10-10T21:00:00.000,options,call
217,1570194360000,403.55,412.0,398.45,401.25,16700,,28000,weekly,2019-10-10T21:00:00.000,options,call
218,1570194420000,396.65,413.05,393.95,413.05,10060,,28000,weekly,2019-10-10T21:00:00.000,options,call
219,1570194480000,411.95,438.65,407.9,432.05,20080,,28000,weekly,2019-10-10T21:00:00.000,options,call
220,1570194540000,429.95,439.95,424.45,430.75,15440,,28000,weekly,2019-10-10T21:00:00.000,options,call
221,1570194600000,431.25,435.2,421.85,431.3,5620,,28000,weekly,2019-10-10T21:00:00.000,options,call
222,1570194660000,432.35,437.65,420.0,433.15,8900,,28000,weekly,2019-10-10T21:00:00.000,options,call
223,1570194720000,433.65,437.6,408.15,411.05,7420,,28000,weekly,2019-10-10T21:00:00.000,options,call
224,1570194780000,408.25,430.55,408.0,429.5,7180,,28000,weekly,2019-10-10T21:00:00.000,options,call
225,1570194840000,430.0,457.05,424.95,442.0,9500,,28000,weekly,2019-10-10T21:00:00.000,options,call
226,1570194900000,442.0,444.3,432.05,435.35,7120,,28000,weekly,2019-10-10T21:00:00.000,options,call
227,1570194960000,435.35,455.85,435.0,436.65,7760,,28000,weekly,2019-10-10T21:00:00.000,options,call
228,1570195020000,437.0,443.95,422.2,422.55,3800,,28000,weekly,2019-10-10T21:00:00.000,options,call
229,1570195080000,422.55,423.3,407.3,418.7,5240,,28000,weekly,2019-10-10T21:00:00.000,options,call
230,1570195140000,419.0,430.0,418.7,429.0,1800,,28000,weekly,2019-10-10T21:00:00.000,options,call
231,1570195200000,429.0,445.2,429.0,438.0,3600,,28000,weekly,2019-10-10T21:00:00.000,options,call
232,1570195260000,438.0,459.75,435.8,446.65,9160,,28000,weekly,2019-10-10T21:00:00.000,options,call
233,1570195320000,451.0,465.75,447.5,461.7,15720,,28000,weekly,2019-10-10T21:00:00.000,options,call
234,1570195380000,460.05,462.1,447.65,447.65,9620,,28000,weekly,2019-10-10T21:00:00.000,options,call
235,1570195440000,450.0,450.8,444.5,445.0,5380,,28000,weekly,2019-10-10T21:00:00.000,options,call
236,1570195500000,444.65,453.05,440.0,444.15,4280,,28000,weekly,2019-10-10T21:00:00.000,options,call
237,1570195560000,440.35,443.0,425.0,441.9,5060,,28000,weekly,2019-10-10T21:00:00.000,options,call
238,1570195620000,440.6,447.9,430.95,447.9,5120,,28000,weekly,2019-10-10T21:00:00.000,options,call
239,1570195680000,446.95,446.95,421.0,422.65,5860,,28000,weekly,2019-10-10T21:00:00.000,options,call
240,1570195740000,425.95,435.25,423.5,435.25,2660,,28000,weekly,2019-10-10T21:00:00.000,options,call
241,1570195800000,431.85,431.85,400.0,409.55,6880,,28000,weekly,2019-10-10T21:00:00.000,options,call
242,1570195860000,408.1,408.1,385.65,387.55,13900,,28000,weekly,2019-10-10T21:00:00.000,options,call
243,1570195920000,385.3,394.55,353.4,355.8,22800,,28000,weekly,2019-10-10T21:00:00.000,options,call
244,1570195980000,359.3,372.6,344.05,352.6,24080,,28000,weekly,2019-10-10T21:00:00.000,options,call
245,1570196040000,350.6,369.2,350.6,362.45,21540,,28000,weekly,2019-10-10T21:00:00.000,options,call
246,1570196100000,362.4,370.0,353.35,357.75,16120,,28000,weekly,2019-10-10T21:00:00.000,options,call
247,1570196160000,358.0,369.0,351.3,369.0,12660,,28000,weekly,2019-10-10T21:00:00.000,options,call
248,1570196220000,367.7,380.0,365.0,369.0,18820,,28000,weekly,2019-10-10T21:00:00.000,options,call
249,1570196280000,371.05,373.55,354.0,356.35,7960,,28000,weekly,2019-10-10T21:00:00.000,options,call
250,1570196340000,356.85,363.8,349.0,349.0,10080,,28000,weekly,2019-10-10T21:00:00.000,options,call
251,1570196400000,345.0,347.15,320.35,336.6,37240,,28000,weekly,2019-10-10T21:00:00.000,options,call
252,1570196460000,334.0,344.0,333.4,338.9,10460,,28000,weekly,2019-10-10T21:00:00.000,options,call
253,1570196520000,337.85,354.7,337.85,354.7,11060,,28000,weekly,2019-10-10T21:00:00.000,options,call
254,1570196580000,354.7,357.1,336.4,338.0,10960,,28000,weekly,2019-10-10T21:00:00.000,options,call
255,1570196640000,341.2,351.25,338.0,345.15,6500,,28000,weekly,2019-10-10T21:00:00.000,options,call
256,1570196700000,343.9,343.9,317.3,330.15,26920,,28000,weekly,2019-10-10T21:00:00.000,options,call
257,1570196760000,328.6,335.05,325.35,327.95,13700,,28000,weekly,2019-10-10T21:00:00.000,options,call
258,1570196820000,326.1,337.2,325.0,331.7,13560,,28000,weekly,2019-10-10T21:00:00.000,options,call
259,1570196880000,331.7,343.1,327.45,340.65,11060,,28000,weekly,2019-10-10T21:00:00.000,options,call
260,1570196940000,344.7,355.0,332.9,339.25,24600,,28000,weekly,2019-10-10T21:00:00.000,options,call
261,1570197000000,340.8,343.7,304.5,317.6,16560,,28000,weekly,2019-10-10T21:00:00.000,options,call
262,1570197060000,315.65,332.7,315.65,328.15,13040,,28000,weekly,2019-10-10T21:00:00.000,options,call
263,1570197120000,328.05,343.9,321.7,330.9,9620,,28000,weekly,2019-10-10T21:00:00.000,options,call
264,1570197180000,331.9,348.5,330.9,348.5,10980,,28000,weekly,2019-10-10T21:00:00.000,options,call
265,1570197240000,349.0,359.05,342.9,356.2,17860,,28000,weekly,2019-10-10T21:00:00.000,options,call
266,1570197300000,358.3,363.5,353.75,360.9,37500,,28000,weekly,2019-10-10T21:00:00.000,options,call
267,1570197360000,360.0,364.65,352.0,362.25,10140,,28000,weekly,2019-10-10T21:00:00.000,options,call
268,1570197420000,364.9,365.0,342.85,345.95,10720,,28000,weekly,2019-10-10T21:00:00.000,options,call
269,1570197480000,350.0,360.2,346.1,358.9,5840,,28000,weekly,2019-10-10T21:00:00.000,options,call
270,1570197540000,360.0,367.55,354.2,365.5,6740,,28000,weekly,2019-10-10T21:00:00.000,options,call
271,1570197600000,367.75,390.0,363.0,380.9,33180,,28000,weekly,2019-10-10T21:00:00.000,options,call
272,1570197660000,384.0,394.95,380.0,394.95,11340,,28000,weekly,2019-10-10T21:00:00.000,options,call
273,1570197720000,396.55,396.55,369.95,372.85,17780,,28000,weekly,2019-10-10T21:00:00.000,options,call
274,1570197780000,369.95,375.95,364.45,369.7,6040,,28000,weekly,2019-10-10T21:00:00.000,options,call
275,1570197840000,370.0,372.0,348.25,354.35,12480,,28000,weekly,2019-10-10T21:00:00.000,options,call
276,1570197900000,359.25,366.55,356.85,363.5,7260,,28000,weekly,2019-10-10T21:00:00.000,options,call
277,1570197960000,364.65,383.9,361.85,371.4,9240,,28000,weekly,2019-10-10T21:00:00.000,options,call
278,1570198020000,370.75,382.0,360.0,364.65,9920,,28000,weekly,2019-10-10T21:00:00.000,options,call
279,1570198080000,365.6,374.35,360.45,370.0,4300,,28000,weekly,2019-10-10T21:00:00.000,options,call
280,1570198200000,357.8,364.0,350.0,354.0,8260,,28000,weekly,2019-10-10T21:00:00.000,options,call
281,1570198260000,354.3,357.85,341.85,344.3,9460,,28000,weekly,2019-10-10T21:00:00.000,options,call
282,1570198320000,347.25,357.45,341.0,353.95,5200,,28000,weekly,2019-10-10T21:00:00.000,options,call
283,1570198380000,354.25,357.0,350.0,352.95,6900,,28000,weekly,2019-10-10T21:00:00.000,options,call
284,1570198440000,351.0,363.0,350.25,362.1,5300,,28000,weekly,2019-10-10T21:00:00.000,options,call
285,1570198500000,362.4,379.6,362.4,373.15,13300,,28000,weekly,2019-10-10T21:00:00.000,options,call
286,1570198560000,370.6,393.95,367.0,390.3,17280,,28000,weekly,2019-10-10T21:00:00.000,options,call
287,1570198620000,390.0,394.9,375.95,381.05,16960,,28000,weekly,2019-10-10T21:00:00.000,options,call
288,1570198680000,381.0,387.85,365.4,365.65,14340,,28000,weekly,2019-10-10T21:00:00.000,options,call
289,1570198740000,365.65,379.85,365.65,379.8,7580,,28000,weekly,2019-10-10T21:00:00.000,options,call
290,1570198800000,379.85,391.65,374.4,389.2,8780,,28000,weekly,2019-10-10T21:00:00.000,options,call
291,1570198860000,390.0,395.0,373.1,376.85,7960,,28000,weekly,2019-10-10T21:00:00.000,options,call
292,1570198920000,377.1,379.0,350.0,361.95,15560,,28000,weekly,2019-10-10T21:00:00.000,options,call
293,1570198980000,360.1,366.15,343.3,346.35,11740,,28000,weekly,2019-10-10T21:00:00.000,options,call
294,1570199040000,349.9,355.0,346.15,355.0,7460,,28000,weekly,2019-10-10T21:00:00.000,options,call
295,1570199100000,352.85,352.85,332.6,346.6,13320,,28000,weekly,2019-10-10T21:00:00.000,options,call
296,1570199160000,346.0,352.45,342.6,350.45,4500,,28000,weekly,2019-10-10T21:00:00.000,options,call
297,1570199220000,349.3,351.7,338.4,342.4,6460,,28000,weekly,2019-10-10T21:00:00.000,options,call
298,1570199280000,342.25,342.25,321.45,328.5,15840,,28000,weekly,2019-10-10T21:00:00.000,options,call
299,1570199340000,328.05,339.0,328.05,334.5,5280,,28000,weekly,2019-10-10T21:00:00.000,options,call
300,1570199400000,334.5,350.0,331.9,341.2,11260,,28000,weekly,2019-10-10T21:00:00.000,options,call
301,1570199460000,343.6,344.0,320.35,328.85,6520,,28000,weekly,2019-10-10T21:00:00.000,options,call
302,1570199520000,327.4,336.35,324.9,336.0,7360,,28000,weekly,2019-10-10T21:00:00.000,options,call
303,1570199580000,335.55,337.2,321.75,327.3,6400,,28000,weekly,2019-10-10T21:00:00.000,options,call
304,1570199640000,325.6,328.8,311.85,325.65,15280,,28000,weekly,2019-10-10T21:00:00.000,options,call
305,1570199700000,327.7,327.7,315.8,320.0,14500,,28000,weekly,2019-10-10T21:00:00.000,options,call
306,1570199760000,320.45,320.45,307.75,309.4,8680,,28000,weekly,2019-10-10T21:00:00.000,options,call
307,1570199820000,311.35,324.0,309.65,323.0,9500,,28000,weekly,2019-10-10T21:00:00.000,options,call
308,1570199880000,324.0,325.0,299.05,304.3,17020,,28000,weekly,2019-10-10T21:00:00.000,options,call
309,1570199940000,308.0,321.0,306.0,318.0,11160,,28000,weekly,2019-10-10T21:00:00.000,options,call
310,1570200000000,318.35,325.0,311.85,325.0,11800,,28000,weekly,2019-10-10T21:00:00.000,options,call
311,1570200060000,327.95,336.0,326.0,328.25,12780,,28000,weekly,2019-10-10T21:00:00.000,options,call
312,1570200120000,329.25,334.0,322.55,330.0,11720,,28000,weekly,2019-10-10T21:00:00.000,options,call
313,1570200180000,330.6,333.25,320.95,321.6,7360,,28000,weekly,2019-10-10T21:00:00.000,options,call
314,1570200240000,322.8,328.3,320.0,323.0,4480,,28000,weekly,2019-10-10T21:00:00.000,options,call
315,1570200300000,323.05,349.95,321.05,345.25,18440,,28000,weekly,2019-10-10T21:00:00.000,options,call
316,1570200360000,341.6,355.0,341.6,343.7,12120,,28000,weekly,2019-10-10T21:00:00.000,options,call
317,1570200420000,343.35,356.7,337.0,352.0,14900,,28000,weekly,2019-10-10T21:00:00.000,options,call
318,1570200480000,351.75,351.75,337.0,337.0,6700,,28000,weekly,2019-10-10T21:00:00.000,options,call
319,1570200540000,337.0,340.9,334.35,340.0,6900,,28000,weekly,2019-10-10T21:00:00.000,options,call
320,1570200600000,337.0,354.55,333.2,353.05,12160,,28000,weekly,2019-10-10T21:00:00.000,options,call
321,1570200660000,351.5,353.0,338.4,338.4,6600,,28000,weekly,2019-10-10T21:00:00.000,options,call
322,1570200720000,337.35,348.55,336.1,336.1,7780,,28000,weekly,2019-10-10T21:00:00.000,options,call
323,1570200780000,339.0,348.0,336.5,348.0,7560,,28000,weekly,2019-10-10T21:00:00.000,options,call
324,1570200840000,349.95,350.4,320.1,329.45,19320,,28000,weekly,2019-10-10T21:00:00.000,options,call
325,1570200900000,329.0,334.5,323.4,329.9,12280,,28000,weekly,2019-10-10T21:00:00.000,options,call
326,1570200960000,329.9,343.05,329.9,336.25,5900,,28000,weekly,2019-10-10T21:00:00.000,options,call
327,1570201020000,338.2,346.0,330.0,342.5,6700,,28000,weekly,2019-10-10T21:00:00.000,options,call
328,1570201080000,342.5,351.0,340.75,343.0,6700,,28000,weekly,2019-10-10T21:00:00.000,options,call
329,1570201140000,341.55,343.3,328.95,330.0,9860,,28000,weekly,2019-10-10T21:00:00.000,options,call
330,1570201200000,329.75,358.0,329.75,341.6,23560,,28000,weekly,2019-10-10T21:00:00.000,options,call
331,1570201260000,341.6,350.0,335.0,338.0,11380,,28000,weekly,2019-10-10T21:00:00.000,options,call
332,1570201320000,337.4,339.35,322.2,326.5,16940,,28000,weekly,2019-10-10T21:00:00.000,options,call
333,1570201380000,325.75,325.75,307.65,318.6,22360,,28000,weekly,2019-10-10T21:00:00.000,options,call
334,1570201440000,317.95,322.55,309.35,315.2,16360,,28000,weekly,2019-10-10T21:00:00.000,options,call
335,1570201500000,317.95,321.0,312.8,318.05,10080,,28000,weekly,2019-10-10T21:00:00.000,options,call
336,1570201560000,318.3,318.5,310.3,310.3,13560,,28000,weekly,2019-10-10T21:00:00.000,options,call
337,1570201620000,309.8,322.75,309.3,321.45,18580,,28000,weekly,2019-10-10T21:00:00.000,options,call
338,1570201680000,320.5,323.25,316.1,323.25,10980,,28000,weekly,2019-10-10T21:00:00.000,options,call
339,1570201740000,323.0,323.0,310.15,318.2,14120,,28000,weekly,2019-10-10T21:00:00.000,options,call
340,1570201800000,320.45,320.75,310.9,316.0,13120,,28000,weekly,2019-10-10T21:00:00.000,options,call
341,1570201860000,315.0,318.9,303.35,307.25,14420,,28000,weekly,2019-10-10T21:00:00.000,options,call
342,1570201920000,308.65,308.65,303.45,306.4,18320,,28000,weekly,2019-10-10T21:00:00.000,options,call
343,1570201980000,307.35,312.2,300.4,310.35,18420,,28000,weekly,2019-10-10T21:00:00.000,options,call
344,1570202040000,310.35,314.0,308.3,313.15,10160,,28000,weekly,2019-10-10T21:00:00.000,options,call
345,1570202100000,313.15,313.15,304.0,306.7,13940,,28000,weekly,2019-10-10T21:00:00.000,options,call
346,1570202160000,305.25,310.0,303.4,308.35,10240,,28000,weekly,2019-10-10T21:00:00.000,options,call
347,1570202220000,307.85,311.4,305.2,307.0,9960,,28000,weekly,2019-10-10T21:00:00.000,options,call
348,1570202280000,307.15,309.75,304.65,309.75,10500,,28000,weekly,2019-10-10T21:00:00.000,options,call
349,1570202340000,309.85,312.0,307.45,312.0,9300,,28000,weekly,2019-10-10T21:00:00.000,options,call
350,1570202400000,312.7,321.9,310.0,321.9,25760,,28000,weekly,2019-10-10T21:00:00.000,options,call
351,1570202460000,322.0,322.0,317.25,318.3,9000,,28000,weekly,2019-10-10T21:00:00.000,options,call
352,1570202520000,318.0,321.0,311.1,312.85,14280,,28000,weekly,2019-10-10T21:00:00.000,options,call
353,1570202580000,311.15,311.2,301.6,302.6,16860,,28000,weekly,2019-10-10T21:00:00.000,options,call
354,1570202640000,301.4,305.0,300.0,303.25,11680,,28000,weekly,2019-10-10T21:00:00.000,options,call
355,1570202700000,303.4,306.0,296.0,297.7,17220,,28000,weekly,2019-10-10T21:00:00.000,options,call
356,1570202760000,296.25,302.55,295.8,300.05,10640,,28000,weekly,2019-10-10T21:00:00.000,options,call
357,1570202820000,299.6,303.0,297.05,300.5,14680,,28000,weekly,2019-10-10T21:00:00.000,options,call
358,1570202880000,301.1,302.0,294.5,296.45,16200,,28000,weekly,2019-10-10T21:00:00.000,options,call
359,1570202940000,296.45,301.0,294.9,299.0,15360,,28000,weekly,2019-10-10T21:00:00.000,options,call
