,timestamp,open,high,low,close,volume,open_interest,strike,expiry_type,expiry,instrument,contract_type
0,1654679700000,1018.35,1026.35,998.7,1009.8,650,52225,36100,weekly,2022-6-9T21:00:00.000,options,put
1,1654679760000,1021.9,1022.85,1009.2,1009.2,250,52225,36100,weekly,2022-6-9T21:00:00.000,options,put
2,1654679820000,1040.0,1044.85,1040.0,1044.85,50,52275,36100,weekly,2022-6-9T21:00:00.000,options,put
3,1654679940000,1039.4,1039.4,1039.4,1039.4,25,52275,36100,weekly,2022-6-9T21:00:00.000,options,put
4,1654680000000,1039.4,1040.1,1039.4,1040.1,325,52225,36100,weekly,2022-6-9T21:00:00.000,options,put
5,1654680120000,1063.4,1063.4,1061.55,1061.55,100,52225,36100,weekly,2022-6-9T21:00:00.000,options,put
6,1654680180000,1062.1,1062.1,1062.1,1062.1,100,52225,36100,weekly,2022-6-9T21:00:00.000,options,put
7,1654680240000,1048.05,1048.05,1048.05,1048.05,25,52350,36100,weekly,2022-6-9T21:00:00.000,options,put
8,1654680300000,1040.0,1040.0,1034.85,1034.85,50,52350,36100,weekly,2022-6-9T21:00:00.000,options,put
9,1654680360000,1026.6,1026.6,1026.6,1026.6,25,52325,36100,weekly,2022-6-9T21:00:00.000,options,put
10,1654680480000,1051.0,1051.0,1050.1,1050.1,50,52325,36100,weekly,2022-6-9T21:00:00.000,options,put
11,1654680540000,1040.75,1040.75,1040.75,1040.75,25,52325,36100,weekly,2022-6-9T21:00:00.000,options,put
12,1654680600000,1042.05,1042.75,1042.05,1042.75,125,52300,36100,weekly,2022-6-9T21:00:00.000,options,put
13,1654680720000,1060.05,1060.05,1060.05,1060.05,25,52300,36100,weekly,2022-6-9T21:00:00.000,options,put
14,1654680780000,1065.05,1065.05,1058.55,1058.55,75,52325,36100,weekly,2022-6-9T21:00:00.000,options,put
15,1654680960000,1092.55,1093.6,1092.55,1093.6,75,52325,36100,weekly,2022-6-9T21:00:00.000,options,put
16,1654681020000,1100.8,1100.8,1098.1,1098.1,175,52325,36100,weekly,2022-6-9T21:00:00.000,options,put
17,1654681080000,1095.15,1095.4,1095.15,1095.4,50,52175,36100,weekly,2022-6-9T21:00:00.000,options,put
18,1654681200000,1092.7,1092.7,1090.0,1090.0,100,52175,36100,weekly,2022-6-9T21:00:00.000,options,put
19,1654681260000,1078.0,1078.0,1078.0,1078.0,25,52125,36100,weekly,2022-6-9T21:00:00.000,options,put
20,1654681320000,1070.0,1070.0,1070.0,1070.0,25,52125,36100,weekly,2022-6-9T21:00:00.000,options,put
21,1654681380000,1058.55,1058.55,1058.55,1058.55,25,52125,36100,weekly,2022-6-9T21:00:00.000,options,put
22,1654681440000,1058.0,1059.15,1050.4,1050.4,175,52100,36100,weekly,2022-6-9T21:00:00.000,options,put
23,1654681500000,1053.0,1053.0,1053.0,1053.0,25,52100,36100,weekly,2022-6-9T21:00:00.000,options,put
24,1654681560000,1076.55,1085.3,1076.55,1085.3,500,52100,36100,weekly,2022-6-9T21:00:00.000,options,put
25,1654681680000,1086.8,1086.8,1079.4,1079.4,100,52050,36100,weekly,2022-6-9T21:00:00.000,options,put
26,1654682160000,1089.0,1089.0,1089.0,1089.0,75,52075,36100,weekly,2022-6-9T21:00:00.000,options,put
27,1654682220000,1086.4,1086.4,1086.4,1086.4,25,52075,36100,weekly,2022-6-9T21:00:00.000,options,put
28,1654682280000,1129.1,1129.1,1099.4,1104.2,125,52075,36100,weekly,2022-6-9T21:00:00.000,options,put
29,1654682340000,1116.05,1139.35,1116.05,1139.35,75,52075,36100,weekly,2022-6-9T21:00:00.000,options,put
30,1654682400000,1120.15,1120.15,1120.15,1120.15,50,52175,36100,weekly,2022-6-9T21:00:00.000,options,put
31,1654682460000,1120.15,1120.15,1120.15,1120.15,25,52175,36100,weekly,2022-6-9T21:00:00.000,options,put
32,1654682640000,1135.0,1189.8,1129.0,1156.85,825,52125,36100,weekly,2022-6-9T21:00:00.000,options,put
33,1654682700000,1152.7,1210.4,1152.7,1208.95,275,51975,36100,weekly,2022-6-9T21:00:00.000,options,put
34,1654682760000,1200.0,1231.15,1200.0,1231.15,450,51975,36100,weekly,2022-6-9T21:00:00.000,options,put
35,1654682820000,1250.85,1250.85,1226.25,1226.25,200,51975,36100,weekly,2022-6-9T21:00:00.000,options,put
36,1654682880000,1140.0,1143.3,1037.8,1143.3,750,51725,36100,weekly,2022-6-9T21:00:00.000,options,put
37,1654682940000,1116.15,1181.95,1116.15,1138.25,375,51725,36100,weekly,2022-6-9T21:00:00.000,options,put
38,1654683000000,1140.3,1140.3,1140.3,1140.3,50,51725,36100,weekly,2022-6-9T21:00:00.000,options,put
39,1654683060000,1127.1,1127.1,1077.1,1077.1,175,51650,36100,weekly,2022-6-9T21:00:00.000,options,put
40,1654683120000,1075.0,1078.05,1060.0,1063.35,150,51650,36100,weekly,2022-6-9T21:00:00.000,options,put
41,1654683180000,1062.9,1062.9,1048.0,1056.05,125,51650,36100,weekly,2022-6-9T21:00:00.000,options,put
42,1654683240000,1070.1,1084.3,1070.1,1084.3,75,51650,36100,weekly,2022-6-9T21:00:00.000,options,put
43,1654683300000,1084.65,1084.65,1032.9,1057.55,225,51625,36100,weekly,2022-6-9T21:00:00.000,options,put
44,1654683360000,1057.55,1057.55,1032.05,1032.05,100,51625,36100,weekly,2022-6-9T21:00:00.000,options,put
45,1654683420000,1036.85,1054.55,1036.85,1054.55,125,51625,36100,weekly,2022-6-9T21:00:00.000,options,put
46,1654683480000,1065.2,1088.4,1065.2,1086.2,100,51525,36100,weekly,2022-6-9T21:00:00.000,options,put
47,1654683540000,1086.2,1086.2,1081.35,1081.35,50,51525,36100,weekly,2022-6-9T21:00:00.000,options,put
48,1654683600000,1077.55,1077.55,1077.55,1077.55,50,51525,36100,weekly,2022-6-9T21:00:00.000,options,put
49,1654683780000,1081.1,1081.1,1081.1,1081.1,25,51625,36100,weekly,2022-6-9T21:00:00.000,options,put
50,1654683900000,1090.4,1090.4,1090.4,1090.4,25,51625,36100,weekly,2022-6-9T21:00:00.000,options,put
51,1654683960000,1094.95,1094.95,1094.95,1094.95,25,51625,36100,weekly,2022-6-9T21:00:00.000,options,put
52,1654684080000,1085.1,1085.1,1085.1,1085.1,25,51625,36100,weekly,2022-6-9T21:00:00.000,options,put
53,1654684200000,1098.4,1098.4,1088.4,1088.4,75,51600,36100,weekly,2022-6-9T21:00:00.000,options,put
54,1654684260000,1070.6,1070.6,1070.6,1070.6,75,51600,36100,weekly,2022-6-9T21:00:00.000,options,put
55,1654684320000,1061.4,1061.4,974.5,974.5,200,51650,36100,weekly,2022-6-9T21:00:00.000,options,put
56,1654684380000,974.5,1000.0,974.5,1000.0,75,51650,36100,weekly,2022-6-9T21:00:00.000,options,put
57,1654684440000,971.0,971.0,965.0,965.0,150,51650,36100,weekly,2022-6-9T21:00:00.000,options,put
58,1654684500000,950.0,951.15,901.7,901.7,375,51550,36100,weekly,2022-6-9T21:00:00.000,options,put
59,1654684560000,904.15,904.45,866.3,866.3,175,51550,36100,weekly,2022-6-9T21:00:00.000,options,put
60,1654684620000,875.45,891.45,875.45,882.05,200,51550,36100,weekly,2022-6-9T21:00:00.000,options,put
61,1654684680000,882.2,888.7,860.2,861.05,275,51575,36100,weekly,2022-6-9T21:00:00.000,options,put
62,1654684740000,855.0,859.05,830.0,830.0,975,51575,36100,weekly,2022-6-9T21:00:00.000,options,put
63,1654684800000,808.4,808.9,777.15,805.35,1975,51575,36100,weekly,2022-6-9T21:00:00.000,options,put
64,1654684860000,796.4,801.6,796.4,799.6,700,51650,36100,weekly,2022-6-9T21:00:00.000,options,put
65,1654684920000,802.2,802.5,791.0,794.2,1275,51650,36100,weekly,2022-6-9T21:00:00.000,options,put
66,1654684980000,785.0,785.0,780.0,780.0,175,51650,36100,weekly,2022-6-9T21:00:00.000,options,put
67,1654685040000,766.8,766.85,750.0,750.0,300,52075,36100,weekly,2022-6-9T21:00:00.000,options,put
68,1654685100000,730.0,730.0,697.9,705.6,625,52075,36100,weekly,2022-6-9T21:00:00.000,options,put
69,1654685160000,705.6,705.6,696.55,703.3,500,52075,36100,weekly,2022-6-9T21:00:00.000,options,put
70,1654685220000,713.7,743.85,713.7,738.05,725,51925,36100,weekly,2022-6-9T21:00:00.000,options,put
71,1654685280000,738.05,764.9,731.55,755.8,550,51925,36100,weekly,2022-6-9T21:00:00.000,options,put
72,1654685340000,747.4,770.0,747.4,756.85,250,51925,36100,weekly,2022-6-9T21:00:00.000,options,put
73,1654685400000,756.85,770.45,756.85,758.85,175,51850,36100,weekly,2022-6-9T21:00:00.000,options,put
74,1654685460000,763.1,768.4,762.9,768.4,125,51850,36100,weekly,2022-6-9T21:00:00.000,options,put
75,1654685520000,771.0,780.4,765.85,780.4,475,51850,36100,weekly,2022-6-9T21:00:00.000,options,put
76,1654685580000,780.0,789.4,780.0,783.1,875,51475,36100,weekly,2022-6-9T21:00:00.000,options,put
77,1654685640000,775.8,778.8,774.65,774.65,125,51475,36100,weekly,2022-6-9T21:00:00.000,options,put
78,1654685700000,783.35,783.35,780.35,780.35,50,51475,36100,weekly,2022-6-9T21:00:00.000,options,put
79,1654685760000,786.65,790.9,771.35,774.2,225,51475,36100,weekly,2022-6-9T21:00:00.000,options,put
80,1654685820000,766.3,770.5,766.3,770.5,50,51275,36100,weekly,2022-6-9T21:00:00.000,options,put
81,1654685880000,772.9,786.35,770.0,786.35,150,51275,36100,weekly,2022-6-9T21:00:00.000,options,put
82,1654685940000,787.4,789.75,787.4,789.75,100,51275,36100,weekly,2022-6-9T21:00:00.000,options,put
83,1654686000000,770.0,770.0,760.0,760.0,1225,51125,36100,weekly,2022-6-9T21:00:00.000,options,put
84,1654686060000,768.2,783.1,768.2,782.25,225,51125,36100,weekly,2022-6-9T21:00:00.000,options,put
85,1654686120000,768.2,768.2,768.0,768.0,275,51125,36100,weekly,2022-6-9T21:00:00.000,options,put
86,1654686180000,766.45,771.15,759.95,764.0,250,51375,36100,weekly,2022-6-9T21:00:00.000,options,put
87,1654686300000,780.0,780.0,780.0,780.0,150,51375,36100,weekly,2022-6-9T21:00:00.000,options,put
88,1654686360000,780.0,789.25,780.0,785.0,150,51375,36100,weekly,2022-6-9T21:00:00.000,options,put
89,1654686420000,775.6,775.6,775.6,775.6,25,51375,36100,weekly,2022-6-9T21:00:00.000,options,put
90,1654686540000,792.05,802.75,792.05,802.75,125,51500,36100,weekly,2022-6-9T21:00:00.000,options,put
91,1654686600000,799.05,799.05,791.45,791.45,75,51500,36100,weekly,2022-6-9T21:00:00.000,options,put
92,1654686660000,800.0,811.45,800.0,811.45,775,51450,36100,weekly,2022-6-9T21:00:00.000,options,put
93,1654686720000,825.0,834.45,822.9,826.5,225,51450,36100,weekly,2022-6-9T21:00:00.000,options,put
94,1654686780000,819.9,845.0,819.85,845.0,100,51450,36100,weekly,2022-6-9T21:00:00.000,options,put
95,1654686840000,845.0,850.0,843.65,843.65,400,51350,36100,weekly,2022-6-9T21:00:00.000,options,put
96,1654686900000,835.3,835.3,835.3,835.3,125,51350,36100,weekly,2022-6-9T21:00:00.000,options,put
97,1654686960000,839.3,847.75,839.3,840.65,125,51350,36100,weekly,2022-6-9T21:00:00.000,options,put
98,1654687020000,842.45,851.9,842.45,851.9,100,51350,36100,weekly,2022-6-9T21:00:00.000,options,put
99,1654687080000,847.75,852.75,847.75,852.75,200,51350,36100,weekly,2022-6-9T21:00:00.000,options,put
100,1654687200000,830.25,835.0,821.9,835.0,150,51350,36100,weekly,2022-6-9T21:00:00.000,options,put
101,1654687260000,835.0,835.0,835.0,835.0,75,51350,36100,weekly,2022-6-9T21:00:00.000,options,put
102,1654687380000,814.3,814.3,810.0,810.85,75,51350,36100,weekly,2022-6-9T21:00:00.000,options,put
103,1654687440000,823.0,831.4,823.0,827.7,325,51350,36100,weekly,2022-6-9T21:00:00.000,options,put
104,1654687500000,833.65,833.65,833.65,833.65,75,51350,36100,weekly,2022-6-9T21:00:00.000,options,put
105,1654687680000,845.3,845.3,845.3,845.3,50,51175,36100,weekly,2022-6-9T21:00:00.000,options,put
106,1654687800000,800.0,800.0,800.0,800.0,75,51225,36100,weekly,2022-6-9T21:00:00.000,options,put
107,1654687860000,819.4,819.4,819.4,819.4,25,51225,36100,weekly,2022-6-9T21:00:00.000,options,put
108,1654687920000,823.65,823.65,823.65,823.65,300,51275,36100,weekly,2022-6-9T21:00:00.000,options,put
109,1654687980000,822.8,828.75,822.8,828.75,125,51275,36100,weekly,2022-6-9T21:00:00.000,options,put
110,1654688040000,828.75,828.75,828.75,828.75,25,51275,36100,weekly,2022-6-9T21:00:00.000,options,put
111,1654688280000,835.0,836.8,835.0,836.8,300,51200,36100,weekly,2022-6-9T21:00:00.000,options,put
112,1654688400000,840.7,840.7,840.7,840.7,100,51200,36100,weekly,2022-6-9T21:00:00.000,options,put
113,1654688460000,832.8,837.3,832.8,837.3,125,51400,36100,weekly,2022-6-9T21:00:00.000,options,put
114,1654688580000,837.3,838.65,837.3,838.65,125,51400,36100,weekly,2022-6-9T21:00:00.000,options,put
115,1654688640000,836.6,839.75,835.4,835.4,225,51475,36100,weekly,2022-6-9T21:00:00.000,options,put
116,1654688700000,832.7,832.7,832.7,832.7,50,51475,36100,weekly,2022-6-9T21:00:00.000,options,put
117,1654688760000,838.2,838.2,813.55,814.4,275,51475,36100,weekly,2022-6-9T21:00:00.000,options,put
118,1654688820000,822.75,822.75,822.3,822.3,75,51475,36100,weekly,2022-6-9T21:00:00.000,options,put
119,1654688880000,818.1,818.1,810.0,810.0,75,51200,36100,weekly,2022-6-9T21:00:00.000,options,put
120,1654689060000,823.05,823.05,823.05,823.05,50,51150,36100,weekly,2022-6-9T21:00:00.000,options,put
121,1654689120000,800.0,800.0,800.0,800.0,175,51150,36100,weekly,2022-6-9T21:00:00.000,options,put
122,1654689180000,808.25,808.25,808.25,808.25,25,51150,36100,weekly,2022-6-9T21:00:00.000,options,put
123,1654689240000,790.15,790.8,790.15,790.8,75,51150,36100,weekly,2022-6-9T21:00:00.000,options,put
124,1654689300000,806.6,806.6,790.0,791.3,1250,51150,36100,weekly,2022-6-9T21:00:00.000,options,put
125,1654689420000,788.0,789.65,785.0,785.0,1350,52025,36100,weekly,2022-6-9T21:00:00.000,options,put
126,1654689480000,781.25,790.95,781.25,790.95,75,52025,36100,weekly,2022-6-9T21:00:00.000,options,put
127,1654689540000,788.95,800.35,788.95,800.35,100,52025,36100,weekly,2022-6-9T21:00:00.000,options,put
128,1654689600000,791.85,791.85,791.85,791.85,75,51050,36100,weekly,2022-6-9T21:00:00.000,options,put
129,1654689720000,778.35,780.0,778.35,780.0,75,51050,36100,weekly,2022-6-9T21:00:00.000,options,put
130,1654689840000,790.0,791.6,785.95,785.95,100,51100,36100,weekly,2022-6-9T21:00:00.000,options,put
131,1654689900000,780.0,780.0,780.0,780.0,50,51100,36100,weekly,2022-6-9T21:00:00.000,options,put
132,1654689960000,773.0,773.0,773.0,773.0,225,51100,36100,weekly,2022-6-9T21:00:00.000,options,put
133,1654690080000,784.6,784.6,781.7,781.7,50,51100,36100,weekly,2022-6-9T21:00:00.000,options,put
134,1654690140000,783.8,783.8,783.8,783.8,75,51075,36100,weekly,2022-6-9T21:00:00.000,options,put
135,1654690200000,790.0,795.0,790.0,795.0,250,51075,36100,weekly,2022-6-9T21:00:00.000,options,put
136,1654690260000,790.55,800.0,790.55,800.0,100,51075,36100,weekly,2022-6-9T21:00:00.000,options,put
137,1654690320000,805.4,805.4,799.5,799.5,1225,51275,36100,weekly,2022-6-9T21:00:00.000,options,put
138,1654690380000,810.0,810.0,802.65,802.65,100,51275,36100,weekly,2022-6-9T21:00:00.000,options,put
139,1654690440000,797.1,797.1,794.95,794.95,100,51275,36100,weekly,2022-6-9T21:00:00.000,options,put
140,1654690560000,796.7,796.7,796.7,796.7,25,51800,36100,weekly,2022-6-9T21:00:00.000,options,put
141,1654690620000,797.95,797.95,796.25,796.25,50,51800,36100,weekly,2022-6-9T21:00:00.000,options,put
142,1654690680000,777.0,795.35,777.0,795.35,1550,51775,36100,weekly,2022-6-9T21:00:00.000,options,put
143,1654691040000,834.95,841.35,828.3,833.4,275,51175,36100,weekly,2022-6-9T21:00:00.000,options,put
144,1654691100000,830.0,830.65,825.2,825.2,200,51175,36100,weekly,2022-6-9T21:00:00.000,options,put
145,1654691220000,832.7,836.35,823.75,823.75,375,51100,36100,weekly,2022-6-9T21:00:00.000,options,put
146,1654691280000,828.55,828.55,820.65,820.65,75,51100,36100,weekly,2022-6-9T21:00:00.000,options,put
147,1654691400000,823.9,823.9,823.9,823.9,25,51150,36100,weekly,2022-6-9T21:00:00.000,options,put
148,1654691460000,824.45,824.45,824.45,824.45,25,51150,36100,weekly,2022-6-9T21:00:00.000,options,put
149,1654691640000,822.45,822.45,822.45,822.45,100,51150,36100,weekly,2022-6-9T21:00:00.000,options,put
150,1654691820000,827.0,843.25,827.0,839.05,225,51175,36100,weekly,2022-6-9T21:00:00.000,options,put
151,1654691880000,845.85,860.0,845.85,852.65,275,51175,36100,weekly,2022-6-9T21:00:00.000,options,put
152,1654692000000,846.9,857.65,846.9,857.65,350,51200,36100,weekly,2022-6-9T21:00:00.000,options,put
153,1654692060000,849.55,849.55,849.55,849.55,25,51200,36100,weekly,2022-6-9T21:00:00.000,options,put
154,1654692120000,847.0,847.6,845.45,846.0,550,51125,36100,weekly,2022-6-9T21:00:00.000,options,put
155,1654692180000,846.0,846.35,846.0,846.35,150,51125,36100,weekly,2022-6-9T21:00:00.000,options,put
156,1654692240000,835.0,835.0,835.0,835.0,25,51125,36100,weekly,2022-6-9T21:00:00.000,options,put
157,1654692420000,831.75,834.2,831.75,834.2,75,51275,36100,weekly,2022-6-9T21:00:00.000,options,put
158,1654692480000,831.95,835.0,831.95,835.0,175,51250,36100,weekly,2022-6-9T21:00:00.000,options,put
159,1654692540000,845.55,845.55,845.55,845.55,100,51250,36100,weekly,2022-6-9T21:00:00.000,options,put
160,1654692600000,848.4,850.0,848.4,850.0,75,51250,36100,weekly,2022-6-9T21:00:00.000,options,put
161,1654692660000,875.15,895.6,873.85,889.1,275,51350,36100,weekly,2022-6-9T21:00:00.000,options,put
162,1654692720000,894.0,902.85,890.0,895.0,300,51350,36100,weekly,2022-6-9T21:00:00.000,options,put
163,1654692780000,903.2,903.2,895.25,895.25,50,51350,36100,weekly,2022-6-9T21:00:00.000,options,put
164,1654692840000,899.0,915.0,899.0,900.45,600,51150,36100,weekly,2022-6-9T21:00:00.000,options,put
165,1654692900000,903.55,903.55,891.45,892.0,575,51150,36100,weekly,2022-6-9T21:00:00.000,options,put
166,1654692960000,889.0,889.0,889.0,889.0,100,51150,36100,weekly,2022-6-9T21:00:00.000,options,put
167,1654693020000,895.0,895.0,895.0,895.0,25,51225,36100,weekly,2022-6-9T21:00:00.000,options,put
168,1654693080000,902.0,902.0,902.0,902.0,25,51225,36100,weekly,2022-6-9T21:00:00.000,options,put
169,1654693140000,894.05,894.05,894.05,894.05,25,51225,36100,weekly,2022-6-9T21:00:00.000,options,put
170,1654693200000,921.05,931.45,912.25,912.25,350,51175,36100,weekly,2022-6-9T21:00:00.000,options,put
171,1654693260000,921.5,924.6,921.5,922.65,150,51175,36100,weekly,2022-6-9T21:00:00.000,options,put
172,1654693320000,903.95,910.0,901.85,901.85,50,51225,36100,weekly,2022-6-9T21:00:00.000,options,put
173,1654693380000,901.85,901.85,901.85,901.85,25,51225,36100,weekly,2022-6-9T21:00:00.000,options,put
174,1654693560000,914.0,914.0,914.0,914.0,50,51250,36100,weekly,2022-6-9T21:00:00.000,options,put
175,1654693620000,922.2,922.2,922.2,922.2,25,51250,36100,weekly,2022-6-9T21:00:00.000,options,put
176,1654693680000,925.0,925.0,918.05,918.05,75,51250,36100,weekly,2022-6-9T21:00:00.000,options,put
177,1654693740000,928.75,948.9,928.75,934.8,1050,51250,36100,weekly,2022-6-9T21:00:00.000,options,put
178,1654693800000,924.15,924.15,915.6,919.15,150,51250,36100,weekly,2022-6-9T21:00:00.000,options,put
179,1654693860000,911.2,911.2,908.55,908.55,100,51250,36100,weekly,2022-6-9T21:00:00.000,options,put
180,1654693920000,919.4,930.0,919.4,930.0,25,50900,36100,weekly,2022-6-9T21:00:00.000,options,put
181,1654693980000,930.0,988.05,930.0,988.05,175,50900,36100,weekly,2022-6-9T21:00:00.000,options,put
182,1654694040000,988.05,1008.15,974.95,1008.15,175,50900,36100,weekly,2022-6-9T21:00:00.000,options,put
183,1654694100000,1008.15,1024.75,1001.8,1010.9,1575,50850,36100,weekly,2022-6-9T21:00:00.000,options,put
184,1654694160000,999.5,1026.05,999.5,1026.05,575,50850,36100,weekly,2022-6-9T21:00:00.000,options,put
185,1654694220000,1026.05,1031.65,1026.05,1031.65,125,50850,36100,weekly,2022-6-9T21:00:00.000,options,put
186,1654694280000,1027.95,1027.95,1026.0,1026.0,75,51075,36100,weekly,2022-6-9T21:00:00.000,options,put
187,1654694340000,1026.0,1026.0,1026.0,1026.0,400,51075,36100,weekly,2022-6-9T21:00:00.000,options,put
188,1654694400000,1021.0,1040.0,1021.0,1028.3,225,51075,36100,weekly,2022-6-9T21:00:00.000,options,put
189,1654694460000,1031.0,1031.0,1031.0,1031.0,150,51050,36100,weekly,2022-6-9T21:00:00.000,options,put
190,1654694520000,1032.65,1041.9,1032.65,1041.9,425,51050,36100,weekly,2022-6-9T21:00:00.000,options,put
191,1654694640000,1057.1,1069.65,1057.1,1069.65,50,50750,36100,weekly,2022-6-9T21:00:00.000,options,put
192,1654694700000,1058.45,1058.45,1058.45,1058.45,25,50750,36100,weekly,2022-6-9T21:00:00.000,options,put
193,1654694760000,1060.0,1060.0,1040.0,1040.0,200,50750,36100,weekly,2022-6-9T21:00:00.000,options,put
194,1654694820000,1045.05,1045.05,1045.05,1045.05,25,50750,36100,weekly,2022-6-9T21:00:00.000,options,put
195,1654694880000,1035.0,1055.25,1035.0,1055.25,75,50775,36100,weekly,2022-6-9T21:00:00.000,options,put
196,1654694940000,1067.4,1068.4,1067.4,1068.4,50,50775,36100,weekly,2022-6-9T21:00:00.000,options,put
197,1654695000000,1068.4,1085.4,1068.4,1085.4,150,50725,36100,weekly,2022-6-9T21:00:00.000,options,put
198,1654695060000,1095.4,1100.0,1095.4,1098.95,525,50725,36100,weekly,2022-6-9T21:00:00.000,options,put
199,1654695120000,1098.95,1098.95,1098.95,1098.95,25,50725,36100,weekly,2022-6-9T21:00:00.000,options,put
200,1654695180000,1131.9,1138.75,1131.9,1138.75,125,50450,36100,weekly,2022-6-9T21:00:00.000,options,put
201,1654695240000,1171.85,1183.3,1164.4,1183.3,175,50450,36100,weekly,2022-6-9T21:00:00.000,options,put
202,1654695300000,1183.3,1217.15,1180.5,1195.35,1625,50450,36100,weekly,2022-6-9T21:00:00.000,options,put
203,1654695360000,1216.45,1216.45,1176.3,1183.5,375,50250,36100,weekly,2022-6-9T21:00:00.000,options,put
204,1654695420000,1177.95,1177.95,1167.35,1167.35,75,50250,36100,weekly,2022-6-9T21:00:00.000,options,put
205,1654695480000,1151.0,1151.0,1140.0,1140.0,100,50250,36100,weekly,2022-6-9T21:00:00.000,options,put
206,1654695540000,1145.95,1145.95,1145.95,1145.95,25,50250,36100,weekly,2022-6-9T21:00:00.000,options,put
207,1654695780000,1167.3,1167.3,1167.3,1167.3,100,50350,36100,weekly,2022-6-9T21:00:00.000,options,put
208,1654695900000,1181.35,1200.0,1181.35,1200.0,125,50250,36100,weekly,2022-6-9T21:00:00.000,options,put
209,1654695960000,1167.85,1167.85,1167.85,1167.85,50,50250,36100,weekly,2022-6-9T21:00:00.000,options,put
210,1654696080000,1175.6,1175.6,1175.6,1175.6,25,50300,36100,weekly,2022-6-9T21:00:00.000,options,put
211,1654696140000,1175.0,1175.0,1175.0,1175.0,25,50300,36100,weekly,2022-6-9T21:00:00.000,options,put
212,1654696200000,1135.9,1154.3,1135.9,1154.3,50,50300,36100,weekly,2022-6-9T21:00:00.000,options,put
213,1654696260000,1165.2,1165.2,1165.2,1165.2,25,50300,36100,weekly,2022-6-9T21:00:00.000,options,put
214,1654696320000,1159.95,1162.9,1158.75,1161.85,175,50250,36100,weekly,2022-6-9T21:00:00.000,options,put
215,1654696380000,1144.15,1144.15,1142.8,1142.8,75,50250,36100,weekly,2022-6-9T21:00:00.000,options,put
216,1654696440000,1136.75,1141.55,1136.75,1141.55,50,50250,36100,weekly,2022-6-9T21:00:00.000,options,put
217,1654696500000,1163.15,1163.15,1163.15,1163.15,200,50225,36100,weekly,2022-6-9T21:00:00.000,options,put
218,1654696620000,1172.0,1172.0,1172.0,1172.0,25,50225,36100,weekly,2022-6-9T21:00:00.000,options,put
219,1654696740000,1160.0,1160.0,1156.8,1156.8,75,50025,36100,weekly,2022-6-9T21:00:00.000,options,put
220,1654696800000,1157.6,1170.9,1157.6,1170.9,150,50025,36100,weekly,2022-6-9T21:00:00.000,options,put
221,1654696860000,1180.0,1182.0,1180.0,1182.0,50,49850,36100,weekly,2022-6-9T21:00:00.000,options,put
222,1654696920000,1178.9,1178.9,1178.9,1178.9,25,49850,36100,weekly,2022-6-9T21:00:00.000,options,put
223,1654696980000,1178.0,1178.0,1178.0,1178.0,75,49875,36100,weekly,2022-6-9T21:00:00.000,options,put
224,1654697100000,1176.7,1176.7,1176.7,1176.7,25,49875,36100,weekly,2022-6-9T21:00:00.000,options,put
225,1654697340000,1173.0,1187.35,1173.0,1187.35,100,49875,36100,weekly,2022-6-9T21:00:00.000,options,put
226,1654697400000,1200.3,1222.2,1200.3,1222.2,250,49875,36100,weekly,2022-6-9T21:00:00.000,options,put
227,1654697460000,1218.85,1236.7,1218.85,1236.7,125,49875,36100,weekly,2022-6-9T21:00:00.000,options,put
228,1654697520000,1240.8,1252.45,1240.8,1252.45,75,49875,36100,weekly,2022-6-9T21:00:00.000,options,put
229,1654697580000,1218.3,1218.3,1218.3,1218.3,50,49975,36100,weekly,2022-6-9T21:00:00.000,options,put
230,1654697940000,1165.0,1175.5,1131.05,1173.8,650,50025,36100,weekly,2022-6-9T21:00:00.000,options,put
231,1654698000000,1162.45,1162.45,1157.2,1159.5,175,50025,36100,weekly,2022-6-9T21:00:00.000,options,put
232,1654698060000,1215.0,1215.0,1215.0,1215.0,50,49950,36100,weekly,2022-6-9T21:00:00.000,options,put
233,1654698120000,1205.45,1205.45,1205.45,1205.45,50,49950,36100,weekly,2022-6-9T21:00:00.000,options,put
234,1654698420000,1192.45,1192.45,1192.45,1192.45,50,49900,36100,weekly,2022-6-9T21:00:00.000,options,put
235,1654698480000,1191.05,1191.05,1191.05,1191.05,50,49900,36100,weekly,2022-6-9T21:00:00.000,options,put
236,1654698540000,1190.0,1190.0,1190.0,1190.0,50,49900,36100,weekly,2022-6-9T21:00:00.000,options,put
237,1654698780000,1186.7,1186.7,1186.7,1186.7,25,49950,36100,weekly,2022-6-9T21:00:00.000,options,put
238,1654698840000,1214.25,1230.1,1214.25,1230.1,50,49950,36100,weekly,2022-6-9T21:00:00.000,options,put
239,1654698900000,1235.4,1235.4,1235.15,1235.15,75,49950,36100,weekly,2022-6-9T21:00:00.000,options,put
240,1654698960000,1224.45,1254.0,1224.45,1239.7,275,49900,36100,weekly,2022-6-9T21:00:00.000,options,put
241,1654699020000,1216.15,1216.15,1216.15,1216.15,25,49900,36100,weekly,2022-6-9T21:00:00.000,options,put
242,1654699320000,1235.65,1235.65,1235.2,1235.2,175,49900,36100,weekly,2022-6-9T21:00:00.000,options,put
243,1654699380000,1224.45,1224.45,1224.45,1224.45,50,49800,36100,weekly,2022-6-9T21:00:00.000,options,put
244,1654699440000,1190.15,1190.15,1190.15,1190.15,75,49800,36100,weekly,2022-6-9T21:00:00.000,options,put
245,1654699560000,1218.55,1265.5,1218.55,1252.4,400,49850,36100,weekly,2022-6-9T21:00:00.000,options,put
246,1654699620000,1249.0,1258.0,1249.0,1258.0,75,49850,36100,weekly,2022-6-9T21:00:00.000,options,put
247,1654699980000,1194.25,1194.25,1194.25,1194.25,25,49900,36100,weekly,2022-6-9T21:00:00.000,options,put
248,1654700040000,1189.8,1189.8,1189.8,1189.8,25,49900,36100,weekly,2022-6-9T21:00:00.000,options,put
249,1654700100000,1170.0,1170.0,1148.0,1148.0,50,49875,36100,weekly,2022-6-9T21:00:00.000,options,put
250,1654700340000,1182.4,1225.1,1182.4,1182.4,250,49875,36100,weekly,2022-6-9T21:00:00.000,options,put
251,1654700400000,1182.4,1193.25,1116.8,1132.7,200,49875,36100,weekly,2022-6-9T21:00:00.000,options,put
252,1654700520000,1132.65,1134.85,1122.85,1134.85,1225,49875,36100,weekly,2022-6-9T21:00:00.000,options,put
253,1654700580000,1149.0,1149.0,1149.0,1149.0,25,49875,36100,weekly,2022-6-9T21:00:00.000,options,put
254,1654700760000,1142.3,1148.95,1142.3,1148.95,50,48950,36100,weekly,2022-6-9T21:00:00.000,options,put
255,1654701060000,1166.0,1166.0,1166.0,1166.0,25,48950,36100,weekly,2022-6-9T21:00:00.000,options,put
256,1654701240000,1156.55,1156.55,1156.55,1156.55,25,48950,36100,weekly,2022-6-9T21:00:00.000,options,put
257,1654701300000,1152.65,1155.4,1152.65,1155.4,350,48950,36100,weekly,2022-6-9T21:00:00.000,options,put
258,1654701360000,1130.0,1130.0,1130.0,1130.0,25,48650,36100,weekly,2022-6-9T21:00:00.000,options,put
259,1654701480000,1129.95,1129.95,1129.95,1129.95,25,48650,36100,weekly,2022-6-9T21:00:00.000,options,put
260,1654701780000,1143.75,1143.75,1143.75,1143.75,50,48650,36100,weekly,2022-6-9T21:00:00.000,options,put
261,1654701900000,1153.9,1165.25,1153.9,1165.25,150,48600,36100,weekly,2022-6-9T21:00:00.000,options,put
262,1654702020000,1181.1,1181.1,1178.95,1178.95,75,48600,36100,weekly,2022-6-9T21:00:00.000,options,put
263,1654702080000,1188.2,1200.0,1188.2,1200.0,75,48475,36100,weekly,2022-6-9T21:00:00.000,options,put
264,1654702140000,1190.45,1194.4,1190.45,1194.4,175,48475,36100,weekly,2022-6-9T21:00:00.000,options,put
