,timestamp,open,high,low,close,volume,open_interest,strike,expiry_type,expiry,instrument,contract_type
0,1569383040000,375.3,385.85,346.0,367.05,8180,,29800,weekly,2019-9-26T21:00:00.000,options,call
1,1569383100000,368.65,368.65,326.4,339.9,19020,,29800,weekly,2019-9-26T21:00:00.000,options,call
2,1569383160000,343.35,343.35,311.2,322.1,18560,,29800,weekly,2019-9-26T21:00:00.000,options,call
3,1569383220000,319.0,345.0,308.15,339.5,21680,,29800,weekly,2019-9-26T21:00:00.000,options,call
4,1569383280000,338.95,338.95,313.95,326.25,13500,,29800,weekly,2019-9-26T21:00:00.000,options,call
5,1569383340000,322.3,322.3,291.5,317.95,13820,,29800,weekly,2019-9-26T21:00:00.000,options,call
6,1569383400000,315.75,324.8,295.5,297.65,12820,,29800,weekly,2019-9-26T21:00:00.000,options,call
7,1569383460000,295.05,299.15,281.95,284.6,14780,,29800,weekly,2019-9-26T21:00:00.000,options,call
8,1569383520000,284.6,303.9,279.2,287.75,21520,,29800,weekly,2019-9-26T21:00:00.000,options,call
9,1569383580000,285.55,297.0,277.25,281.35,19520,,29800,weekly,2019-9-26T21:00:00.000,options,call
10,1569383640000,282.65,290.75,275.0,279.35,11340,,29800,weekly,2019-9-26T21:00:00.000,options,call
11,1569383700000,279.1,298.45,279.1,297.15,11360,,29800,weekly,2019-9-26T21:00:00.000,options,call
12,1569383760000,299.6,299.6,283.65,297.25,13420,,29800,weekly,2019-9-26T21:00:00.000,options,call
13,1569383820000,295.7,310.95,295.7,302.15,31200,,29800,weekly,2019-9-26T21:00:00.000,options,call
14,1569383880000,301.3,304.95,287.3,288.2,16440,,29800,weekly,2019-9-26T21:00:00.000,options,call
15,1569383940000,288.35,288.35,256.35,261.95,45840,,29800,weekly,2019-9-26T21:00:00.000,options,call
16,1569384000000,261.95,263.9,245.3,254.45,28540,,29800,weekly,2019-9-26T21:00:00.000,options,call
17,1569384060000,251.65,251.65,235.85,248.85,22320,,29800,weekly,2019-9-26T21:00:00.000,options,call
18,1569384120000,248.15,255.25,240.45,244.4,16580,,29800,weekly,2019-9-26T21:00:00.000,options,call
19,1569384180000,244.75,255.85,242.9,253.1,12560,,29800,weekly,2019-9-26T21:00:00.000,options,call
20,1569384240000,252.75,269.55,248.2,266.75,27880,,29800,weekly,2019-9-26T21:00:00.000,options,call
21,1569384300000,267.05,272.45,247.05,249.4,21120,,29800,weekly,2019-9-26T21:00:00.000,options,call
22,1569384360000,250.25,257.9,247.75,249.95,19660,,29800,weekly,2019-9-26T21:00:00.000,options,call
23,1569384420000,252.1,253.65,235.1,236.95,27000,,29800,weekly,2019-9-26T21:00:00.000,options,call
24,1569384480000,235.55,242.85,222.25,226.6,32480,,29800,weekly,2019-9-26T21:00:00.000,options,call
25,1569384540000,227.95,228.8,218.0,228.8,28340,,29800,weekly,2019-9-26T21:00:00.000,options,call
26,1569384600000,228.35,235.8,225.45,227.7,25820,,29800,weekly,2019-9-26T21:00:00.000,options,call
27,1569384660000,225.9,232.45,215.1,228.05,22420,,29800,weekly,2019-9-26T21:00:00.000,options,call
28,1569384720000,228.05,238.95,225.35,227.65,21240,,29800,weekly,2019-9-26T21:00:00.000,options,call
29,1569384780000,228.95,239.0,226.65,232.35,23340,,29800,weekly,2019-9-26T21:00:00.000,options,call
30,1569384840000,232.35,248.9,231.25,246.65,21780,,29800,weekly,2019-9-26T21:00:00.000,options,call
31,1569384900000,248.1,259.2,246.05,248.75,25440,,29800,weekly,2019-9-26T21:00:00.000,options,call
32,1569384960000,247.35,253.25,238.25,246.2,13700,,29800,weekly,2019-9-26T21:00:00.000,options,call
33,1569385020000,246.2,256.8,246.2,250.15,14020,,29800,weekly,2019-9-26T21:00:00.000,options,call
34,1569385080000,250.0,254.0,235.0,235.25,18420,,29800,weekly,2019-9-26T21:00:00.000,options,call
35,1569385140000,236.35,245.5,235.7,242.6,11840,,29800,weekly,2019-9-26T21:00:00.000,options,call
36,1569385200000,240.95,249.85,238.7,247.8,11480,,29800,weekly,2019-9-26T21:00:00.000,options,call
37,1569385260000,247.95,259.5,247.0,258.3,14100,,29800,weekly,2019-9-26T21:00:00.000,options,call
38,1569385320000,258.05,278.6,257.05,264.25,38840,,29800,weekly,2019-9-26T21:00:00.000,options,call
39,1569385380000,265.1,270.0,259.7,270.0,14300,,29800,weekly,2019-9-26T21:00:00.000,options,call
40,1569385440000,269.05,269.05,254.9,264.0,16940,,29800,weekly,2019-9-26T21:00:00.000,options,call
41,1569385500000,264.0,268.75,251.3,261.85,14040,,29800,weekly,2019-9-26T21:00:00.000,options,call
42,1569385560000,261.7,276.45,260.25,274.35,20220,,29800,weekly,2019-9-26T21:00:00.000,options,call
43,1569385620000,271.95,277.4,268.5,272.05,22600,,29800,weekly,2019-9-26T21:00:00.000,options,call
44,1569385680000,272.4,280.45,266.65,278.9,17760,,29800,weekly,2019-9-26T21:00:00.000,options,call
45,1569385740000,276.75,276.9,264.4,268.35,12040,,29800,weekly,2019-9-26T21:00:00.000,options,call
46,1569385800000,267.55,267.6,251.3,252.75,16760,,29800,weekly,2019-9-26T21:00:00.000,options,call
47,1569385860000,252.75,256.85,248.3,250.25,15160,,29800,weekly,2019-9-26T21:00:00.000,options,call
48,1569385920000,251.6,256.9,248.45,256.9,8140,,29800,weekly,2019-9-26T21:00:00.000,options,call
49,1569385980000,255.95,257.3,230.2,236.0,17920,,29800,weekly,2019-9-26T21:00:00.000,options,call
50,1569386040000,235.6,239.2,228.75,234.2,15680,,29800,weekly,2019-9-26T21:00:00.000,options,call
51,1569386100000,233.15,235.55,226.1,234.65,14660,,29800,weekly,2019-9-26T21:00:00.000,options,call
52,1569386160000,234.65,235.4,223.0,224.8,10860,,29800,weekly,2019-9-26T21:00:00.000,options,call
53,1569386220000,225.05,232.15,223.0,229.9,11780,,29800,weekly,2019-9-26T21:00:00.000,options,call
54,1569386280000,229.8,230.9,210.0,222.1,21800,,29800,weekly,2019-9-26T21:00:00.000,options,call
55,1569386340000,222.7,227.25,217.45,224.65,14880,,29800,weekly,2019-9-26T21:00:00.000,options,call
56,1569386400000,223.5,229.95,222.55,225.5,17480,,29800,weekly,2019-9-26T21:00:00.000,options,call
57,1569386460000,225.3,234.1,223.75,231.15,29640,,29800,weekly,2019-9-26T21:00:00.000,options,call
58,1569386520000,231.95,239.15,230.0,236.85,31260,,29800,weekly,2019-9-26T21:00:00.000,options,call
59,1569386580000,236.6,236.6,229.05,233.45,10900,,29800,weekly,2019-9-26T21:00:00.000,options,call
60,1569386640000,231.85,233.5,206.85,206.85,38360,,29800,weekly,2019-9-26T21:00:00.000,options,call
61,1569386700000,209.25,220.0,208.95,209.15,27520,,29800,weekly,2019-9-26T21:00:00.000,options,call
62,1569386760000,208.3,208.3,185.0,186.25,62900,,29800,weekly,2019-9-26T21:00:00.000,options,call
63,1569386820000,186.2,187.85,176.8,179.75,45880,,29800,weekly,2019-9-26T21:00:00.000,options,call
64,1569386880000,179.85,186.75,179.85,182.05,26260,,29800,weekly,2019-9-26T21:00:00.000,options,call
65,1569386940000,182.3,187.5,175.7,186.25,31920,,29800,weekly,2019-9-26T21:00:00.000,options,call
66,1569387000000,187.35,192.7,184.1,192.7,16980,,29800,weekly,2019-9-26T21:00:00.000,options,call
67,1569387060000,193.95,197.4,190.5,192.1,11060,,29800,weekly,2019-9-26T21:00:00.000,options,call
68,1569387120000,191.6,192.05,176.9,177.75,16660,,29800,weekly,2019-9-26T21:00:00.000,options,call
69,1569387180000,177.65,178.95,166.0,172.9,34660,,29800,weekly,2019-9-26T21:00:00.000,options,call
70,1569387240000,172.65,173.4,166.6,173.0,12900,,29800,weekly,2019-9-26T21:00:00.000,options,call
71,1569387300000,172.55,174.0,166.05,168.8,15060,,29800,weekly,2019-9-26T21:00:00.000,options,call
72,1569387360000,170.95,178.65,170.7,177.8,16760,,29800,weekly,2019-9-26T21:00:00.000,options,call
73,1569387420000,178.15,178.9,167.35,171.7,20600,,29800,weekly,2019-9-26T21:00:00.000,options,call
74,1569387480000,171.8,180.3,171.45,176.3,13160,,29800,weekly,2019-9-26T21:00:00.000,options,call
75,1569387540000,178.1,186.65,171.0,185.4,17760,,29800,weekly,2019-9-26T21:00:00.000,options,call
76,1569387600000,186.05,186.05,179.85,183.0,12300,,29800,weekly,2019-9-26T21:00:00.000,options,call
77,1569387660000,182.6,182.7,171.2,173.6,10420,,29800,weekly,2019-9-26T21:00:00.000,options,call
78,1569387720000,175.85,176.4,169.0,172.0,16420,,29800,weekly,2019-9-26T21:00:00.000,options,call
79,1569387780000,172.7,173.55,153.05,159.35,33020,,29800,weekly,2019-9-26T21:00:00.000,options,call
80,1569387840000,158.35,170.15,157.6,169.15,30720,,29800,weekly,2019-9-26T21:00:00.000,options,call
81,1569387900000,170.0,173.5,167.7,171.5,11060,,29800,weekly,2019-9-26T21:00:00.000,options,call
82,1569387960000,170.4,176.2,168.6,176.2,11260,,29800,weekly,2019-9-26T21:00:00.000,options,call
83,1569388020000,176.25,180.6,175.0,177.45,12840,,29800,weekly,2019-9-26T21:00:00.000,options,call
84,1569388080000,177.1,179.75,172.45,172.45,11880,,29800,weekly,2019-9-26T21:00:00.000,options,call
85,1569388140000,172.3,177.6,170.35,176.5,19100,,29800,weekly,2019-9-26T21:00:00.000,options,call
86,1569388200000,178.9,185.3,178.55,180.4,19500,,29800,weekly,2019-9-26T21:00:00.000,options,call
87,1569388260000,179.35,183.0,173.85,173.85,9700,,29800,weekly,2019-9-26T21:00:00.000,options,call
88,1569388320000,173.8,177.35,173.65,176.15,4340,,29800,weekly,2019-9-26T21:00:00.000,options,call
89,1569388380000,177.0,179.45,174.0,175.55,5160,,29800,weekly,2019-9-26T21:00:00.000,options,call
90,1569388440000,175.55,178.7,175.0,178.0,4560,,29800,weekly,2019-9-26T21:00:00.000,options,call
91,1569388500000,177.8,193.85,176.6,193.85,24400,,29800,weekly,2019-9-26T21:00:00.000,options,call
92,1569388560000,192.7,202.3,191.9,192.0,46000,,29800,weekly,2019-9-26T21:00:00.000,options,call
93,1569388620000,191.8,194.9,187.9,192.5,14180,,29800,weekly,2019-9-26T21:00:00.000,options,call
94,1569388680000,193.0,196.95,189.9,191.4,12420,,29800,weekly,2019-9-26T21:00:00.000,options,call
95,1569388740000,191.0,193.05,182.8,183.15,15360,,29800,weekly,2019-9-26T21:00:00.000,options,call
96,1569388800000,183.75,192.8,183.4,184.2,10480,,29800,weekly,2019-9-26T21:00:00.000,options,call
97,1569388860000,184.2,186.1,180.1,182.0,10120,,29800,weekly,2019-9-26T21:00:00.000,options,call
98,1569388920000,181.9,189.2,181.9,189.2,9480,,29800,weekly,2019-9-26T21:00:00.000,options,call
99,1569388980000,187.6,193.45,186.35,190.95,8860,,29800,weekly,2019-9-26T21:00:00.000,options,call
100,1569389040000,193.0,204.0,193.0,203.55,35640,,29800,weekly,2019-9-26T21:00:00.000,options,call
101,1569389100000,202.9,204.4,193.6,194.95,14480,,29800,weekly,2019-9-26T21:00:00.000,options,call
102,1569389160000,194.55,194.55,183.15,188.8,13840,,29800,weekly,2019-9-26T21:00:00.000,options,call
103,1569389220000,188.0,188.0,178.0,178.1,22660,,29800,weekly,2019-9-26T21:00:00.000,options,call
104,1569389280000,179.05,183.95,178.0,180.0,8060,,29800,weekly,2019-9-26T21:00:00.000,options,call
105,1569389340000,180.6,182.0,163.25,167.55,23700,,29800,weekly,2019-9-26T21:00:00.000,options,call
106,1569389400000,165.75,177.2,165.75,174.6,17180,,29800,weekly,2019-9-26T21:00:00.000,options,call
107,1569389460000,172.7,180.0,172.7,179.4,11360,,29800,weekly,2019-9-26T21:00:00.000,options,call
108,1569389520000,178.9,178.9,170.3,173.4,9240,,29800,weekly,2019-9-26T21:00:00.000,options,call
109,1569389580000,172.3,173.0,169.7,172.0,5340,,29800,weekly,2019-9-26T21:00:00.000,options,call
110,1569389640000,170.75,173.9,160.6,162.3,19800,,29800,weekly,2019-9-26T21:00:00.000,options,call
111,1569389700000,162.65,166.8,161.8,165.1,7820,,29800,weekly,2019-9-26T21:00:00.000,options,call
112,1569389760000,165.0,170.0,163.7,166.0,10880,,29800,weekly,2019-9-26T21:00:00.000,options,call
113,1569389820000,166.0,169.2,159.35,166.5,11460,,29800,weekly,2019-9-26T21:00:00.000,options,call
114,1569389880000,166.8,172.2,165.0,166.45,9800,,29800,weekly,2019-9-26T21:00:00.000,options,call
115,1569389940000,165.5,170.65,163.8,168.8,6600,,29800,weekly,2019-9-26T21:00:00.000,options,call
116,1569390000000,167.4,172.95,165.45,165.45,10020,,29800,weekly,2019-9-26T21:00:00.000,options,call
117,1569390060000,166.4,171.3,164.95,167.95,8720,,29800,weekly,2019-9-26T21:00:00.000,options,call
118,1569390120000,167.8,173.15,167.8,169.55,11480,,29800,weekly,2019-9-26T21:00:00.000,options,call
119,1569390180000,169.5,172.25,166.05,167.0,8360,,29800,weekly,2019-9-26T21:00:00.000,options,call
120,1569390240000,166.75,167.5,160.85,166.4,7560,,29800,weekly,2019-9-26T21:00:00.000,options,call
121,1569390300000,166.35,168.85,161.1,164.7,2980,,29800,weekly,2019-9-26T21:00:00.000,options,call
122,1569390360000,163.15,171.65,159.1,170.25,17420,,29800,weekly,2019-9-26T21:00:00.000,options,call
123,1569390420000,170.3,174.8,169.35,169.75,11220,,29800,weekly,2019-9-26T21:00:00.000,options,call
124,1569390480000,170.2,171.1,161.8,161.8,4220,,29800,weekly,2019-9-26T21:00:00.000,options,call
125,1569390540000,161.15,166.35,160.0,165.65,9860,,29800,weekly,2019-9-26T21:00:00.000,options,call
126,1569390600000,166.0,169.25,165.05,167.0,6300,,29800,weekly,2019-9-26T21:00:00.000,options,call
127,1569390660000,165.85,167.25,162.0,162.25,6260,,29800,weekly,2019-9-26T21:00:00.000,options,call
128,1569390720000,161.75,165.9,152.65,160.7,22000,,29800,weekly,2019-9-26T21:00:00.000,options,call
129,1569390780000,161.6,164.55,157.1,163.85,13000,,29800,weekly,2019-9-26T21:00:00.000,options,call
130,1569390840000,163.55,166.0,156.7,157.9,16060,,29800,weekly,2019-9-26T21:00:00.000,options,call
131,1569390900000,157.8,166.0,157.8,164.55,6260,,29800,weekly,2019-9-26T21:00:00.000,options,call
132,1569390960000,164.0,170.45,163.05,168.25,12420,,29800,weekly,2019-9-26T21:00:00.000,options,call
133,1569391020000,168.4,169.3,165.55,166.0,4900,,29800,weekly,2019-9-26T21:00:00.000,options,call
134,1569391080000,166.8,168.75,165.0,165.5,2540,,29800,weekly,2019-9-26T21:00:00.000,options,call
135,1569391140000,166.1,166.85,162.55,166.25,5000,,29800,weekly,2019-9-26T21:00:00.000,options,call
136,1569391200000,164.45,166.4,160.0,162.2,11880,,29800,weekly,2019-9-26T21:00:00.000,options,call
137,1569391260000,164.0,165.85,161.15,163.15,10980,,29800,weekly,2019-9-26T21:00:00.000,options,call
138,1569391320000,164.0,168.35,163.45,166.3,7120,,29800,weekly,2019-9-26T21:00:00.000,options,call
139,1569391380000,165.4,168.85,164.8,164.8,3360,,29800,weekly,2019-9-26T21:00:00.000,options,call
140,1569391440000,164.85,165.35,156.25,164.75,9180,,29800,weekly,2019-9-26T21:00:00.000,options,call
141,1569391500000,164.5,172.25,164.15,172.25,10020,,29800,weekly,2019-9-26T21:00:00.000,options,call
142,1569391560000,177.75,188.45,173.85,177.0,33520,,29800,weekly,2019-9-26T21:00:00.000,options,call
143,1569391620000,177.15,179.7,174.45,177.0,5280,,29800,weekly,2019-9-26T21:00:00.000,options,call
144,1569391680000,178.0,181.0,176.45,178.25,23820,,29800,weekly,2019-9-26T21:00:00.000,options,call
145,1569391740000,177.55,177.95,170.05,171.0,6800,,29800,weekly,2019-9-26T21:00:00.000,options,call
146,1569391800000,171.1,171.5,166.25,167.45,6100,,29800,weekly,2019-9-26T21:00:00.000,options,call
147,1569391860000,168.05,170.0,166.1,167.2,4400,,29800,weekly,2019-9-26T21:00:00.000,options,call
148,1569391920000,167.2,167.2,159.0,159.3,18220,,29800,weekly,2019-9-26T21:00:00.000,options,call
149,1569391980000,158.15,164.65,157.0,163.8,13620,,29800,weekly,2019-9-26T21:00:00.000,options,call
150,1569392040000,162.95,166.1,161.55,165.85,28900,,29800,weekly,2019-9-26T21:00:00.000,options,call
151,1569392100000,165.75,166.55,162.25,165.3,25660,,29800,weekly,2019-9-26T21:00:00.000,options,call
152,1569392160000,165.75,171.75,165.05,171.75,22440,,29800,weekly,2019-9-26T21:00:00.000,options,call
153,1569392220000,171.05,176.0,170.25,172.3,16020,,29800,weekly,2019-9-26T21:00:00.000,options,call
154,1569392280000,173.0,177.0,169.25,169.25,12300,,29800,weekly,2019-9-26T21:00:00.000,options,call
155,1569392340000,169.0,169.2,163.6,165.6,5480,,29800,weekly,2019-9-26T21:00:00.000,options,call
156,1569392400000,164.25,166.35,161.35,165.7,11440,,29800,weekly,2019-9-26T21:00:00.000,options,call
157,1569392460000,165.7,170.05,164.0,164.0,9460,,29800,weekly,2019-9-26T21:00:00.000,options,call
158,1569392520000,163.65,172.4,162.6,171.0,8680,,29800,weekly,2019-9-26T21:00:00.000,options,call
159,1569392580000,170.65,195.3,169.95,192.7,43400,,29800,weekly,2019-9-26T21:00:00.000,options,call
160,1569392640000,194.3,203.95,193.15,193.15,55400,,29800,weekly,2019-9-26T21:00:00.000,options,call
161,1569392700000,193.25,196.3,182.9,185.55,31520,,29800,weekly,2019-9-26T21:00:00.000,options,call
162,1569392760000,185.7,195.0,185.7,191.0,22200,,29800,weekly,2019-9-26T21:00:00.000,options,call
163,1569392820000,188.15,194.05,185.4,185.4,17420,,29800,weekly,2019-9-26T21:00:00.000,options,call
164,1569392880000,187.0,192.0,186.5,190.5,8000,,29800,weekly,2019-9-26T21:00:00.000,options,call
165,1569392940000,192.5,202.1,188.3,188.85,27540,,29800,weekly,2019-9-26T21:00:00.000,options,call
166,1569393000000,188.25,189.2,181.6,184.3,12260,,29800,weekly,2019-9-26T21:00:00.000,options,call
167,1569393060000,184.4,188.0,179.0,182.5,15240,,29800,weekly,2019-9-26T21:00:00.000,options,call
168,1569393120000,183.9,187.35,181.4,185.95,5220,,29800,weekly,2019-9-26T21:00:00.000,options,call
169,1569393180000,184.8,185.5,178.2,185.5,12480,,29800,weekly,2019-9-26T21:00:00.000,options,call
170,1569393240000,185.4,186.95,180.0,186.95,6820,,29800,weekly,2019-9-26T21:00:00.000,options,call
171,1569393300000,186.15,189.0,180.3,189.0,10380,,29800,weekly,2019-9-26T21:00:00.000,options,call
172,1569393360000,185.65,185.65,173.45,173.45,11040,,29800,weekly,2019-9-26T21:00:00.000,options,call
173,1569393420000,173.0,178.45,173.0,178.0,11440,,29800,weekly,2019-9-26T21:00:00.000,options,call
174,1569393480000,178.45,179.15,174.95,175.15,6120,,29800,weekly,2019-9-26T21:00:00.000,options,call
175,1569393540000,174.5,178.0,171.0,172.05,9300,,29800,weekly,2019-9-26T21:00:00.000,options,call
176,1569393600000,173.5,177.4,172.25,177.4,4740,,29800,weekly,2019-9-26T21:00:00.000,options,call
177,1569393660000,177.4,180.5,176.15,177.7,8180,,29800,weekly,2019-9-26T21:00:00.000,options,call
178,1569393720000,177.7,183.55,173.75,182.1,7040,,29800,weekly,2019-9-26T21:00:00.000,options,call
179,1569393780000,183.2,185.0,182.2,182.2,8140,,29800,weekly,2019-9-26T21:00:00.000,options,call
180,1569393840000,181.25,190.0,180.3,187.15,12420,,29800,weekly,2019-9-26T21:00:00.000,options,call
181,1569393900000,188.0,194.0,184.0,185.85,12400,,29800,weekly,2019-9-26T21:00:00.000,options,call
182,1569393960000,186.55,186.55,180.95,182.75,9760,,29800,weekly,2019-9-26T21:00:00.000,options,call
183,1569394020000,183.4,218.65,182.45,218.65,62020,,29800,weekly,2019-9-26T21:00:00.000,options,call
184,1569394080000,230.55,244.4,219.9,230.15,84220,,29800,weekly,2019-9-26T21:00:00.000,options,call
185,1569394140000,229.4,234.4,217.3,220.05,31220,,29800,weekly,2019-9-26T21:00:00.000,options,call
186,1569394200000,219.0,224.55,215.0,220.4,24200,,29800,weekly,2019-9-26T21:00:00.000,options,call
187,1569394260000,221.55,221.55,203.3,207.05,30140,,29800,weekly,2019-9-26T21:00:00.000,options,call
188,1569394320000,206.55,208.25,198.85,200.0,20540,,29800,weekly,2019-9-26T21:00:00.000,options,call
189,1569394380000,201.0,207.95,199.9,207.05,16440,,29800,weekly,2019-9-26T21:00:00.000,options,call
190,1569394440000,208.9,208.9,197.75,199.5,12160,,29800,weekly,2019-9-26T21:00:00.000,options,call
191,1569394500000,200.0,201.55,192.0,197.45,12200,,29800,weekly,2019-9-26T21:00:00.000,options,call
192,1569394560000,197.45,199.65,194.0,198.75,11220,,29800,weekly,2019-9-26T21:00:00.000,options,call
193,1569394620000,198.75,209.25,198.75,205.65,16540,,29800,weekly,2019-9-26T21:00:00.000,options,call
194,1569394680000,205.65,210.55,203.0,207.5,19740,,29800,weekly,2019-9-26T21:00:00.000,options,call
195,1569394740000,207.0,211.65,202.15,211.5,23280,,29800,weekly,2019-9-26T21:00:00.000,options,call
196,1569394800000,211.3,226.5,210.1,220.0,27780,,29800,weekly,2019-9-26T21:00:00.000,options,call
197,1569394860000,220.15,228.15,219.05,226.7,23600,,29800,weekly,2019-9-26T21:00:00.000,options,call
198,1569394920000,226.7,240.2,224.65,233.25,43560,,29800,weekly,2019-9-26T21:00:00.000,options,call
199,1569394980000,232.85,235.55,224.2,225.95,26920,,29800,weekly,2019-9-26T21:00:00.000,options,call
200,1569395040000,226.9,229.0,217.55,228.35,13840,,29800,weekly,2019-9-26T21:00:00.000,options,call
201,1569395100000,228.0,265.95,225.5,265.35,73000,,29800,weekly,2019-9-26T21:00:00.000,options,call
202,1569395160000,266.4,268.15,252.75,259.75,54560,,29800,weekly,2019-9-26T21:00:00.000,options,call
203,1569395220000,258.55,289.35,253.4,281.95,51760,,29800,weekly,2019-9-26T21:00:00.000,options,call
204,1569395280000,285.7,287.65,270.6,280.0,36060,,29800,weekly,2019-9-26T21:00:00.000,options,call
205,1569395340000,278.8,282.55,263.3,267.0,24160,,29800,weekly,2019-9-26T21:00:00.000,options,call
206,1569395400000,267.65,268.0,257.0,260.45,16020,,29800,weekly,2019-9-26T21:00:00.000,options,call
207,1569395460000,259.95,275.95,256.15,272.95,19640,,29800,weekly,2019-9-26T21:00:00.000,options,call
208,1569395520000,271.35,271.35,242.2,248.0,20980,,29800,weekly,2019-9-26T21:00:00.000,options,call
209,1569395580000,248.05,249.75,239.4,248.2,13180,,29800,weekly,2019-9-26T21:00:00.000,options,call
210,1569395640000,246.55,253.55,244.75,250.7,19040,,29800,weekly,2019-9-26T21:00:00.000,options,call
211,1569395700000,250.5,263.6,246.95,262.7,14440,,29800,weekly,2019-9-26T21:00:00.000,options,call
212,1569395760000,261.15,262.1,253.7,257.05,14260,,29800,weekly,2019-9-26T21:00:00.000,options,call
213,1569395820000,257.8,257.8,245.0,246.75,9040,,29800,weekly,2019-9-26T21:00:00.000,options,call
214,1569395880000,247.45,247.45,218.85,218.85,23740,,29800,weekly,2019-9-26T21:00:00.000,options,call
215,1569395940000,217.85,225.95,200.2,200.2,36140,,29800,weekly,2019-9-26T21:00:00.000,options,call
216,1569396000000,203.05,215.25,202.95,210.65,19380,,29800,weekly,2019-9-26T21:00:00.000,options,call
217,1569396060000,210.65,211.2,196.7,202.05,18020,,29800,weekly,2019-9-26T21:00:00.000,options,call
218,1569396120000,204.1,215.4,203.1,211.0,12160,,29800,weekly,2019-9-26T21:00:00.000,options,call
219,1569396180000,211.0,215.55,207.8,209.6,12780,,29800,weekly,2019-9-26T21:00:00.000,options,call
220,1569396240000,208.45,215.4,205.25,211.6,8320,,29800,weekly,2019-9-26T21:00:00.000,options,call
221,1569396300000,210.9,214.5,201.15,202.85,15400,,29800,weekly,2019-9-26T21:00:00.000,options,call
222,1569396360000,204.8,225.45,204.65,223.45,25060,,29800,weekly,2019-9-26T21:00:00.000,options,call
223,1569396420000,224.75,232.2,216.4,229.4,17200,,29800,weekly,2019-9-26T21:00:00.000,options,call
224,1569396480000,229.85,235.0,220.5,220.5,16760,,29800,weekly,2019-9-26T21:00:00.000,options,call
225,1569396540000,220.65,221.05,213.55,213.55,11660,,29800,weekly,2019-9-26T21:00:00.000,options,call
226,1569396600000,217.0,229.0,213.35,225.7,12220,,29800,weekly,2019-9-26T21:00:00.000,options,call
227,1569396660000,221.8,223.1,211.75,212.15,8860,,29800,weekly,2019-9-26T21:00:00.000,options,call
228,1569396720000,211.85,214.0,204.85,204.9,10680,,29800,weekly,2019-9-26T21:00:00.000,options,call
229,1569396780000,201.7,214.55,201.7,210.25,6660,,29800,weekly,2019-9-26T21:00:00.000,options,call
230,1569396840000,211.75,215.9,198.65,198.65,14600,,29800,weekly,2019-9-26T21:00:00.000,options,call
231,1569396900000,199.55,202.55,183.3,193.55,39240,,29800,weekly,2019-9-26T21:00:00.000,options,call
232,1569396960000,192.7,197.95,191.6,197.0,10420,,29800,weekly,2019-9-26T21:00:00.000,options,call
233,1569397020000,197.0,207.0,197.0,204.7,11460,,29800,weekly,2019-9-26T21:00:00.000,options,call
234,1569397080000,203.0,208.35,201.15,201.7,6700,,29800,weekly,2019-9-26T21:00:00.000,options,call
235,1569397140000,202.0,205.1,193.7,202.5,13780,,29800,weekly,2019-9-26T21:00:00.000,options,call
236,1569397200000,202.05,203.1,191.85,202.15,5520,,29800,weekly,2019-9-26T21:00:00.000,options,call
237,1569397260000,202.35,204.25,198.0,198.85,6860,,29800,weekly,2019-9-26T21:00:00.000,options,call
238,1569397320000,197.4,209.0,195.25,202.35,9700,,29800,weekly,2019-9-26T21:00:00.000,options,call
239,1569397380000,202.4,211.7,199.8,210.05,7320,,29800,weekly,2019-9-26T21:00:00.000,options,call
240,1569397440000,210.35,211.05,204.6,210.75,6660,,29800,weekly,2019-9-26T21:00:00.000,options,call
241,1569397500000,214.55,215.85,200.65,202.9,11380,,29800,weekly,2019-9-26T21:00:00.000,options,call
242,1569397560000,203.85,211.5,200.95,202.7,9160,,29800,weekly,2019-9-26T21:00:00.000,options,call
243,1569397620000,201.05,204.65,195.0,195.5,7700,,29800,weekly,2019-9-26T21:00:00.000,options,call
244,1569397680000,194.6,194.6,161.8,168.4,60340,,29800,weekly,2019-9-26T21:00:00.000,options,call
245,1569397740000,168.55,168.6,159.05,166.0,57540,,29800,weekly,2019-9-26T21:00:00.000,options,call
246,1569397800000,164.9,164.9,147.5,156.4,45080,,29800,weekly,2019-9-26T21:00:00.000,options,call
247,1569397860000,154.45,156.35,141.5,144.15,44100,,29800,weekly,2019-9-26T21:00:00.000,options,call
248,1569397920000,144.55,154.7,144.1,153.05,27840,,29800,weekly,2019-9-26T21:00:00.000,options,call
249,1569397980000,153.15,154.0,147.8,152.2,17120,,29800,weekly,2019-9-26T21:00:00.000,options,call
250,1569398040000,151.15,156.6,139.6,140.7,42580,,29800,weekly,2019-9-26T21:00:00.000,options,call
251,1569398100000,139.9,141.8,120.0,135.95,83300,,29800,weekly,2019-9-26T21:00:00.000,options,call
252,1569398160000,136.1,138.25,131.05,138.25,37480,,29800,weekly,2019-9-26T21:00:00.000,options,call
253,1569398220000,137.15,139.9,131.0,138.25,27520,,29800,weekly,2019-9-26T21:00:00.000,options,call
254,1569398280000,137.0,137.0,125.0,127.1,34080,,29800,weekly,2019-9-26T21:00:00.000,options,call
255,1569398340000,127.05,127.8,116.0,121.7,48220,,29800,weekly,2019-9-26T21:00:00.000,options,call
256,1569398400000,121.8,123.7,117.05,119.95,51000,,29800,weekly,2019-9-26T21:00:00.000,options,call
257,1569398460000,117.0,124.1,112.6,123.95,49560,,29800,weekly,2019-9-26T21:00:00.000,options,call
258,1569398520000,123.85,126.4,119.35,119.35,45700,,29800,weekly,2019-9-26T21:00:00.000,options,call
259,1569398580000,120.85,132.4,117.6,128.9,53060,,29800,weekly,2019-9-26T21:00:00.000,options,call
260,1569398640000,129.0,129.7,122.05,127.15,21000,,29800,weekly,2019-9-26T21:00:00.000,options,call
261,1569398700000,127.3,132.9,126.25,129.1,27060,,29800,weekly,2019-9-26T21:00:00.000,options,call
262,1569398760000,129.1,130.2,122.0,124.35,29680,,29800,weekly,2019-9-26T21:00:00.000,options,call
263,1569398820000,125.25,129.45,123.15,125.4,18320,,29800,weekly,2019-9-26T21:00:00.000,options,call
264,1569398880000,124.8,126.05,118.25,119.35,27560,,29800,weekly,2019-9-26T21:00:00.000,options,call
265,1569398940000,118.2,121.65,116.0,118.15,26800,,29800,weekly,2019-9-26T21:00:00.000,options,call
266,1569399000000,117.25,119.0,102.0,110.5,76380,,29800,weekly,2019-9-26T21:00:00.000,options,call
267,1569399060000,112.0,114.1,105.9,105.9,33720,,29800,weekly,2019-9-26T21:00:00.000,options,call
268,1569399120000,107.0,115.9,106.05,115.8,29860,,29800,weekly,2019-9-26T21:00:00.000,options,call
269,1569399180000,115.6,124.85,112.1,121.75,31160,,29800,weekly,2019-9-26T21:00:00.000,options,call
270,1569399240000,121.85,122.0,114.0,118.65,24340,,29800,weekly,2019-9-26T21:00:00.000,options,call
271,1569399300000,118.7,121.7,114.25,115.1,23880,,29800,weekly,2019-9-26T21:00:00.000,options,call
272,1569399360000,112.85,120.65,112.05,118.1,31960,,29800,weekly,2019-9-26T21:00:00.000,options,call
273,1569399420000,118.7,126.4,117.8,124.0,33940,,29800,weekly,2019-9-26T21:00:00.000,options,call
274,1569399480000,123.7,128.0,119.2,119.2,34280,,29800,weekly,2019-9-26T21:00:00.000,options,call
275,1569399540000,118.8,123.65,113.3,114.75,47440,,29800,weekly,2019-9-26T21:00:00.000,options,call
276,1569399600000,114.05,120.25,112.0,115.25,25140,,29800,weekly,2019-9-26T21:00:00.000,options,call
277,1569399660000,114.35,114.7,103.75,114.1,48200,,29800,weekly,2019-9-26T21:00:00.000,options,call
278,1569399720000,113.5,118.8,107.3,107.3,26520,,29800,weekly,2019-9-26T21:00:00.000,options,call
279,1569399780000,107.25,113.4,95.0,101.2,75140,,29800,weekly,2019-9-26T21:00:00.000,options,call
280,1569399840000,102.1,111.9,101.35,108.75,52060,,29800,weekly,2019-9-26T21:00:00.000,options,call
281,1569399900000,109.15,112.0,103.65,109.85,23380,,29800,weekly,2019-9-26T21:00:00.000,options,call
282,1569399960000,110.0,112.15,104.45,108.65,27540,,29800,weekly,2019-9-26T21:00:00.000,options,call
283,1569400020000,109.05,112.5,107.1,110.85,16100,,29800,weekly,2019-9-26T21:00:00.000,options,call
284,1569400080000,111.35,113.6,106.15,109.2,22760,,29800,weekly,2019-9-26T21:00:00.000,options,call
285,1569400140000,110.0,113.0,106.9,113.0,22300,,29800,weekly,2019-9-26T21:00:00.000,options,call
286,1569400200000,112.6,121.8,112.6,119.9,38680,,29800,weekly,2019-9-26T21:00:00.000,options,call
287,1569400260000,119.9,125.0,116.85,125.0,30460,,29800,weekly,2019-9-26T21:00:00.000,options,call
288,1569400320000,123.7,124.4,116.55,121.0,21360,,29800,weekly,2019-9-26T21:00:00.000,options,call
289,1569400380000,121.0,130.6,118.0,120.15,42620,,29800,weekly,2019-9-26T21:00:00.000,options,call
290,1569400440000,119.35,125.3,117.0,117.65,27100,,29800,weekly,2019-9-26T21:00:00.000,options,call
291,1569400500000,117.9,119.1,114.0,118.0,11000,,29800,weekly,2019-9-26T21:00:00.000,options,call
292,1569400560000,115.0,115.0,104.7,109.4,34320,,29800,weekly,2019-9-26T21:00:00.000,options,call
293,1569400620000,109.35,110.95,103.3,106.6,22680,,29800,weekly,2019-9-26T21:00:00.000,options,call
294,1569400680000,106.9,109.1,105.15,105.65,22780,,29800,weekly,2019-9-26T21:00:00.000,options,call
295,1569400740000,104.95,106.75,101.4,104.3,28980,,29800,weekly,2019-9-26T21:00:00.000,options,call
296,1569400800000,104.4,109.45,102.15,108.0,21080,,29800,weekly,2019-9-26T21:00:00.000,options,call
297,1569400860000,107.7,115.8,105.55,115.8,17220,,29800,weekly,2019-9-26T21:00:00.000,options,call
298,1569400920000,116.15,117.6,105.95,106.15,23760,,29800,weekly,2019-9-26T21:00:00.000,options,call
299,1569400980000,107.0,108.9,102.1,106.8,16500,,29800,weekly,2019-9-26T21:00:00.000,options,call
300,1569401040000,105.95,115.0,105.0,114.0,21220,,29800,weekly,2019-9-26T21:00:00.000,options,call
301,1569401100000,113.5,121.3,110.0,121.3,36040,,29800,weekly,2019-9-26T21:00:00.000,options,call
302,1569401160000,122.4,131.2,118.05,123.15,40660,,29800,weekly,2019-9-26T21:00:00.000,options,call
303,1569401220000,122.25,122.25,112.15,116.75,19740,,29800,weekly,2019-9-26T21:00:00.000,options,call
304,1569401280000,117.0,117.0,113.0,113.25,5640,,29800,weekly,2019-9-26T21:00:00.000,options,call
305,1569401340000,113.0,116.0,109.8,113.3,14880,,29800,weekly,2019-9-26T21:00:00.000,options,call
306,1569401400000,112.3,112.6,105.75,106.4,21660,,29800,weekly,2019-9-26T21:00:00.000,options,call
307,1569401460000,106.3,110.35,103.0,103.0,25880,,29800,weekly,2019-9-26T21:00:00.000,options,call
308,1569401520000,102.85,107.55,96.3,97.7,49580,,29800,weekly,2019-9-26T21:00:00.000,options,call
309,1569401580000,97.8,106.4,96.45,106.4,58660,,29800,weekly,2019-9-26T21:00:00.000,options,call
310,1569401640000,106.0,115.5,104.8,113.4,34380,,29800,weekly,2019-9-26T21:00:00.000,options,call
311,1569401700000,113.0,113.0,107.55,110.2,8900,,29800,weekly,2019-9-26T21:00:00.000,options,call
312,1569401760000,110.7,110.95,101.7,101.7,15780,,29800,weekly,2019-9-26T21:00:00.000,options,call
313,1569401820000,100.85,106.8,100.85,104.3,14760,,29800,weekly,2019-9-26T21:00:00.000,options,call
314,1569401880000,105.6,105.6,97.4,103.65,33660,,29800,weekly,2019-9-26T21:00:00.000,options,call
315,1569401940000,104.0,111.35,103.25,108.15,28340,,29800,weekly,2019-9-26T21:00:00.000,options,call
316,1569402000000,106.35,108.6,103.8,105.8,11700,,29800,weekly,2019-9-26T21:00:00.000,options,call
317,1569402060000,105.1,105.5,99.45,103.85,30320,,29800,weekly,2019-9-26T21:00:00.000,options,call
318,1569402120000,104.5,107.5,101.7,103.2,22380,,29800,weekly,2019-9-26T21:00:00.000,options,call
319,1569402180000,103.2,103.6,77.95,79.0,130200,,29800,weekly,2019-9-26T21:00:00.000,options,call
320,1569402240000,80.15,86.95,78.4,82.45,78380,,29800,weekly,2019-9-26T21:00:00.000,options,call
321,1569402300000,83.05,87.5,79.65,82.3,35740,,29800,weekly,2019-9-26T21:00:00.000,options,call
322,1569402360000,81.85,82.55,70.3,80.65,81200,,29800,weekly,2019-9-26T21:00:00.000,options,call
323,1569402420000,80.25,83.8,77.15,83.0,47880,,29800,weekly,2019-9-26T21:00:00.000,options,call
324,1569402480000,82.85,85.55,81.1,81.7,52840,,29800,weekly,2019-9-26T21:00:00.000,options,call
325,1569402540000,82.55,82.7,76.65,77.1,31440,,29800,weekly,2019-9-26T21:00:00.000,options,call
326,1569402600000,78.4,84.85,78.3,84.0,32240,,29800,weekly,2019-9-26T21:00:00.000,options,call
327,1569402660000,84.4,87.85,83.5,84.45,32920,,29800,weekly,2019-9-26T21:00:00.000,options,call
328,1569402720000,83.95,89.85,82.8,87.45,32560,,29800,weekly,2019-9-26T21:00:00.000,options,call
329,1569402780000,87.7,97.55,86.7,90.55,41340,,29800,weekly,2019-9-26T21:00:00.000,options,call
330,1569402840000,89.0,92.6,85.8,92.35,22440,,29800,weekly,2019-9-26T21:00:00.000,options,call
331,1569402900000,91.7,96.0,88.25,95.7,18560,,29800,weekly,2019-9-26T21:00:00.000,options,call
332,1569402960000,96.55,97.45,90.55,92.9,28780,,29800,weekly,2019-9-26T21:00:00.000,options,call
333,1569403020000,93.2,94.4,89.5,91.35,18460,,29800,weekly,2019-9-26T21:00:00.000,options,call
334,1569403080000,91.7,91.7,85.35,89.2,16580,,29800,weekly,2019-9-26T21:00:00.000,options,call
335,1569403140000,89.4,89.85,83.0,88.15,18780,,29800,weekly,2019-9-26T21:00:00.000,options,call
336,1569403200000,89.35,89.65,83.8,89.65,21340,,29800,weekly,2019-9-26T21:00:00.000,options,call
337,1569403260000,89.35,93.75,87.0,91.0,21480,,29800,weekly,2019-9-26T21:00:00.000,options,call
338,1569403320000,90.0,90.0,83.1,85.75,30660,,29800,weekly,2019-9-26T21:00:00.000,options,call
339,1569403380000,84.8,88.75,81.9,85.35,19560,,29800,weekly,2019-9-26T21:00:00.000,options,call
340,1569403440000,85.15,87.35,77.8,84.7,39620,,29800,weekly,2019-9-26T21:00:00.000,options,call
341,1569403500000,87.0,87.0,81.65,85.65,38560,,29800,weekly,2019-9-26T21:00:00.000,options,call
342,1569403560000,85.3,87.85,83.5,87.85,32920,,29800,weekly,2019-9-26T21:00:00.000,options,call
343,1569403620000,85.55,87.0,81.45,83.25,20540,,29800,weekly,2019-9-26T21:00:00.000,options,call
344,1569403680000,83.95,88.55,83.0,85.0,24200,,29800,weekly,2019-9-26T21:00:00.000,options,call
345,1569403740000,84.15,100.05,84.15,91.6,66720,,29800,weekly,2019-9-26T21:00:00.000,options,call
346,1569403800000,92.7,109.3,92.15,106.15,66300,,29800,weekly,2019-9-26T21:00:00.000,options,call
347,1569403860000,106.6,118.05,105.6,111.45,75120,,29800,weekly,2019-9-26T21:00:00.000,options,call
348,1569403920000,110.5,115.0,105.5,109.65,42140,,29800,weekly,2019-9-26T21:00:00.000,options,call
349,1569403980000,111.0,114.35,105.45,105.95,26960,,29800,weekly,2019-9-26T21:00:00.000,options,call
350,1569404040000,105.65,117.5,104.4,110.3,63640,,29800,weekly,2019-9-26T21:00:00.000,options,call
351,1569404100000,108.8,120.0,108.5,108.5,36940,,29800,weekly,2019-9-26T21:00:00.000,options,call
352,1569404160000,110.05,110.05,96.5,97.05,53540,,29800,weekly,2019-9-26T21:00:00.000,options,call
353,1569404220000,96.85,101.65,95.35,97.95,28780,,29800,weekly,2019-9-26T21:00:00.000,options,call
354,1569404280000,96.1,103.55,96.1,103.55,28460,,29800,weekly,2019-9-26T21:00:00.000,options,call
355,1569404340000,103.5,112.2,102.9,110.75,32740,,29800,weekly,2019-9-26T21:00:00.000,options,call
356,1569404400000,110.7,115.0,105.85,108.3,43920,,29800,weekly,2019-9-26T21:00:00.000,options,call
357,1569404460000,108.25,110.6,106.05,109.7,24920,,29800,weekly,2019-9-26T21:00:00.000,options,call
358,1569404520000,108.8,113.8,107.6,112.8,25220,,29800,weekly,2019-9-26T21:00:00.000,options,call
359,1569404580000,112.5,113.0,109.05,111.15,19760,,29800,weekly,2019-9-26T21:00:00.000,options,call
360,1569404640000,112.0,112.2,105.55,107.1,28340,,29800,weekly,2019-9-26T21:00:00.000,options,call
361,1569404700000,106.3,111.35,106.3,110.35,22080,,29800,weekly,2019-9-26T21:00:00.000,options,call
362,1569404760000,109.95,112.4,106.65,109.35,18480,,29800,weekly,2019-9-26T21:00:00.000,options,call
363,1569404820000,108.8,111.9,107.8,111.65,22940,,29800,weekly,2019-9-26T21:00:00.000,options,call
364,1569404880000,111.45,112.75,102.0,103.95,41040,,29800,weekly,2019-9-26T21:00:00.000,options,call
365,1569404940000,104.5,114.95,102.85,112.4,53380,,29800,weekly,2019-9-26T21:00:00.000,options,call
366,1569405000000,112.9,112.9,108.6,111.3,22120,,29800,weekly,2019-9-26T21:00:00.000,options,call
367,1569405060000,111.05,113.65,109.35,111.95,21780,,29800,weekly,2019-9-26T21:00:00.000,options,call
368,1569405120000,112.05,113.5,110.0,110.9,24160,,29800,weekly,2019-9-26T21:00:00.000,options,call
369,1569405180000,110.55,113.0,110.4,112.9,24600,,29800,weekly,2019-9-26T21:00:00.000,options,call
370,1569405240000,112.2,113.0,111.45,112.7,16060,,29800,weekly,2019-9-26T21:00:00.000,options,call
371,1569405300000,112.05,112.05,107.25,107.45,40840,,29800,weekly,2019-9-26T21:00:00.000,options,call
372,1569405360000,107.95,107.95,105.75,107.05,26200,,29800,weekly,2019-9-26T21:00:00.000,options,call
373,1569405420000,106.6,107.4,106.0,106.45,33960,,29800,weekly,2019-9-26T21:00:00.000,options,call
374,1569405480000,106.2,113.0,105.8,113.0,39600,,29800,weekly,2019-9-26T21:00:00.000,options,call
