,timestamp,open,high,low,close,volume,open_interest,strike,expiry_type,expiry,instrument,contract_type
0,1561367880000,150.0,150.05,150.0,150.0,40,,30200,weekly,2019-7-4T21:00:00.000,options,put
1,1561368060000,150.0,168.6,150.0,168.6,40,,30200,weekly,2019-7-4T21:00:00.000,options,put
2,1561368180000,168.6,168.6,158.5,163.3,60,,30200,weekly,2019-7-4T21:00:00.000,options,put
3,1561368240000,163.3,163.3,158.25,158.5,200,,30200,weekly,2019-7-4T21:00:00.000,options,put
4,1561368300000,158.5,160.0,158.15,160.0,240,,30200,weekly,2019-7-4T21:00:00.000,options,put
5,1561368360000,160.0,160.0,151.75,151.75,20,,30200,weekly,2019-7-4T21:00:00.000,options,put
6,1561368420000,151.75,152.0,151.75,152.0,1000,,30200,weekly,2019-7-4T21:00:00.000,options,put
7,1561368480000,152.0,152.0,149.45,149.45,220,,30200,weekly,2019-7-4T21:00:00.000,options,put
8,1561368540000,149.45,149.45,141.05,141.05,480,,30200,weekly,2019-7-4T21:00:00.000,options,put
9,1561368600000,141.05,143.05,139.95,139.95,100,,30200,weekly,2019-7-4T21:00:00.000,options,put
10,1561368660000,139.95,142.75,138.75,142.75,40,,30200,weekly,2019-7-4T21:00:00.000,options,put
11,1561368840000,142.75,146.85,142.75,145.6,720,,30200,weekly,2019-7-4T21:00:00.000,options,put
12,1561368960000,145.6,147.75,145.6,147.75,20,,30200,weekly,2019-7-4T21:00:00.000,options,put
13,1561369020000,147.75,148.0,147.75,148.0,20,,30200,weekly,2019-7-4T21:00:00.000,options,put
14,1561369080000,148.0,148.0,146.0,146.0,1200,,30200,weekly,2019-7-4T21:00:00.000,options,put
15,1561369140000,146.0,146.0,143.1,143.25,80,,30200,weekly,2019-7-4T21:00:00.000,options,put
16,1561369200000,143.25,144.95,143.25,144.95,40,,30200,weekly,2019-7-4T21:00:00.000,options,put
17,1561369320000,144.95,144.95,144.5,144.5,300,,30200,weekly,2019-7-4T21:00:00.000,options,put
18,1561369380000,150.75,152.45,149.35,152.45,480,,30200,weekly,2019-7-4T21:00:00.000,options,put
19,1561369500000,152.45,163.65,152.45,163.65,160,,30200,weekly,2019-7-4T21:00:00.000,options,put
20,1561369560000,163.65,167.1,163.05,163.05,360,,30200,weekly,2019-7-4T21:00:00.000,options,put
21,1561369620000,163.05,166.65,162.7,166.65,160,,30200,weekly,2019-7-4T21:00:00.000,options,put
22,1561369680000,166.65,171.15,166.65,171.15,60,,30200,weekly,2019-7-4T21:00:00.000,options,put
23,1561369740000,171.15,176.7,171.15,172.7,520,,30200,weekly,2019-7-4T21:00:00.000,options,put
24,1561369800000,172.7,174.2,172.7,174.2,100,,30200,weekly,2019-7-4T21:00:00.000,options,put
25,1561369860000,174.2,183.1,174.2,180.85,440,,30200,weekly,2019-7-4T21:00:00.000,options,put
26,1561369920000,180.85,188.0,180.85,184.7,320,,30200,weekly,2019-7-4T21:00:00.000,options,put
27,1561369980000,184.7,185.0,180.0,180.05,200,,30200,weekly,2019-7-4T21:00:00.000,options,put
28,1561370040000,180.05,186.8,180.05,183.45,340,,30200,weekly,2019-7-4T21:00:00.000,options,put
29,1561370100000,183.45,185.0,177.0,177.05,300,,30200,weekly,2019-7-4T21:00:00.000,options,put
30,1561370160000,177.05,177.15,174.05,175.6,200,,30200,weekly,2019-7-4T21:00:00.000,options,put
31,1561370280000,175.6,175.6,171.35,171.55,80,,30200,weekly,2019-7-4T21:00:00.000,options,put
32,1561370340000,171.55,174.0,171.55,174.0,120,,30200,weekly,2019-7-4T21:00:00.000,options,put
33,1561370400000,174.0,174.0,173.4,173.4,100,,30200,weekly,2019-7-4T21:00:00.000,options,put
34,1561370460000,173.4,173.4,171.95,171.95,20,,30200,weekly,2019-7-4T21:00:00.000,options,put
35,1561370520000,171.95,175.45,171.95,175.45,240,,30200,weekly,2019-7-4T21:00:00.000,options,put
36,1561370580000,175.45,180.05,175.45,179.0,120,,30200,weekly,2019-7-4T21:00:00.000,options,put
37,1561370640000,179.0,179.0,176.0,176.0,80,,30200,weekly,2019-7-4T21:00:00.000,options,put
38,1561370700000,176.0,176.0,172.0,172.0,80,,30200,weekly,2019-7-4T21:00:00.000,options,put
39,1561370760000,172.0,177.55,172.0,177.55,300,,30200,weekly,2019-7-4T21:00:00.000,options,put
40,1561370820000,177.55,177.55,175.55,175.55,40,,30200,weekly,2019-7-4T21:00:00.000,options,put
41,1561370880000,175.55,176.8,175.55,175.65,120,,30200,weekly,2019-7-4T21:00:00.000,options,put
42,1561370940000,175.65,181.5,173.0,181.5,520,,30200,weekly,2019-7-4T21:00:00.000,options,put
43,1561371000000,181.5,181.5,179.75,179.75,20,,30200,weekly,2019-7-4T21:00:00.000,options,put
44,1561371060000,179.75,179.75,176.65,176.65,20,,30200,weekly,2019-7-4T21:00:00.000,options,put
45,1561371120000,176.65,176.65,176.4,176.4,40,,30200,weekly,2019-7-4T21:00:00.000,options,put
46,1561371180000,176.4,176.5,176.4,176.5,20,,30200,weekly,2019-7-4T21:00:00.000,options,put
47,1561371240000,176.5,176.5,172.4,174.35,300,,30200,weekly,2019-7-4T21:00:00.000,options,put
48,1561371300000,174.35,174.35,174.35,174.35,20,,30200,weekly,2019-7-4T21:00:00.000,options,put
49,1561371360000,174.35,174.35,172.5,172.5,40,,30200,weekly,2019-7-4T21:00:00.000,options,put
50,1561371420000,172.5,174.15,172.5,174.15,200,,30200,weekly,2019-7-4T21:00:00.000,options,put
51,1561371480000,174.15,174.15,169.95,169.95,80,,30200,weekly,2019-7-4T21:00:00.000,options,put
52,1561371540000,169.95,174.45,166.95,166.95,240,,30200,weekly,2019-7-4T21:00:00.000,options,put
53,1561371600000,166.95,166.95,160.15,162.95,520,,30200,weekly,2019-7-4T21:00:00.000,options,put
54,1561371660000,162.95,162.95,159.2,159.65,100,,30200,weekly,2019-7-4T21:00:00.000,options,put
55,1561371720000,159.65,161.65,159.65,161.1,240,,30200,weekly,2019-7-4T21:00:00.000,options,put
56,1561371780000,161.1,161.25,161.1,161.25,20,,30200,weekly,2019-7-4T21:00:00.000,options,put
57,1561371900000,161.25,161.25,158.85,158.85,80,,30200,weekly,2019-7-4T21:00:00.000,options,put
58,1561371960000,158.85,161.9,158.85,161.9,40,,30200,weekly,2019-7-4T21:00:00.000,options,put
59,1561372020000,161.9,166.55,161.9,166.55,60,,30200,weekly,2019-7-4T21:00:00.000,options,put
60,1561372080000,166.55,166.55,165.75,165.75,40,,30200,weekly,2019-7-4T21:00:00.000,options,put
61,1561372140000,165.75,165.75,162.75,162.75,100,,30200,weekly,2019-7-4T21:00:00.000,options,put
62,1561372260000,162.75,162.75,160.85,160.85,40,,30200,weekly,2019-7-4T21:00:00.000,options,put
63,1561372320000,160.85,163.8,160.85,163.75,140,,30200,weekly,2019-7-4T21:00:00.000,options,put
64,1561372380000,163.75,174.35,163.75,169.4,320,,30200,weekly,2019-7-4T21:00:00.000,options,put
65,1561372440000,169.4,172.8,169.4,171.3,40,,30200,weekly,2019-7-4T21:00:00.000,options,put
66,1561372500000,171.3,175.3,171.3,174.95,120,,30200,weekly,2019-7-4T21:00:00.000,options,put
67,1561372560000,174.95,174.95,173.0,173.0,20,,30200,weekly,2019-7-4T21:00:00.000,options,put
68,1561372620000,173.0,173.0,167.3,167.3,80,,30200,weekly,2019-7-4T21:00:00.000,options,put
69,1561372740000,167.3,172.45,167.3,172.45,20,,30200,weekly,2019-7-4T21:00:00.000,options,put
70,1561372800000,172.45,175.3,172.45,175.3,60,,30200,weekly,2019-7-4T21:00:00.000,options,put
71,1561372860000,175.3,175.7,175.3,175.3,80,,30200,weekly,2019-7-4T21:00:00.000,options,put
72,1561372980000,175.3,175.3,173.7,173.7,20,,30200,weekly,2019-7-4T21:00:00.000,options,put
73,1561373040000,173.7,175.15,172.2,175.15,280,,30200,weekly,2019-7-4T21:00:00.000,options,put
74,1561373100000,175.15,175.75,175.0,175.75,120,,30200,weekly,2019-7-4T21:00:00.000,options,put
75,1561373160000,175.75,175.75,172.65,172.65,40,,30200,weekly,2019-7-4T21:00:00.000,options,put
76,1561373280000,172.65,175.55,172.65,175.55,60,,30200,weekly,2019-7-4T21:00:00.000,options,put
77,1561373340000,175.55,175.55,171.3,171.3,40,,30200,weekly,2019-7-4T21:00:00.000,options,put
78,1561373400000,171.3,171.3,167.9,170.0,300,,30200,weekly,2019-7-4T21:00:00.000,options,put
79,1561373460000,170.0,170.0,170.0,170.0,200,,30200,weekly,2019-7-4T21:00:00.000,options,put
80,1561373520000,170.0,172.45,170.0,171.55,160,,30200,weekly,2019-7-4T21:00:00.000,options,put
81,1561373700000,172.0,173.35,169.8,169.8,140,,30200,weekly,2019-7-4T21:00:00.000,options,put
82,1561373760000,169.8,169.8,164.85,164.85,200,,30200,weekly,2019-7-4T21:00:00.000,options,put
83,1561373880000,164.85,173.25,164.85,173.25,240,,30200,weekly,2019-7-4T21:00:00.000,options,put
84,1561374000000,173.25,173.45,172.6,172.6,40,,30200,weekly,2019-7-4T21:00:00.000,options,put
85,1561374060000,172.6,173.95,172.6,173.95,40,,30200,weekly,2019-7-4T21:00:00.000,options,put
86,1561374120000,173.95,174.2,173.95,174.2,40,,30200,weekly,2019-7-4T21:00:00.000,options,put
87,1561374180000,174.2,176.6,174.2,174.2,60,,30200,weekly,2019-7-4T21:00:00.000,options,put
88,1561374240000,174.2,174.2,173.1,173.1,20,,30200,weekly,2019-7-4T21:00:00.000,options,put
89,1561374420000,173.1,173.1,168.35,169.4,240,,30200,weekly,2019-7-4T21:00:00.000,options,put
90,1561374540000,169.4,175.0,169.4,174.5,100,,30200,weekly,2019-7-4T21:00:00.000,options,put
91,1561374600000,174.5,174.5,172.3,172.3,40,,30200,weekly,2019-7-4T21:00:00.000,options,put
92,1561374660000,172.3,173.0,172.3,173.0,40,,30200,weekly,2019-7-4T21:00:00.000,options,put
93,1561374720000,173.0,173.0,171.25,173.0,120,,30200,weekly,2019-7-4T21:00:00.000,options,put
94,1561374780000,173.0,174.5,172.0,172.0,260,,30200,weekly,2019-7-4T21:00:00.000,options,put
95,1561374840000,172.0,172.65,169.65,172.65,40,,30200,weekly,2019-7-4T21:00:00.000,options,put
96,1561374900000,172.65,172.65,168.95,171.65,280,,30200,weekly,2019-7-4T21:00:00.000,options,put
97,1561374960000,171.65,172.7,171.65,172.45,60,,30200,weekly,2019-7-4T21:00:00.000,options,put
98,1561375020000,172.45,172.45,168.2,170.6,360,,30200,weekly,2019-7-4T21:00:00.000,options,put
99,1561375080000,170.6,170.6,162.7,162.7,280,,30200,weekly,2019-7-4T21:00:00.000,options,put
100,1561375140000,164.15,166.55,164.15,166.05,200,,30200,weekly,2019-7-4T21:00:00.000,options,put
101,1561375260000,166.05,166.45,166.05,166.45,20,,30200,weekly,2019-7-4T21:00:00.000,options,put
102,1561375320000,166.45,166.45,166.45,166.45,20,,30200,weekly,2019-7-4T21:00:00.000,options,put
103,1561375380000,166.45,166.45,165.25,165.25,40,,30200,weekly,2019-7-4T21:00:00.000,options,put
104,1561375440000,165.25,166.65,165.25,166.65,20,,30200,weekly,2019-7-4T21:00:00.000,options,put
105,1561375500000,166.65,166.8,165.5,165.55,100,,30200,weekly,2019-7-4T21:00:00.000,options,put
106,1561375560000,165.55,165.75,163.55,165.75,220,,30200,weekly,2019-7-4T21:00:00.000,options,put
107,1561375620000,165.75,166.05,165.6,165.6,120,,30200,weekly,2019-7-4T21:00:00.000,options,put
108,1561375680000,165.6,165.6,164.6,164.7,180,,30200,weekly,2019-7-4T21:00:00.000,options,put
109,1561375740000,164.7,169.15,164.7,168.1,320,,30200,weekly,2019-7-4T21:00:00.000,options,put
110,1561375800000,168.1,168.1,167.75,167.75,120,,30200,weekly,2019-7-4T21:00:00.000,options,put
111,1561375860000,167.75,170.25,167.75,169.1,80,,30200,weekly,2019-7-4T21:00:00.000,options,put
112,1561375920000,166.55,166.7,164.8,164.8,120,,30200,weekly,2019-7-4T21:00:00.000,options,put
113,1561375980000,164.8,165.5,164.8,165.5,40,,30200,weekly,2019-7-4T21:00:00.000,options,put
114,1561376040000,165.5,167.0,165.5,167.0,240,,30200,weekly,2019-7-4T21:00:00.000,options,put
115,1561376100000,167.0,167.0,160.65,160.65,800,,30200,weekly,2019-7-4T21:00:00.000,options,put
116,1561376220000,160.65,167.0,160.65,164.15,440,,30200,weekly,2019-7-4T21:00:00.000,options,put
117,1561376280000,164.15,164.9,164.0,164.9,60,,30200,weekly,2019-7-4T21:00:00.000,options,put
118,1561376340000,164.9,167.85,164.9,167.85,240,,30200,weekly,2019-7-4T21:00:00.000,options,put
119,1561376400000,167.85,167.85,163.0,164.1,380,,30200,weekly,2019-7-4T21:00:00.000,options,put
120,1561376460000,164.1,164.75,164.1,164.4,100,,30200,weekly,2019-7-4T21:00:00.000,options,put
121,1561376520000,164.4,164.4,162.15,162.15,120,,30200,weekly,2019-7-4T21:00:00.000,options,put
122,1561376580000,162.15,165.0,162.15,163.85,120,,30200,weekly,2019-7-4T21:00:00.000,options,put
123,1561376640000,163.85,165.0,158.05,158.15,460,,30200,weekly,2019-7-4T21:00:00.000,options,put
124,1561376700000,158.15,158.15,154.2,154.2,200,,30200,weekly,2019-7-4T21:00:00.000,options,put
125,1561376760000,154.2,154.9,154.2,154.9,100,,30200,weekly,2019-7-4T21:00:00.000,options,put
126,1561376820000,154.9,154.9,150.5,151.35,200,,30200,weekly,2019-7-4T21:00:00.000,options,put
127,1561376880000,151.35,151.65,149.85,151.1,140,,30200,weekly,2019-7-4T21:00:00.000,options,put
128,1561377000000,151.1,151.1,148.85,148.85,60,,30200,weekly,2019-7-4T21:00:00.000,options,put
129,1561377060000,148.85,148.85,147.55,148.25,40,,30200,weekly,2019-7-4T21:00:00.000,options,put
130,1561377120000,148.25,148.25,145.9,145.9,20,,30200,weekly,2019-7-4T21:00:00.000,options,put
131,1561377300000,145.9,156.25,145.9,156.25,200,,30200,weekly,2019-7-4T21:00:00.000,options,put
132,1561377420000,156.25,156.25,151.15,151.2,140,,30200,weekly,2019-7-4T21:00:00.000,options,put
133,1561377540000,151.2,153.15,149.45,149.45,220,,30200,weekly,2019-7-4T21:00:00.000,options,put
134,1561377600000,149.45,149.45,145.55,145.55,100,,30200,weekly,2019-7-4T21:00:00.000,options,put
135,1561377660000,145.55,146.1,145.55,146.1,100,,30200,weekly,2019-7-4T21:00:00.000,options,put
136,1561377720000,146.1,147.0,144.0,145.3,160,,30200,weekly,2019-7-4T21:00:00.000,options,put
137,1561377780000,145.3,145.3,143.75,145.3,200,,30200,weekly,2019-7-4T21:00:00.000,options,put
138,1561377840000,145.3,149.45,145.3,149.45,20,,30200,weekly,2019-7-4T21:00:00.000,options,put
139,1561377900000,149.45,151.75,149.45,151.75,20,,30200,weekly,2019-7-4T21:00:00.000,options,put
140,1561377960000,151.75,152.85,151.75,152.35,20,,30200,weekly,2019-7-4T21:00:00.000,options,put
141,1561378080000,152.35,152.35,151.25,151.25,40,,30200,weekly,2019-7-4T21:00:00.000,options,put
142,1561378140000,151.25,153.5,151.25,153.5,240,,30200,weekly,2019-7-4T21:00:00.000,options,put
143,1561378200000,153.5,153.5,149.0,149.0,140,,30200,weekly,2019-7-4T21:00:00.000,options,put
144,1561378440000,149.0,152.6,148.2,150.1,140,,30200,weekly,2019-7-4T21:00:00.000,options,put
145,1561378500000,150.1,151.0,148.65,151.0,140,,30200,weekly,2019-7-4T21:00:00.000,options,put
146,1561378620000,151.0,151.0,149.55,150.5,80,,30200,weekly,2019-7-4T21:00:00.000,options,put
147,1561378680000,150.5,151.9,150.5,151.9,40,,30200,weekly,2019-7-4T21:00:00.000,options,put
148,1561378740000,151.9,154.25,151.9,153.0,220,,30200,weekly,2019-7-4T21:00:00.000,options,put
149,1561378800000,153.8,157.3,153.8,155.6,180,,30200,weekly,2019-7-4T21:00:00.000,options,put
150,1561378860000,155.6,155.6,154.95,154.95,20,,30200,weekly,2019-7-4T21:00:00.000,options,put
151,1561378920000,154.95,154.95,151.55,151.6,340,,30200,weekly,2019-7-4T21:00:00.000,options,put
152,1561379040000,151.6,151.9,150.9,150.9,40,,30200,weekly,2019-7-4T21:00:00.000,options,put
153,1561379160000,150.9,150.9,146.75,146.75,80,,30200,weekly,2019-7-4T21:00:00.000,options,put
154,1561379280000,146.75,147.0,146.75,147.0,20,,30200,weekly,2019-7-4T21:00:00.000,options,put
155,1561379460000,147.0,150.75,147.0,149.5,100,,30200,weekly,2019-7-4T21:00:00.000,options,put
156,1561379520000,149.5,149.5,148.75,148.75,20,,30200,weekly,2019-7-4T21:00:00.000,options,put
157,1561379580000,148.75,151.0,146.75,151.0,220,,30200,weekly,2019-7-4T21:00:00.000,options,put
158,1561379640000,151.0,153.75,151.0,153.75,140,,30200,weekly,2019-7-4T21:00:00.000,options,put
159,1561379820000,153.75,157.65,153.75,157.65,320,,30200,weekly,2019-7-4T21:00:00.000,options,put
160,1561379880000,157.65,158.3,157.65,158.3,100,,30200,weekly,2019-7-4T21:00:00.000,options,put
161,1561379940000,158.3,158.3,152.35,152.35,60,,30200,weekly,2019-7-4T21:00:00.000,options,put
162,1561380000000,151.7,152.35,151.7,151.7,100,,30200,weekly,2019-7-4T21:00:00.000,options,put
163,1561380060000,151.7,151.95,151.7,151.95,20,,30200,weekly,2019-7-4T21:00:00.000,options,put
164,1561380240000,152.1,152.1,151.95,152.1,100,,30200,weekly,2019-7-4T21:00:00.000,options,put
165,1561380300000,152.1,154.7,152.1,154.7,80,,30200,weekly,2019-7-4T21:00:00.000,options,put
166,1561380360000,154.7,154.7,152.35,154.05,40,,30200,weekly,2019-7-4T21:00:00.000,options,put
167,1561380420000,154.05,154.05,151.0,152.3,340,,30200,weekly,2019-7-4T21:00:00.000,options,put
168,1561380480000,152.3,152.3,150.2,151.75,260,,30200,weekly,2019-7-4T21:00:00.000,options,put
169,1561380600000,151.75,151.75,147.65,150.5,320,,30200,weekly,2019-7-4T21:00:00.000,options,put
170,1561380660000,150.5,154.9,150.5,152.65,340,,30200,weekly,2019-7-4T21:00:00.000,options,put
171,1561380720000,152.65,155.0,152.65,155.0,160,,30200,weekly,2019-7-4T21:00:00.000,options,put
172,1561380780000,155.0,155.4,152.7,155.4,60,,30200,weekly,2019-7-4T21:00:00.000,options,put
173,1561380900000,155.4,158.55,152.55,158.55,260,,30200,weekly,2019-7-4T21:00:00.000,options,put
174,1561380960000,158.55,158.55,156.45,156.45,20,,30200,weekly,2019-7-4T21:00:00.000,options,put
175,1561381020000,156.45,156.45,153.2,154.8,80,,30200,weekly,2019-7-4T21:00:00.000,options,put
176,1561381080000,154.8,154.8,151.5,151.5,20,,30200,weekly,2019-7-4T21:00:00.000,options,put
177,1561381380000,151.5,155.85,151.5,155.85,20,,30200,weekly,2019-7-4T21:00:00.000,options,put
178,1561381440000,155.85,157.0,155.85,156.05,40,,30200,weekly,2019-7-4T21:00:00.000,options,put
179,1561381500000,156.05,161.0,156.05,161.0,40,,30200,weekly,2019-7-4T21:00:00.000,options,put
180,1561381560000,161.0,161.0,158.65,158.65,40,,30200,weekly,2019-7-4T21:00:00.000,options,put
181,1561381620000,158.65,158.65,156.75,156.75,20,,30200,weekly,2019-7-4T21:00:00.000,options,put
182,1561381680000,156.75,156.75,153.95,153.95,40,,30200,weekly,2019-7-4T21:00:00.000,options,put
183,1561381860000,153.95,153.95,153.95,153.95,20,,30200,weekly,2019-7-4T21:00:00.000,options,put
184,1561381920000,153.95,162.65,153.95,162.15,340,,30200,weekly,2019-7-4T21:00:00.000,options,put
185,1561382040000,162.15,162.15,155.0,155.0,20,,30200,weekly,2019-7-4T21:00:00.000,options,put
186,1561382100000,155.0,158.2,155.0,158.2,20,,30200,weekly,2019-7-4T21:00:00.000,options,put
187,1561382160000,158.2,158.2,157.65,157.65,40,,30200,weekly,2019-7-4T21:00:00.000,options,put
188,1561382280000,157.65,157.65,157.65,157.65,20,,30200,weekly,2019-7-4T21:00:00.000,options,put
189,1561382520000,157.65,157.65,156.05,156.05,20,,30200,weekly,2019-7-4T21:00:00.000,options,put
190,1561382820000,156.05,156.05,151.45,151.45,200,,30200,weekly,2019-7-4T21:00:00.000,options,put
191,1561382940000,151.45,151.45,151.3,151.3,20,,30200,weekly,2019-7-4T21:00:00.000,options,put
192,1561383000000,151.3,151.3,148.8,151.05,160,,30200,weekly,2019-7-4T21:00:00.000,options,put
193,1561383060000,151.05,151.05,147.1,147.1,20,,30200,weekly,2019-7-4T21:00:00.000,options,put
194,1561383180000,147.1,148.25,145.0,148.25,40,,30200,weekly,2019-7-4T21:00:00.000,options,put
195,1561383300000,148.25,151.85,148.25,151.85,20,,30200,weekly,2019-7-4T21:00:00.000,options,put
196,1561383480000,151.85,151.85,147.55,147.55,40,,30200,weekly,2019-7-4T21:00:00.000,options,put
197,1561383600000,147.55,155.2,147.55,155.2,20,,30200,weekly,2019-7-4T21:00:00.000,options,put
198,1561383780000,155.2,155.2,151.0,151.0,20,,30200,weekly,2019-7-4T21:00:00.000,options,put
199,1561383900000,151.0,153.0,151.0,152.05,1240,,30200,weekly,2019-7-4T21:00:00.000,options,put
200,1561384020000,152.05,152.05,149.15,151.5,580,,30200,weekly,2019-7-4T21:00:00.000,options,put
201,1561384080000,151.5,151.5,145.15,145.15,80,,30200,weekly,2019-7-4T21:00:00.000,options,put
202,1561384200000,145.15,149.15,145.15,149.15,20,,30200,weekly,2019-7-4T21:00:00.000,options,put
203,1561384320000,149.15,149.75,149.15,149.75,20,,30200,weekly,2019-7-4T21:00:00.000,options,put
204,1561384380000,149.75,149.75,146.45,146.45,40,,30200,weekly,2019-7-4T21:00:00.000,options,put
205,1561384440000,146.45,146.55,143.65,145.0,60,,30200,weekly,2019-7-4T21:00:00.000,options,put
206,1561384500000,145.0,147.65,145.0,147.65,20,,30200,weekly,2019-7-4T21:00:00.000,options,put
207,1561384560000,147.65,149.9,147.65,149.9,20,,30200,weekly,2019-7-4T21:00:00.000,options,put
208,1561384860000,149.9,164.3,149.9,160.7,940,,30200,weekly,2019-7-4T21:00:00.000,options,put
209,1561384920000,160.7,160.7,159.2,160.7,60,,30200,weekly,2019-7-4T21:00:00.000,options,put
210,1561384980000,160.7,163.65,160.7,161.85,120,,30200,weekly,2019-7-4T21:00:00.000,options,put
211,1561385100000,161.85,162.45,161.85,162.45,40,,30200,weekly,2019-7-4T21:00:00.000,options,put
212,1561385160000,162.45,162.45,155.0,156.4,180,,30200,weekly,2019-7-4T21:00:00.000,options,put
213,1561385220000,156.4,157.75,156.25,157.75,100,,30200,weekly,2019-7-4T21:00:00.000,options,put
214,1561385280000,157.75,157.75,156.7,156.7,40,,30200,weekly,2019-7-4T21:00:00.000,options,put
215,1561385700000,156.7,160.2,156.7,160.2,40,,30200,weekly,2019-7-4T21:00:00.000,options,put
216,1561385760000,160.2,163.05,160.0,160.45,200,,30200,weekly,2019-7-4T21:00:00.000,options,put
217,1561385820000,160.45,161.35,158.85,161.35,60,,30200,weekly,2019-7-4T21:00:00.000,options,put
218,1561385940000,161.35,161.35,160.3,160.5,60,,30200,weekly,2019-7-4T21:00:00.000,options,put
219,1561386060000,160.5,160.55,160.35,160.35,60,,30200,weekly,2019-7-4T21:00:00.000,options,put
220,1561386180000,160.35,160.55,160.35,160.55,20,,30200,weekly,2019-7-4T21:00:00.000,options,put
221,1561386240000,160.55,173.0,160.55,167.35,500,,30200,weekly,2019-7-4T21:00:00.000,options,put
222,1561386300000,167.35,178.15,167.35,176.15,740,,30200,weekly,2019-7-4T21:00:00.000,options,put
223,1561386360000,176.15,179.0,174.35,179.0,360,,30200,weekly,2019-7-4T21:00:00.000,options,put
224,1561386420000,179.0,179.7,173.5,173.55,200,,30200,weekly,2019-7-4T21:00:00.000,options,put
225,1561386480000,174.0,174.0,169.1,169.1,540,,30200,weekly,2019-7-4T21:00:00.000,options,put
226,1561386540000,169.1,170.4,163.15,163.15,140,,30200,weekly,2019-7-4T21:00:00.000,options,put
227,1561386600000,163.15,169.55,161.55,169.55,220,,30200,weekly,2019-7-4T21:00:00.000,options,put
228,1561386660000,169.55,171.45,168.6,168.85,280,,30200,weekly,2019-7-4T21:00:00.000,options,put
229,1561386720000,168.85,175.0,168.85,173.65,40,,30200,weekly,2019-7-4T21:00:00.000,options,put
230,1561386780000,173.65,173.65,170.2,170.2,20,,30200,weekly,2019-7-4T21:00:00.000,options,put
231,1561386840000,170.2,177.95,170.2,177.95,60,,30200,weekly,2019-7-4T21:00:00.000,options,put
232,1561386900000,177.95,182.7,177.7,177.7,380,,30200,weekly,2019-7-4T21:00:00.000,options,put
233,1561386960000,177.7,179.0,177.4,177.5,1100,,30200,weekly,2019-7-4T21:00:00.000,options,put
234,1561387020000,177.5,178.0,177.0,177.0,140,,30200,weekly,2019-7-4T21:00:00.000,options,put
235,1561387080000,177.0,178.15,176.95,177.9,180,,30200,weekly,2019-7-4T21:00:00.000,options,put
236,1561387140000,177.9,177.9,168.65,168.65,400,,30200,weekly,2019-7-4T21:00:00.000,options,put
237,1561387200000,168.65,173.9,168.65,173.9,240,,30200,weekly,2019-7-4T21:00:00.000,options,put
238,1561387260000,173.9,180.95,173.9,180.95,60,,30200,weekly,2019-7-4T21:00:00.000,options,put
239,1561387320000,180.95,180.95,176.0,176.0,60,,30200,weekly,2019-7-4T21:00:00.000,options,put
240,1561387380000,176.0,176.95,176.0,176.95,100,,30200,weekly,2019-7-4T21:00:00.000,options,put
241,1561387440000,176.95,185.15,176.7,184.15,860,,30200,weekly,2019-7-4T21:00:00.000,options,put
242,1561387500000,184.15,185.2,180.0,180.0,360,,30200,weekly,2019-7-4T21:00:00.000,options,put
243,1561387560000,180.0,181.0,177.05,177.45,340,,30200,weekly,2019-7-4T21:00:00.000,options,put
244,1561387620000,177.45,177.9,176.0,176.0,120,,30200,weekly,2019-7-4T21:00:00.000,options,put
245,1561387680000,176.0,179.3,176.0,179.3,160,,30200,weekly,2019-7-4T21:00:00.000,options,put
246,1561387740000,179.3,179.95,178.35,179.05,1580,,30200,weekly,2019-7-4T21:00:00.000,options,put
247,1561387800000,179.05,179.05,170.0,170.0,540,,30200,weekly,2019-7-4T21:00:00.000,options,put
248,1561387860000,170.0,172.9,170.0,172.9,120,,30200,weekly,2019-7-4T21:00:00.000,options,put
249,1561387920000,172.9,175.5,172.9,175.5,20,,30200,weekly,2019-7-4T21:00:00.000,options,put
250,1561387980000,173.15,175.5,172.35,174.05,380,,30200,weekly,2019-7-4T21:00:00.000,options,put
251,1561388040000,174.05,174.05,171.0,171.0,1100,,30200,weekly,2019-7-4T21:00:00.000,options,put
252,1561388100000,171.0,171.0,161.85,164.65,540,,30200,weekly,2019-7-4T21:00:00.000,options,put
253,1561388160000,164.65,168.75,164.65,167.3,80,,30200,weekly,2019-7-4T21:00:00.000,options,put
254,1561388220000,167.3,169.35,167.3,168.6,60,,30200,weekly,2019-7-4T21:00:00.000,options,put
255,1561388280000,168.6,171.75,168.6,171.75,120,,30200,weekly,2019-7-4T21:00:00.000,options,put
256,1561388400000,167.9,171.75,150.05,150.05,660,,30200,weekly,2019-7-4T21:00:00.000,options,put
257,1561388460000,150.8,156.15,147.6,156.15,660,,30200,weekly,2019-7-4T21:00:00.000,options,put
258,1561388520000,156.15,158.4,155.25,157.95,160,,30200,weekly,2019-7-4T21:00:00.000,options,put
259,1561388580000,157.95,165.65,157.95,165.65,60,,30200,weekly,2019-7-4T21:00:00.000,options,put
260,1561388640000,165.65,165.65,158.95,158.95,640,,30200,weekly,2019-7-4T21:00:00.000,options,put
261,1561388700000,158.95,158.95,158.35,158.7,40,,30200,weekly,2019-7-4T21:00:00.000,options,put
262,1561388760000,158.7,161.35,158.7,161.35,20,,30200,weekly,2019-7-4T21:00:00.000,options,put
263,1561388880000,161.35,163.6,161.35,163.6,20,,30200,weekly,2019-7-4T21:00:00.000,options,put
264,1561388940000,163.6,165.4,161.85,165.4,100,,30200,weekly,2019-7-4T21:00:00.000,options,put
265,1561389000000,165.4,165.6,165.3,165.3,1060,,30200,weekly,2019-7-4T21:00:00.000,options,put
266,1561389060000,165.3,165.3,163.55,163.55,20,,30200,weekly,2019-7-4T21:00:00.000,options,put
267,1561389120000,163.55,163.55,162.0,162.0,40,,30200,weekly,2019-7-4T21:00:00.000,options,put
268,1561389180000,162.0,164.0,162.0,164.0,20,,30200,weekly,2019-7-4T21:00:00.000,options,put
269,1561389240000,164.0,164.0,158.35,158.35,80,,30200,weekly,2019-7-4T21:00:00.000,options,put
270,1561389300000,158.35,158.35,157.0,157.05,360,,30200,weekly,2019-7-4T21:00:00.000,options,put
271,1561389360000,157.05,158.35,155.95,155.95,1140,,30200,weekly,2019-7-4T21:00:00.000,options,put
272,1561389420000,155.95,155.95,153.35,153.6,780,,30200,weekly,2019-7-4T21:00:00.000,options,put
273,1561389480000,153.6,153.6,151.4,152.05,100,,30200,weekly,2019-7-4T21:00:00.000,options,put
274,1561389540000,152.05,152.15,150.75,152.0,1180,,30200,weekly,2019-7-4T21:00:00.000,options,put
275,1561389600000,152.0,152.0,142.95,145.5,3740,,30200,weekly,2019-7-4T21:00:00.000,options,put
276,1561389660000,145.55,145.55,142.95,144.6,240,,30200,weekly,2019-7-4T21:00:00.000,options,put
277,1561389720000,143.45,144.6,142.15,142.65,1580,,30200,weekly,2019-7-4T21:00:00.000,options,put
278,1561389780000,142.65,144.2,142.35,143.3,260,,30200,weekly,2019-7-4T21:00:00.000,options,put
279,1561389840000,143.3,143.3,142.35,142.35,280,,30200,weekly,2019-7-4T21:00:00.000,options,put
280,1561389900000,142.35,142.35,139.85,139.85,380,,30200,weekly,2019-7-4T21:00:00.000,options,put
281,1561389960000,139.85,142.25,139.85,142.25,80,,30200,weekly,2019-7-4T21:00:00.000,options,put
282,1561390020000,141.95,142.45,141.75,142.45,640,,30200,weekly,2019-7-4T21:00:00.000,options,put
283,1561390080000,142.45,142.45,141.15,141.65,200,,30200,weekly,2019-7-4T21:00:00.000,options,put
284,1561390140000,141.65,141.65,140.35,140.35,60,,30200,weekly,2019-7-4T21:00:00.000,options,put
