,timestamp,open,high,low,close,volume,open_interest,strike,expiry_type,expiry,instrument,contract_type
0,1654227900000,658.3,702.45,655.25,697.25,3175,7550,36400,weekly,2022-6-9T21:00:00.000,options,put
1,1654227960000,686.15,711.45,682.0,687.95,2650,7550,36400,weekly,2022-6-9T21:00:00.000,options,put
2,1654228020000,684.0,713.25,684.0,713.25,2900,9075,36400,weekly,2022-6-9T21:00:00.000,options,put
3,1654228080000,711.8,713.75,704.2,704.2,1775,9075,36400,weekly,2022-6-9T21:00:00.000,options,put
4,1654228140000,699.0,717.1,698.3,714.8,2975,9075,36400,weekly,2022-6-9T21:00:00.000,options,put
5,1654228200000,714.8,732.7,711.15,730.65,3200,11675,36400,weekly,2022-6-9T21:00:00.000,options,put
6,1654228260000,729.85,737.2,723.1,726.6,1800,11675,36400,weekly,2022-6-9T21:00:00.000,options,put
7,1654228320000,726.6,753.5,722.35,749.45,1925,11675,36400,weekly,2022-6-9T21:00:00.000,options,put
8,1654228380000,749.45,770.9,749.45,757.0,1125,11250,36400,weekly,2022-6-9T21:00:00.000,options,put
9,1654228440000,756.05,757.4,732.25,748.15,850,11250,36400,weekly,2022-6-9T21:00:00.000,options,put
10,1654228500000,744.6,774.15,744.6,772.35,1250,11250,36400,weekly,2022-6-9T21:00:00.000,options,put
11,1654228560000,773.0,785.15,768.0,774.7,2350,12375,36400,weekly,2022-6-9T21:00:00.000,options,put
12,1654228620000,772.15,776.95,764.45,776.95,800,12375,36400,weekly,2022-6-9T21:00:00.000,options,put
13,1654228680000,775.25,776.9,756.4,756.75,800,12375,36400,weekly,2022-6-9T21:00:00.000,options,put
14,1654228740000,746.3,751.85,740.6,747.25,1400,12500,36400,weekly,2022-6-9T21:00:00.000,options,put
15,1654228800000,747.25,766.35,747.25,765.6,975,12500,36400,weekly,2022-6-9T21:00:00.000,options,put
16,1654228860000,764.8,769.4,742.0,742.0,875,12500,36400,weekly,2022-6-9T21:00:00.000,options,put
17,1654228920000,742.0,768.4,739.45,764.8,700,12975,36400,weekly,2022-6-9T21:00:00.000,options,put
18,1654228980000,759.05,778.4,758.5,778.4,1025,12975,36400,weekly,2022-6-9T21:00:00.000,options,put
19,1654229040000,778.15,785.35,771.65,775.4,1175,12975,36400,weekly,2022-6-9T21:00:00.000,options,put
20,1654229100000,770.0,778.7,769.55,777.75,450,13350,36400,weekly,2022-6-9T21:00:00.000,options,put
21,1654229160000,777.25,777.25,769.15,770.85,300,13350,36400,weekly,2022-6-9T21:00:00.000,options,put
22,1654229220000,763.3,766.2,754.7,766.2,125,13350,36400,weekly,2022-6-9T21:00:00.000,options,put
23,1654229280000,769.6,773.5,764.05,772.05,800,13500,36400,weekly,2022-6-9T21:00:00.000,options,put
24,1654229340000,777.75,790.95,777.75,779.2,3200,13500,36400,weekly,2022-6-9T21:00:00.000,options,put
25,1654229400000,780.05,784.25,771.1,771.1,1600,13500,36400,weekly,2022-6-9T21:00:00.000,options,put
26,1654229460000,778.6,786.05,770.45,770.45,1325,16900,36400,weekly,2022-6-9T21:00:00.000,options,put
27,1654229520000,765.05,777.05,765.05,777.0,325,16900,36400,weekly,2022-6-9T21:00:00.000,options,put
28,1654229580000,783.2,785.0,781.9,782.5,1800,16900,36400,weekly,2022-6-9T21:00:00.000,options,put
29,1654229640000,791.9,795.2,778.95,788.0,2200,15600,36400,weekly,2022-6-9T21:00:00.000,options,put
30,1654229700000,785.3,788.15,774.0,779.95,700,15600,36400,weekly,2022-6-9T21:00:00.000,options,put
31,1654229760000,772.8,772.8,767.15,767.35,250,15600,36400,weekly,2022-6-9T21:00:00.000,options,put
32,1654229820000,767.15,777.6,767.15,775.0,500,15875,36400,weekly,2022-6-9T21:00:00.000,options,put
33,1654229880000,781.0,785.8,781.0,785.8,225,15875,36400,weekly,2022-6-9T21:00:00.000,options,put
34,1654229940000,782.45,792.0,782.45,792.0,250,15875,36400,weekly,2022-6-9T21:00:00.000,options,put
35,1654230000000,787.2,790.0,784.35,790.0,325,16125,36400,weekly,2022-6-9T21:00:00.000,options,put
36,1654230060000,795.05,795.05,762.4,775.4,325,16125,36400,weekly,2022-6-9T21:00:00.000,options,put
37,1654230120000,774.6,774.6,770.4,771.65,500,16125,36400,weekly,2022-6-9T21:00:00.000,options,put
38,1654230180000,770.5,771.2,762.4,762.4,200,16350,36400,weekly,2022-6-9T21:00:00.000,options,put
39,1654230240000,762.4,765.5,758.85,759.05,425,16350,36400,weekly,2022-6-9T21:00:00.000,options,put
40,1654230300000,759.05,766.4,749.7,766.4,925,16350,36400,weekly,2022-6-9T21:00:00.000,options,put
41,1654230360000,766.0,775.0,766.0,775.0,175,16400,36400,weekly,2022-6-9T21:00:00.000,options,put
42,1654230420000,771.2,779.3,771.2,779.3,50,16400,36400,weekly,2022-6-9T21:00:00.000,options,put
43,1654230480000,780.65,780.65,772.35,773.15,125,16400,36400,weekly,2022-6-9T21:00:00.000,options,put
44,1654230540000,765.9,765.9,757.4,757.4,300,16450,36400,weekly,2022-6-9T21:00:00.000,options,put
45,1654230600000,750.5,765.25,745.0,756.45,625,16450,36400,weekly,2022-6-9T21:00:00.000,options,put
46,1654230660000,757.2,758.3,757.2,757.25,400,16450,36400,weekly,2022-6-9T21:00:00.000,options,put
47,1654230720000,763.55,773.9,762.65,773.9,225,16525,36400,weekly,2022-6-9T21:00:00.000,options,put
48,1654230780000,766.6,770.0,766.6,770.0,675,16525,36400,weekly,2022-6-9T21:00:00.000,options,put
49,1654230840000,779.75,779.75,777.5,777.5,100,16525,36400,weekly,2022-6-9T21:00:00.000,options,put
50,1654230900000,785.0,785.0,779.25,781.15,625,16550,36400,weekly,2022-6-9T21:00:00.000,options,put
51,1654230960000,784.8,784.8,783.3,783.3,275,16550,36400,weekly,2022-6-9T21:00:00.000,options,put
52,1654231020000,783.0,802.5,783.0,800.7,875,16550,36400,weekly,2022-6-9T21:00:00.000,options,put
53,1654231080000,798.75,804.15,792.75,804.15,300,16600,36400,weekly,2022-6-9T21:00:00.000,options,put
54,1654231140000,804.55,804.55,793.75,799.15,875,16600,36400,weekly,2022-6-9T21:00:00.000,options,put
55,1654231200000,797.05,809.9,797.05,799.0,475,16600,36400,weekly,2022-6-9T21:00:00.000,options,put
56,1654231260000,802.6,802.6,779.85,779.85,275,17575,36400,weekly,2022-6-9T21:00:00.000,options,put
57,1654231320000,779.85,795.5,779.85,791.55,550,17575,36400,weekly,2022-6-9T21:00:00.000,options,put
58,1654231380000,786.45,786.45,785.65,786.4,200,17575,36400,weekly,2022-6-9T21:00:00.000,options,put
59,1654231440000,789.65,796.35,789.65,794.75,125,17725,36400,weekly,2022-6-9T21:00:00.000,options,put
60,1654231500000,790.05,790.05,790.05,790.05,250,17725,36400,weekly,2022-6-9T21:00:00.000,options,put
61,1654231560000,796.85,796.85,796.85,796.85,50,17725,36400,weekly,2022-6-9T21:00:00.000,options,put
62,1654231620000,795.85,800.95,795.8,800.7,200,17925,36400,weekly,2022-6-9T21:00:00.000,options,put
63,1654231680000,800.85,800.85,785.95,790.05,500,17925,36400,weekly,2022-6-9T21:00:00.000,options,put
64,1654231740000,795.2,795.2,794.55,794.75,200,17925,36400,weekly,2022-6-9T21:00:00.000,options,put
65,1654231800000,799.0,801.85,792.4,794.2,650,17925,36400,weekly,2022-6-9T21:00:00.000,options,put
66,1654231860000,787.1,800.2,787.1,799.4,1125,17925,36400,weekly,2022-6-9T21:00:00.000,options,put
67,1654231920000,787.85,787.85,785.0,785.0,150,17925,36400,weekly,2022-6-9T21:00:00.000,options,put
68,1654231980000,788.0,788.0,780.0,781.0,300,18750,36400,weekly,2022-6-9T21:00:00.000,options,put
69,1654232040000,779.95,800.0,777.7,795.3,1200,18750,36400,weekly,2022-6-9T21:00:00.000,options,put
70,1654232100000,803.8,818.15,792.05,792.05,1925,18750,36400,weekly,2022-6-9T21:00:00.000,options,put
71,1654232160000,790.85,794.55,789.4,794.55,425,18100,36400,weekly,2022-6-9T21:00:00.000,options,put
72,1654232220000,802.75,803.4,802.15,802.15,350,18100,36400,weekly,2022-6-9T21:00:00.000,options,put
73,1654232280000,810.0,811.55,805.05,806.95,200,18100,36400,weekly,2022-6-9T21:00:00.000,options,put
74,1654232340000,806.95,807.85,798.3,807.85,250,18075,36400,weekly,2022-6-9T21:00:00.000,options,put
75,1654232400000,808.15,808.35,800.0,800.0,375,18075,36400,weekly,2022-6-9T21:00:00.000,options,put
76,1654232460000,804.8,804.8,803.5,803.5,200,18075,36400,weekly,2022-6-9T21:00:00.000,options,put
77,1654232520000,808.0,811.8,808.0,811.8,175,17950,36400,weekly,2022-6-9T21:00:00.000,options,put
78,1654232580000,811.8,819.4,802.95,805.6,325,17950,36400,weekly,2022-6-9T21:00:00.000,options,put
79,1654232640000,805.6,805.75,802.7,802.7,450,17950,36400,weekly,2022-6-9T21:00:00.000,options,put
80,1654232700000,802.95,802.95,792.85,792.85,275,18100,36400,weekly,2022-6-9T21:00:00.000,options,put
81,1654232760000,793.85,793.85,785.8,786.45,550,18100,36400,weekly,2022-6-9T21:00:00.000,options,put
82,1654232820000,796.0,799.85,792.9,799.85,675,18100,36400,weekly,2022-6-9T21:00:00.000,options,put
83,1654232880000,807.7,816.9,807.7,811.75,375,17875,36400,weekly,2022-6-9T21:00:00.000,options,put
84,1654232940000,811.75,830.0,811.65,830.0,525,17875,36400,weekly,2022-6-9T21:00:00.000,options,put
85,1654233000000,825.0,825.0,809.8,809.8,800,17875,36400,weekly,2022-6-9T21:00:00.000,options,put
86,1654233060000,811.8,835.0,811.8,835.0,725,17700,36400,weekly,2022-6-9T21:00:00.000,options,put
87,1654233120000,835.0,843.1,833.0,839.35,2250,17700,36400,weekly,2022-6-9T21:00:00.000,options,put
88,1654233180000,839.6,842.75,825.45,833.85,450,17700,36400,weekly,2022-6-9T21:00:00.000,options,put
89,1654233240000,840.75,852.6,839.15,850.0,450,17925,36400,weekly,2022-6-9T21:00:00.000,options,put
90,1654233300000,850.0,850.55,832.05,835.6,225,17925,36400,weekly,2022-6-9T21:00:00.000,options,put
91,1654233360000,835.6,835.6,825.55,835.25,600,17925,36400,weekly,2022-6-9T21:00:00.000,options,put
92,1654233420000,843.85,854.0,840.1,850.6,500,18150,36400,weekly,2022-6-9T21:00:00.000,options,put
93,1654233480000,850.6,850.6,839.9,839.9,425,18150,36400,weekly,2022-6-9T21:00:00.000,options,put
94,1654233540000,835.95,836.0,831.5,836.0,375,18150,36400,weekly,2022-6-9T21:00:00.000,options,put
95,1654233600000,836.0,836.0,828.45,830.0,575,18075,36400,weekly,2022-6-9T21:00:00.000,options,put
96,1654233660000,833.35,838.15,821.05,833.5,1225,18075,36400,weekly,2022-6-9T21:00:00.000,options,put
97,1654233720000,831.9,835.4,821.15,828.3,650,18075,36400,weekly,2022-6-9T21:00:00.000,options,put
98,1654233780000,828.75,837.1,828.4,837.1,1125,18475,36400,weekly,2022-6-9T21:00:00.000,options,put
99,1654233840000,832.05,836.2,829.95,833.0,525,18475,36400,weekly,2022-6-9T21:00:00.000,options,put
100,1654233900000,832.3,833.8,830.8,833.8,325,18475,36400,weekly,2022-6-9T21:00:00.000,options,put
101,1654233960000,836.45,836.75,832.75,836.75,200,18650,36400,weekly,2022-6-9T21:00:00.000,options,put
102,1654234020000,822.8,829.85,812.1,817.15,1050,18650,36400,weekly,2022-6-9T21:00:00.000,options,put
103,1654234080000,811.75,818.0,811.75,818.0,75,18650,36400,weekly,2022-6-9T21:00:00.000,options,put
104,1654234140000,805.05,805.05,799.75,805.0,175,19550,36400,weekly,2022-6-9T21:00:00.000,options,put
105,1654234200000,801.65,807.45,798.45,803.2,525,19550,36400,weekly,2022-6-9T21:00:00.000,options,put
106,1654234260000,806.05,819.75,806.05,819.75,550,19550,36400,weekly,2022-6-9T21:00:00.000,options,put
107,1654234320000,817.95,819.2,816.7,819.2,225,19300,36400,weekly,2022-6-9T21:00:00.000,options,put
108,1654234380000,822.0,826.95,820.0,822.0,175,19300,36400,weekly,2022-6-9T21:00:00.000,options,put
109,1654234440000,822.45,825.75,822.45,825.75,175,19300,36400,weekly,2022-6-9T21:00:00.000,options,put
110,1654234500000,826.15,826.15,826.15,826.15,25,19300,36400,weekly,2022-6-9T21:00:00.000,options,put
111,1654234560000,829.55,833.0,821.4,821.4,300,19525,36400,weekly,2022-6-9T21:00:00.000,options,put
112,1654234620000,813.7,817.65,813.7,817.65,75,19525,36400,weekly,2022-6-9T21:00:00.000,options,put
113,1654234680000,815.5,815.5,815.0,815.0,300,19525,36400,weekly,2022-6-9T21:00:00.000,options,put
114,1654234740000,811.5,819.2,811.5,819.2,175,19900,36400,weekly,2022-6-9T21:00:00.000,options,put
115,1654234800000,819.1,821.3,819.1,821.3,150,19900,36400,weekly,2022-6-9T21:00:00.000,options,put
116,1654234860000,817.95,817.95,817.95,817.95,25,19650,36400,weekly,2022-6-9T21:00:00.000,options,put
117,1654234920000,810.55,810.55,810.55,810.55,200,19650,36400,weekly,2022-6-9T21:00:00.000,options,put
118,1654234980000,817.3,824.2,817.3,824.2,350,19650,36400,weekly,2022-6-9T21:00:00.000,options,put
119,1654235040000,822.95,824.45,822.95,824.45,50,19575,36400,weekly,2022-6-9T21:00:00.000,options,put
120,1654235100000,827.85,829.05,819.85,819.85,350,19575,36400,weekly,2022-6-9T21:00:00.000,options,put
121,1654235160000,826.85,826.85,824.05,824.05,275,19575,36400,weekly,2022-6-9T21:00:00.000,options,put
122,1654235220000,827.05,831.45,827.05,829.65,250,19775,36400,weekly,2022-6-9T21:00:00.000,options,put
123,1654235280000,837.6,837.6,827.25,827.25,225,19775,36400,weekly,2022-6-9T21:00:00.000,options,put
124,1654235340000,829.4,835.6,829.4,835.6,225,19775,36400,weekly,2022-6-9T21:00:00.000,options,put
125,1654235400000,834.75,834.75,819.35,825.0,550,19925,36400,weekly,2022-6-9T21:00:00.000,options,put
126,1654235460000,829.2,838.05,829.05,838.05,200,19925,36400,weekly,2022-6-9T21:00:00.000,options,put
127,1654235520000,835.0,835.0,828.1,829.05,125,19925,36400,weekly,2022-6-9T21:00:00.000,options,put
128,1654235580000,824.85,824.85,824.05,824.8,125,19900,36400,weekly,2022-6-9T21:00:00.000,options,put
129,1654235640000,824.9,824.9,824.9,824.9,25,19900,36400,weekly,2022-6-9T21:00:00.000,options,put
130,1654235700000,826.3,826.3,816.7,820.85,400,19900,36400,weekly,2022-6-9T21:00:00.000,options,put
131,1654235760000,820.25,823.5,820.25,823.5,150,19900,36400,weekly,2022-6-9T21:00:00.000,options,put
132,1654235820000,816.05,822.35,815.85,819.6,175,19450,36400,weekly,2022-6-9T21:00:00.000,options,put
133,1654235880000,815.95,818.95,815.95,818.95,175,19450,36400,weekly,2022-6-9T21:00:00.000,options,put
134,1654235940000,815.15,815.15,813.25,813.25,225,19525,36400,weekly,2022-6-9T21:00:00.000,options,put
135,1654236000000,804.15,811.2,804.15,810.0,75,19525,36400,weekly,2022-6-9T21:00:00.000,options,put
136,1654236060000,810.35,813.6,810.35,813.6,50,19525,36400,weekly,2022-6-9T21:00:00.000,options,put
137,1654236120000,817.7,819.95,817.05,819.95,125,19525,36400,weekly,2022-6-9T21:00:00.000,options,put
138,1654236180000,809.75,809.75,809.75,809.75,25,19525,36400,weekly,2022-6-9T21:00:00.000,options,put
139,1654236240000,809.85,809.85,804.95,804.95,175,19525,36400,weekly,2022-6-9T21:00:00.000,options,put
140,1654236300000,814.55,817.45,814.55,817.45,100,19575,36400,weekly,2022-6-9T21:00:00.000,options,put
141,1654236360000,816.6,821.55,816.6,819.4,100,19575,36400,weekly,2022-6-9T21:00:00.000,options,put
142,1654236420000,809.6,809.6,798.0,804.85,550,19575,36400,weekly,2022-6-9T21:00:00.000,options,put
143,1654236480000,804.85,805.25,793.25,802.95,900,19375,36400,weekly,2022-6-9T21:00:00.000,options,put
144,1654236540000,806.05,830.25,805.15,830.25,625,19375,36400,weekly,2022-6-9T21:00:00.000,options,put
145,1654236600000,829.0,840.15,821.5,822.35,550,19375,36400,weekly,2022-6-9T21:00:00.000,options,put
146,1654236660000,820.1,820.1,810.0,810.0,300,19000,36400,weekly,2022-6-9T21:00:00.000,options,put
147,1654236720000,804.2,819.15,797.6,797.6,1075,19000,36400,weekly,2022-6-9T21:00:00.000,options,put
148,1654236780000,797.6,805.1,793.85,802.0,1025,19000,36400,weekly,2022-6-9T21:00:00.000,options,put
149,1654236840000,802.0,802.6,797.25,801.8,500,18850,36400,weekly,2022-6-9T21:00:00.000,options,put
150,1654236900000,801.1,809.7,800.7,809.7,650,18850,36400,weekly,2022-6-9T21:00:00.000,options,put
151,1654236960000,808.3,812.8,806.2,806.2,225,18850,36400,weekly,2022-6-9T21:00:00.000,options,put
152,1654237020000,806.2,808.2,803.1,805.95,425,18775,36400,weekly,2022-6-9T21:00:00.000,options,put
153,1654237080000,807.15,816.5,796.45,816.5,875,18775,36400,weekly,2022-6-9T21:00:00.000,options,put
154,1654237140000,815.0,818.4,807.9,807.9,350,18775,36400,weekly,2022-6-9T21:00:00.000,options,put
155,1654237200000,798.45,808.4,798.45,808.4,625,18500,36400,weekly,2022-6-9T21:00:00.000,options,put
156,1654237260000,810.0,812.85,807.6,807.6,175,18500,36400,weekly,2022-6-9T21:00:00.000,options,put
157,1654237320000,807.6,811.2,798.7,811.2,475,18500,36400,weekly,2022-6-9T21:00:00.000,options,put
158,1654237380000,811.2,811.2,804.95,808.3,750,18500,36400,weekly,2022-6-9T21:00:00.000,options,put
159,1654237440000,815.55,815.95,810.5,810.5,275,18625,36400,weekly,2022-6-9T21:00:00.000,options,put
160,1654237500000,807.75,814.85,805.0,812.2,675,18625,36400,weekly,2022-6-9T21:00:00.000,options,put
161,1654237560000,810.9,822.65,807.15,822.65,450,18975,36400,weekly,2022-6-9T21:00:00.000,options,put
162,1654237620000,825.1,825.1,816.9,821.1,250,18975,36400,weekly,2022-6-9T21:00:00.000,options,put
163,1654237680000,824.35,826.95,816.55,819.7,450,18975,36400,weekly,2022-6-9T21:00:00.000,options,put
164,1654237740000,817.0,821.65,817.0,821.65,50,19100,36400,weekly,2022-6-9T21:00:00.000,options,put
165,1654237800000,821.15,825.4,821.05,822.0,225,19100,36400,weekly,2022-6-9T21:00:00.000,options,put
166,1654237860000,823.85,823.85,817.05,817.05,125,19100,36400,weekly,2022-6-9T21:00:00.000,options,put
167,1654237920000,818.85,818.95,814.6,815.5,250,19150,36400,weekly,2022-6-9T21:00:00.000,options,put
168,1654237980000,813.25,820.95,810.5,819.7,475,19150,36400,weekly,2022-6-9T21:00:00.000,options,put
169,1654238040000,821.75,823.95,821.5,821.5,150,19150,36400,weekly,2022-6-9T21:00:00.000,options,put
170,1654238100000,824.35,828.0,821.95,821.95,875,19150,36400,weekly,2022-6-9T21:00:00.000,options,put
171,1654238160000,824.25,824.25,813.55,813.55,175,18825,36400,weekly,2022-6-9T21:00:00.000,options,put
172,1654238220000,813.35,816.2,813.35,814.6,100,18825,36400,weekly,2022-6-9T21:00:00.000,options,put
173,1654238280000,813.3,817.65,813.0,816.45,175,18800,36400,weekly,2022-6-9T21:00:00.000,options,put
174,1654238340000,820.0,821.6,819.95,821.25,225,18800,36400,weekly,2022-6-9T21:00:00.000,options,put
175,1654238400000,823.15,823.15,821.9,821.9,100,18800,36400,weekly,2022-6-9T21:00:00.000,options,put
176,1654238460000,815.7,827.55,815.7,825.55,900,18825,36400,weekly,2022-6-9T21:00:00.000,options,put
177,1654238520000,825.55,825.55,818.05,824.45,300,18825,36400,weekly,2022-6-9T21:00:00.000,options,put
178,1654238580000,824.45,824.45,812.55,817.2,950,18825,36400,weekly,2022-6-9T21:00:00.000,options,put
179,1654238700000,819.4,819.4,811.7,811.7,175,18875,36400,weekly,2022-6-9T21:00:00.000,options,put
180,1654238760000,820.0,828.0,819.6,826.1,700,18875,36400,weekly,2022-6-9T21:00:00.000,options,put
181,1654238820000,828.1,830.95,827.4,827.4,250,18875,36400,weekly,2022-6-9T21:00:00.000,options,put
182,1654238880000,827.8,827.8,827.8,827.8,25,18350,36400,weekly,2022-6-9T21:00:00.000,options,put
183,1654238940000,823.3,831.6,823.3,831.6,150,18350,36400,weekly,2022-6-9T21:00:00.000,options,put
184,1654239000000,833.35,837.85,833.35,837.7,150,18250,36400,weekly,2022-6-9T21:00:00.000,options,put
185,1654239060000,833.45,833.85,822.85,828.5,400,18250,36400,weekly,2022-6-9T21:00:00.000,options,put
186,1654239120000,828.5,831.85,824.65,831.85,125,18250,36400,weekly,2022-6-9T21:00:00.000,options,put
187,1654239180000,832.45,846.8,831.45,844.2,1175,18325,36400,weekly,2022-6-9T21:00:00.000,options,put
188,1654239240000,844.2,920.0,844.2,897.3,3825,18325,36400,weekly,2022-6-9T21:00:00.000,options,put
189,1654239300000,900.45,916.0,875.55,884.6,2250,18325,36400,weekly,2022-6-9T21:00:00.000,options,put
190,1654239360000,887.2,900.0,887.2,896.5,825,18325,36400,weekly,2022-6-9T21:00:00.000,options,put
191,1654239420000,901.9,901.9,888.05,892.55,175,16675,36400,weekly,2022-6-9T21:00:00.000,options,put
192,1654239480000,892.55,912.9,891.75,912.35,3400,16675,36400,weekly,2022-6-9T21:00:00.000,options,put
193,1654239540000,912.0,912.65,897.95,897.95,1025,16675,36400,weekly,2022-6-9T21:00:00.000,options,put
194,1654239600000,910.0,941.5,910.0,926.6,1050,17250,36400,weekly,2022-6-9T21:00:00.000,options,put
195,1654239660000,936.0,947.85,936.0,947.85,750,17250,36400,weekly,2022-6-9T21:00:00.000,options,put
196,1654239720000,939.9,952.65,939.9,952.65,450,17250,36400,weekly,2022-6-9T21:00:00.000,options,put
197,1654239780000,953.0,958.0,942.9,942.9,225,17000,36400,weekly,2022-6-9T21:00:00.000,options,put
198,1654239840000,942.05,954.2,942.05,954.2,250,17000,36400,weekly,2022-6-9T21:00:00.000,options,put
199,1654239900000,954.2,960.85,950.0,950.0,775,16950,36400,weekly,2022-6-9T21:00:00.000,options,put
200,1654239960000,958.25,958.25,940.5,947.75,625,16950,36400,weekly,2022-6-9T21:00:00.000,options,put
201,1654240020000,943.15,943.15,929.0,932.9,525,16950,36400,weekly,2022-6-9T21:00:00.000,options,put
202,1654240080000,938.75,947.4,934.05,934.3,400,17100,36400,weekly,2022-6-9T21:00:00.000,options,put
203,1654240140000,936.5,936.5,914.05,914.05,750,17100,36400,weekly,2022-6-9T21:00:00.000,options,put
204,1654240200000,916.6,916.6,903.05,910.5,400,17100,36400,weekly,2022-6-9T21:00:00.000,options,put
205,1654240260000,910.6,910.6,907.5,907.5,200,17100,36400,weekly,2022-6-9T21:00:00.000,options,put
206,1654240320000,902.6,902.6,894.6,894.6,375,16425,36400,weekly,2022-6-9T21:00:00.000,options,put
207,1654240380000,894.6,894.6,871.7,880.9,1300,16425,36400,weekly,2022-6-9T21:00:00.000,options,put
208,1654240440000,880.9,880.9,864.35,864.35,200,16925,36400,weekly,2022-6-9T21:00:00.000,options,put
209,1654240500000,860.0,874.85,852.3,873.95,2150,16925,36400,weekly,2022-6-9T21:00:00.000,options,put
210,1654240560000,864.4,886.6,864.4,875.0,400,16925,36400,weekly,2022-6-9T21:00:00.000,options,put
211,1654240620000,875.0,883.2,868.65,883.2,525,16925,36400,weekly,2022-6-9T21:00:00.000,options,put
212,1654240680000,878.0,894.9,878.0,894.9,175,17450,36400,weekly,2022-6-9T21:00:00.000,options,put
213,1654240740000,891.0,906.1,891.0,904.75,375,17450,36400,weekly,2022-6-9T21:00:00.000,options,put
214,1654240800000,904.75,904.75,900.0,900.0,75,17450,36400,weekly,2022-6-9T21:00:00.000,options,put
215,1654240860000,900.0,906.5,896.2,906.5,300,17550,36400,weekly,2022-6-9T21:00:00.000,options,put
216,1654240920000,906.5,918.8,906.5,915.65,475,17550,36400,weekly,2022-6-9T21:00:00.000,options,put
217,1654240980000,911.6,920.6,911.25,920.6,375,17550,36400,weekly,2022-6-9T21:00:00.000,options,put
218,1654241040000,915.5,942.95,915.5,942.55,925,17450,36400,weekly,2022-6-9T21:00:00.000,options,put
219,1654241100000,941.2,963.9,932.4,962.35,1725,17450,36400,weekly,2022-6-9T21:00:00.000,options,put
220,1654241160000,960.0,964.75,954.35,958.0,1175,17450,36400,weekly,2022-6-9T21:00:00.000,options,put
221,1654241220000,954.1,954.1,934.7,934.8,1600,17475,36400,weekly,2022-6-9T21:00:00.000,options,put
222,1654241280000,934.8,935.3,926.95,930.95,1675,17475,36400,weekly,2022-6-9T21:00:00.000,options,put
223,1654241340000,934.7,944.4,934.7,944.4,275,17475,36400,weekly,2022-6-9T21:00:00.000,options,put
224,1654241400000,949.4,969.3,947.25,950.5,550,17425,36400,weekly,2022-6-9T21:00:00.000,options,put
225,1654241460000,932.0,932.0,915.15,930.55,1175,17425,36400,weekly,2022-6-9T21:00:00.000,options,put
226,1654241520000,928.25,928.25,921.8,925.55,750,17425,36400,weekly,2022-6-9T21:00:00.000,options,put
227,1654241580000,920.05,923.75,920.05,923.75,100,17450,36400,weekly,2022-6-9T21:00:00.000,options,put
228,1654241640000,929.0,929.0,921.65,927.6,125,17450,36400,weekly,2022-6-9T21:00:00.000,options,put
229,1654241700000,938.0,939.95,930.0,930.0,250,17450,36400,weekly,2022-6-9T21:00:00.000,options,put
230,1654241760000,943.0,943.0,943.0,943.0,850,17475,36400,weekly,2022-6-9T21:00:00.000,options,put
231,1654241820000,930.0,931.5,921.25,921.55,1450,17475,36400,weekly,2022-6-9T21:00:00.000,options,put
232,1654241880000,928.0,928.0,928.0,928.0,175,17475,36400,weekly,2022-6-9T21:00:00.000,options,put
233,1654241940000,930.95,933.15,930.95,933.15,100,17375,36400,weekly,2022-6-9T21:00:00.000,options,put
234,1654242000000,925.0,925.0,920.0,920.0,250,17375,36400,weekly,2022-6-9T21:00:00.000,options,put
235,1654242060000,918.0,919.5,916.0,919.5,300,17375,36400,weekly,2022-6-9T21:00:00.000,options,put
236,1654242120000,928.0,936.0,928.0,936.0,100,17375,36400,weekly,2022-6-9T21:00:00.000,options,put
237,1654242180000,943.35,943.35,932.75,932.75,75,17375,36400,weekly,2022-6-9T21:00:00.000,options,put
238,1654242240000,930.85,930.85,926.75,927.0,75,17375,36400,weekly,2022-6-9T21:00:00.000,options,put
239,1654242300000,934.7,936.45,934.2,936.45,75,17500,36400,weekly,2022-6-9T21:00:00.000,options,put
240,1654242360000,932.15,932.15,925.0,925.0,75,17500,36400,weekly,2022-6-9T21:00:00.000,options,put
241,1654242420000,933.95,933.95,933.7,933.7,50,17500,36400,weekly,2022-6-9T21:00:00.000,options,put
242,1654242480000,941.3,945.0,925.3,925.3,200,17550,36400,weekly,2022-6-9T21:00:00.000,options,put
243,1654242540000,932.5,932.5,932.5,932.5,75,17550,36400,weekly,2022-6-9T21:00:00.000,options,put
244,1654242600000,938.35,938.35,938.35,938.35,25,17550,36400,weekly,2022-6-9T21:00:00.000,options,put
245,1654242660000,952.55,952.55,941.15,941.15,50,17400,36400,weekly,2022-6-9T21:00:00.000,options,put
246,1654242720000,907.75,930.25,902.7,930.25,400,17400,36400,weekly,2022-6-9T21:00:00.000,options,put
247,1654242780000,937.75,941.15,937.75,941.15,75,17400,36400,weekly,2022-6-9T21:00:00.000,options,put
248,1654242900000,953.75,1004.85,953.75,968.6,1400,17225,36400,weekly,2022-6-9T21:00:00.000,options,put
249,1654242960000,968.6,970.45,938.0,942.8,400,17225,36400,weekly,2022-6-9T21:00:00.000,options,put
250,1654243020000,947.2,947.2,947.2,947.2,225,17225,36400,weekly,2022-6-9T21:00:00.000,options,put
251,1654243080000,967.0,967.0,967.0,967.0,25,17025,36400,weekly,2022-6-9T21:00:00.000,options,put
252,1654243140000,973.4,985.0,972.6,983.2,325,17025,36400,weekly,2022-6-9T21:00:00.000,options,put
253,1654243200000,992.1,995.7,984.05,984.1,425,16900,36400,weekly,2022-6-9T21:00:00.000,options,put
254,1654243260000,983.6,983.6,979.0,980.0,75,16900,36400,weekly,2022-6-9T21:00:00.000,options,put
255,1654243320000,1000.0,1007.05,992.35,992.35,825,16900,36400,weekly,2022-6-9T21:00:00.000,options,put
256,1654243380000,985.0,990.0,979.1,990.0,675,16650,36400,weekly,2022-6-9T21:00:00.000,options,put
257,1654243440000,985.45,990.0,984.35,984.35,150,16650,36400,weekly,2022-6-9T21:00:00.000,options,put
258,1654243500000,977.0,977.0,977.0,977.0,50,16650,36400,weekly,2022-6-9T21:00:00.000,options,put
259,1654243680000,995.1,995.1,979.4,979.4,175,16650,36400,weekly,2022-6-9T21:00:00.000,options,put
260,1654243740000,987.05,992.15,980.25,992.15,1200,16725,36400,weekly,2022-6-9T21:00:00.000,options,put
261,1654243800000,990.75,990.75,977.0,977.0,825,16725,36400,weekly,2022-6-9T21:00:00.000,options,put
262,1654243860000,981.05,981.05,967.65,972.05,500,16725,36400,weekly,2022-6-9T21:00:00.000,options,put
263,1654243920000,971.0,982.75,971.0,982.75,300,16425,36400,weekly,2022-6-9T21:00:00.000,options,put
264,1654243980000,990.0,990.0,970.0,970.0,550,16425,36400,weekly,2022-6-9T21:00:00.000,options,put
265,1654244040000,986.15,986.15,986.15,986.15,25,16425,36400,weekly,2022-6-9T21:00:00.000,options,put
266,1654244100000,998.95,1015.35,959.5,959.5,1325,16100,36400,weekly,2022-6-9T21:00:00.000,options,put
267,1654244160000,947.55,966.65,947.55,966.65,250,16100,36400,weekly,2022-6-9T21:00:00.000,options,put
268,1654244220000,980.0,989.4,980.0,989.4,75,16100,36400,weekly,2022-6-9T21:00:00.000,options,put
269,1654244280000,996.05,1000.0,989.45,989.45,1150,15900,36400,weekly,2022-6-9T21:00:00.000,options,put
270,1654244340000,983.65,983.65,983.65,983.65,100,15900,36400,weekly,2022-6-9T21:00:00.000,options,put
271,1654244460000,980.7,980.7,974.5,979.5,175,16700,36400,weekly,2022-6-9T21:00:00.000,options,put
272,1654244580000,973.7,973.7,960.0,960.0,150,16700,36400,weekly,2022-6-9T21:00:00.000,options,put
273,1654244640000,962.8,963.05,961.7,961.7,200,16775,36400,weekly,2022-6-9T21:00:00.000,options,put
274,1654244700000,968.4,968.4,968.4,968.4,100,16775,36400,weekly,2022-6-9T21:00:00.000,options,put
275,1654244760000,962.4,968.45,962.4,968.45,325,16775,36400,weekly,2022-6-9T21:00:00.000,options,put
276,1654244820000,974.0,974.0,974.0,974.0,25,16825,36400,weekly,2022-6-9T21:00:00.000,options,put
277,1654244880000,975.2,975.95,972.9,972.9,475,16825,36400,weekly,2022-6-9T21:00:00.000,options,put
278,1654244940000,966.45,966.45,966.45,966.45,25,16825,36400,weekly,2022-6-9T21:00:00.000,options,put
279,1654245000000,966.55,966.55,964.35,964.35,50,16725,36400,weekly,2022-6-9T21:00:00.000,options,put
280,1654245060000,982.5,987.6,982.5,985.0,100,16725,36400,weekly,2022-6-9T21:00:00.000,options,put
281,1654245120000,980.2,984.15,974.9,984.15,125,16725,36400,weekly,2022-6-9T21:00:00.000,options,put
282,1654245240000,979.4,981.4,979.4,981.4,150,16825,36400,weekly,2022-6-9T21:00:00.000,options,put
283,1654245300000,976.65,976.65,954.7,954.75,200,16825,36400,weekly,2022-6-9T21:00:00.000,options,put
284,1654245360000,959.3,966.85,959.3,963.8,125,16600,36400,weekly,2022-6-9T21:00:00.000,options,put
285,1654245420000,951.5,951.5,923.2,939.05,600,16600,36400,weekly,2022-6-9T21:00:00.000,options,put
286,1654245480000,936.45,944.95,927.7,944.95,675,16600,36400,weekly,2022-6-9T21:00:00.000,options,put
287,1654245540000,943.7,950.6,943.7,950.6,125,16525,36400,weekly,2022-6-9T21:00:00.000,options,put
288,1654245600000,959.0,959.0,950.6,955.85,100,16525,36400,weekly,2022-6-9T21:00:00.000,options,put
289,1654245660000,959.5,960.2,959.5,960.2,75,16525,36400,weekly,2022-6-9T21:00:00.000,options,put
290,1654245720000,965.65,965.65,946.4,946.4,75,16550,36400,weekly,2022-6-9T21:00:00.000,options,put
291,1654245780000,948.4,948.7,947.05,947.05,150,16550,36400,weekly,2022-6-9T21:00:00.000,options,put
292,1654245840000,957.9,959.0,945.85,945.85,950,16550,36400,weekly,2022-6-9T21:00:00.000,options,put
293,1654245900000,936.6,947.1,933.65,943.35,325,16475,36400,weekly,2022-6-9T21:00:00.000,options,put
294,1654245960000,943.35,943.35,928.85,934.65,300,16475,36400,weekly,2022-6-9T21:00:00.000,options,put
295,1654246020000,938.25,948.75,938.25,948.55,450,16475,36400,weekly,2022-6-9T21:00:00.000,options,put
296,1654246080000,952.0,957.75,949.5,950.8,1300,16775,36400,weekly,2022-6-9T21:00:00.000,options,put
297,1654246140000,955.4,970.0,955.4,970.0,200,16775,36400,weekly,2022-6-9T21:00:00.000,options,put
298,1654246200000,978.3,1020.45,978.3,1016.1,2525,16775,36400,weekly,2022-6-9T21:00:00.000,options,put
299,1654246260000,1033.1,1051.85,1017.8,1051.8,2475,17300,36400,weekly,2022-6-9T21:00:00.000,options,put
300,1654246320000,1063.2,1083.15,1055.4,1083.15,1900,17300,36400,weekly,2022-6-9T21:00:00.000,options,put
301,1654246380000,1083.15,1092.95,1060.5,1066.0,3600,17300,36400,weekly,2022-6-9T21:00:00.000,options,put
302,1654246440000,1066.0,1088.8,1063.35,1088.8,350,14575,36400,weekly,2022-6-9T21:00:00.000,options,put
303,1654246500000,1088.8,1088.8,1065.0,1071.05,250,14575,36400,weekly,2022-6-9T21:00:00.000,options,put
304,1654246560000,1078.0,1078.0,1062.35,1069.9,1600,14575,36400,weekly,2022-6-9T21:00:00.000,options,put
305,1654246620000,1069.9,1092.0,1069.9,1091.3,2000,14600,36400,weekly,2022-6-9T21:00:00.000,options,put
306,1654246680000,1091.3,1115.15,1091.3,1106.9,2075,14600,36400,weekly,2022-6-9T21:00:00.000,options,put
307,1654246740000,1106.9,1114.45,1081.4,1081.4,550,14600,36400,weekly,2022-6-9T21:00:00.000,options,put
308,1654246800000,1087.9,1087.9,1087.9,1087.9,25,14600,36400,weekly,2022-6-9T21:00:00.000,options,put
309,1654246860000,1078.05,1113.2,1078.05,1110.8,2400,14250,36400,weekly,2022-6-9T21:00:00.000,options,put
310,1654246920000,1110.5,1130.0,1110.5,1125.7,1100,14250,36400,weekly,2022-6-9T21:00:00.000,options,put
311,1654246980000,1114.5,1133.4,1114.05,1119.0,500,13700,36400,weekly,2022-6-9T21:00:00.000,options,put
312,1654247040000,1108.85,1109.2,1104.1,1109.2,1525,13700,36400,weekly,2022-6-9T21:00:00.000,options,put
313,1654247100000,1101.45,1101.45,1092.2,1094.35,150,13700,36400,weekly,2022-6-9T21:00:00.000,options,put
314,1654247160000,1107.25,1107.25,1090.0,1099.45,1300,13250,36400,weekly,2022-6-9T21:00:00.000,options,put
315,1654247220000,1099.45,1099.45,1087.7,1087.7,225,13250,36400,weekly,2022-6-9T21:00:00.000,options,put
316,1654247280000,1076.15,1083.55,1075.1,1078.35,200,13250,36400,weekly,2022-6-9T21:00:00.000,options,put
317,1654247340000,1059.6,1062.4,1059.6,1062.4,2975,13400,36400,weekly,2022-6-9T21:00:00.000,options,put
318,1654247400000,1059.45,1065.8,1046.7,1050.25,1225,13400,36400,weekly,2022-6-9T21:00:00.000,options,put
319,1654247460000,1058.0,1088.25,1058.0,1088.25,1250,13400,36400,weekly,2022-6-9T21:00:00.000,options,put
320,1654247520000,1088.25,1088.25,1081.55,1081.55,600,12650,36400,weekly,2022-6-9T21:00:00.000,options,put
321,1654247640000,1080.75,1080.75,1080.75,1080.75,275,12650,36400,weekly,2022-6-9T21:00:00.000,options,put
322,1654247700000,1129.0,1135.15,1129.0,1135.15,125,12700,36400,weekly,2022-6-9T21:00:00.000,options,put
323,1654247760000,1151.4,1163.35,1151.4,1155.0,425,12700,36400,weekly,2022-6-9T21:00:00.000,options,put
324,1654247820000,1156.55,1177.0,1149.8,1177.0,350,12700,36400,weekly,2022-6-9T21:00:00.000,options,put
325,1654247880000,1192.1,1192.1,1169.7,1169.7,1100,12150,36400,weekly,2022-6-9T21:00:00.000,options,put
326,1654247940000,1173.65,1187.5,1170.95,1187.5,1275,12150,36400,weekly,2022-6-9T21:00:00.000,options,put
327,1654248000000,1204.55,1204.55,1178.05,1178.05,950,12150,36400,weekly,2022-6-9T21:00:00.000,options,put
328,1654248060000,1182.3,1189.15,1182.3,1183.75,200,11225,36400,weekly,2022-6-9T21:00:00.000,options,put
329,1654248120000,1171.65,1171.65,1171.65,1171.65,500,11225,36400,weekly,2022-6-9T21:00:00.000,options,put
330,1654248180000,1170.95,1172.35,1163.5,1169.85,275,11225,36400,weekly,2022-6-9T21:00:00.000,options,put
331,1654248240000,1180.0,1180.0,1180.0,1180.0,775,11400,36400,weekly,2022-6-9T21:00:00.000,options,put
332,1654248300000,1170.0,1170.0,1170.0,1170.0,25,11400,36400,weekly,2022-6-9T21:00:00.000,options,put
333,1654248360000,1190.0,1190.0,1190.0,1190.0,550,11400,36400,weekly,2022-6-9T21:00:00.000,options,put
334,1654248420000,1184.2,1184.2,1177.85,1177.85,50,11125,36400,weekly,2022-6-9T21:00:00.000,options,put
335,1654248480000,1208.0,1222.0,1208.0,1220.0,300,11125,36400,weekly,2022-6-9T21:00:00.000,options,put
336,1654248540000,1220.1,1220.1,1216.5,1216.5,1075,11125,36400,weekly,2022-6-9T21:00:00.000,options,put
337,1654248600000,1192.9,1236.95,1192.9,1236.95,275,11725,36400,weekly,2022-6-9T21:00:00.000,options,put
338,1654248660000,1203.95,1203.95,1201.95,1201.95,50,11725,36400,weekly,2022-6-9T21:00:00.000,options,put
339,1654248720000,1170.0,1201.1,1170.0,1201.1,1050,11725,36400,weekly,2022-6-9T21:00:00.000,options,put
340,1654248780000,1220.0,1225.0,1216.9,1216.9,1075,10750,36400,weekly,2022-6-9T21:00:00.000,options,put
341,1654248840000,1244.0,1262.8,1211.4,1211.4,450,10750,36400,weekly,2022-6-9T21:00:00.000,options,put
342,1654248900000,1211.4,1219.55,1211.4,1214.7,250,10750,36400,weekly,2022-6-9T21:00:00.000,options,put
343,1654248960000,1202.5,1216.2,1202.5,1212.6,200,10750,36400,weekly,2022-6-9T21:00:00.000,options,put
344,1654249020000,1220.9,1229.6,1220.9,1229.6,75,11200,36400,weekly,2022-6-9T21:00:00.000,options,put
345,1654249080000,1220.5,1220.5,1220.5,1220.5,25,11200,36400,weekly,2022-6-9T21:00:00.000,options,put
346,1654249200000,1177.0,1177.0,1177.0,1177.0,75,11275,36400,weekly,2022-6-9T21:00:00.000,options,put
347,1654249320000,1196.4,1196.4,1196.4,1196.4,100,11275,36400,weekly,2022-6-9T21:00:00.000,options,put
348,1654249380000,1207.8,1207.8,1202.25,1202.25,275,11200,36400,weekly,2022-6-9T21:00:00.000,options,put
349,1654249440000,1198.65,1198.65,1192.8,1192.8,50,11200,36400,weekly,2022-6-9T21:00:00.000,options,put
350,1654249500000,1182.1,1202.1,1180.0,1180.0,825,10825,36400,weekly,2022-6-9T21:00:00.000,options,put
351,1654249560000,1172.55,1180.4,1166.1,1180.4,100,10825,36400,weekly,2022-6-9T21:00:00.000,options,put
352,1654249620000,1160.0,1160.0,1126.25,1147.4,1200,10825,36400,weekly,2022-6-9T21:00:00.000,options,put
353,1654249680000,1140.75,1142.5,1140.75,1142.5,575,10225,36400,weekly,2022-6-9T21:00:00.000,options,put
354,1654249740000,1105.9,1108.75,1104.05,1104.05,150,10225,36400,weekly,2022-6-9T21:00:00.000,options,put
355,1654249800000,1101.0,1101.0,1079.1,1082.3,625,10225,36400,weekly,2022-6-9T21:00:00.000,options,put
356,1654249860000,1090.85,1090.85,1090.85,1090.85,25,10225,36400,weekly,2022-6-9T21:00:00.000,options,put
357,1654249920000,1085.15,1085.15,1059.1,1072.25,150,10225,36400,weekly,2022-6-9T21:00:00.000,options,put
358,1654249980000,1080.2,1080.2,1080.2,1080.2,250,10225,36400,weekly,2022-6-9T21:00:00.000,options,put
359,1654250040000,1103.25,1140.0,1103.25,1140.0,200,9875,36400,weekly,2022-6-9T21:00:00.000,options,put
360,1654250100000,1140.0,1165.65,1140.0,1165.65,150,9875,36400,weekly,2022-6-9T21:00:00.000,options,put
361,1654250160000,1169.25,1169.25,1169.25,1169.25,25,9875,36400,weekly,2022-6-9T21:00:00.000,options,put
362,1654250220000,1166.55,1166.55,1150.0,1150.0,250,9875,36400,weekly,2022-6-9T21:00:00.000,options,put
363,1654250280000,1148.7,1172.0,1148.7,1172.0,125,9875,36400,weekly,2022-6-9T21:00:00.000,options,put
364,1654250340000,1175.0,1175.0,1168.55,1172.25,400,9875,36400,weekly,2022-6-9T21:00:00.000,options,put
