,timestamp,open,high,low,close,volume,open_interest,strike,expiry_type,expiry,instrument,contract_type
0,1553591700000,206.9,214.95,200.0,206.8,400,,29700,weekly,2019-4-4T21:00:00.000,options,call
1,1553591760000,205.5,211.3,198.15,200.0,1200,,29700,weekly,2019-4-4T21:00:00.000,options,call
2,1553591820000,199.05,199.4,195.5,196.0,440,,29700,weekly,2019-4-4T21:00:00.000,options,call
3,1553591880000,196.0,203.05,196.0,200.0,780,,29700,weekly,2019-4-4T21:00:00.000,options,call
4,1553591940000,200.15,202.25,198.65,199.15,820,,29700,weekly,2019-4-4T21:00:00.000,options,call
5,1553592000000,199.15,202.3,198.65,198.65,600,,29700,weekly,2019-4-4T21:00:00.000,options,call
6,1553592060000,194.4,198.05,194.4,196.75,560,,29700,weekly,2019-4-4T21:00:00.000,options,call
7,1553592120000,196.15,199.0,195.65,199.0,280,,29700,weekly,2019-4-4T21:00:00.000,options,call
8,1553592180000,200.0,200.0,200.0,200.0,20,,29700,weekly,2019-4-4T21:00:00.000,options,call
9,1553592240000,202.6,205.0,201.8,205.0,520,,29700,weekly,2019-4-4T21:00:00.000,options,call
10,1553592300000,204.5,205.5,204.0,205.35,360,,29700,weekly,2019-4-4T21:00:00.000,options,call
11,1553592360000,204.9,217.3,204.9,206.75,1720,,29700,weekly,2019-4-4T21:00:00.000,options,call
12,1553592420000,208.75,210.6,208.75,210.6,80,,29700,weekly,2019-4-4T21:00:00.000,options,call
13,1553592480000,210.6,211.55,208.9,209.45,600,,29700,weekly,2019-4-4T21:00:00.000,options,call
14,1553592540000,209.4,212.0,207.15,207.15,660,,29700,weekly,2019-4-4T21:00:00.000,options,call
15,1553592600000,208.0,210.45,207.85,208.05,860,,29700,weekly,2019-4-4T21:00:00.000,options,call
16,1553592660000,209.75,215.35,209.25,215.35,1040,,29700,weekly,2019-4-4T21:00:00.000,options,call
17,1553592720000,215.85,222.05,215.85,222.05,2100,,29700,weekly,2019-4-4T21:00:00.000,options,call
18,1553592780000,220.6,221.5,218.0,219.05,560,,29700,weekly,2019-4-4T21:00:00.000,options,call
19,1553592840000,217.0,222.5,217.0,222.5,440,,29700,weekly,2019-4-4T21:00:00.000,options,call
20,1553592900000,224.9,227.0,223.85,226.3,440,,29700,weekly,2019-4-4T21:00:00.000,options,call
21,1553592960000,226.8,227.7,224.25,225.0,800,,29700,weekly,2019-4-4T21:00:00.000,options,call
22,1553593020000,225.95,227.5,225.95,226.0,460,,29700,weekly,2019-4-4T21:00:00.000,options,call
23,1553593080000,225.4,227.0,222.65,227.0,460,,29700,weekly,2019-4-4T21:00:00.000,options,call
24,1553593140000,225.5,225.5,223.15,223.45,380,,29700,weekly,2019-4-4T21:00:00.000,options,call
25,1553593200000,221.8,222.45,218.4,218.4,1300,,29700,weekly,2019-4-4T21:00:00.000,options,call
26,1553593260000,219.15,222.45,219.15,222.45,260,,29700,weekly,2019-4-4T21:00:00.000,options,call
27,1553593320000,223.95,225.7,220.55,221.35,260,,29700,weekly,2019-4-4T21:00:00.000,options,call
28,1553593380000,222.0,222.0,222.0,222.0,20,,29700,weekly,2019-4-4T21:00:00.000,options,call
29,1553593440000,223.65,228.0,223.65,227.0,500,,29700,weekly,2019-4-4T21:00:00.000,options,call
30,1553593500000,227.0,229.0,227.0,229.0,1220,,29700,weekly,2019-4-4T21:00:00.000,options,call
31,1553593560000,228.9,237.0,228.9,234.05,1140,,29700,weekly,2019-4-4T21:00:00.000,options,call
32,1553593620000,234.85,235.4,234.85,235.4,60,,29700,weekly,2019-4-4T21:00:00.000,options,call
33,1553593680000,235.0,238.05,234.0,238.05,320,,29700,weekly,2019-4-4T21:00:00.000,options,call
34,1553593740000,238.0,242.55,236.5,242.55,2880,,29700,weekly,2019-4-4T21:00:00.000,options,call
35,1553593800000,241.0,241.05,235.35,241.05,1280,,29700,weekly,2019-4-4T21:00:00.000,options,call
36,1553593860000,239.95,240.4,238.85,238.85,180,,29700,weekly,2019-4-4T21:00:00.000,options,call
37,1553593920000,236.55,237.55,236.55,237.4,160,,29700,weekly,2019-4-4T21:00:00.000,options,call
38,1553593980000,238.6,238.6,234.4,234.95,620,,29700,weekly,2019-4-4T21:00:00.000,options,call
39,1553594040000,235.4,236.65,235.4,235.5,160,,29700,weekly,2019-4-4T21:00:00.000,options,call
40,1553594100000,234.3,234.3,233.55,233.55,100,,29700,weekly,2019-4-4T21:00:00.000,options,call
41,1553594160000,234.0,234.0,234.0,234.0,20,,29700,weekly,2019-4-4T21:00:00.000,options,call
42,1553594220000,232.5,233.65,231.95,232.0,280,,29700,weekly,2019-4-4T21:00:00.000,options,call
43,1553594280000,231.6,231.6,231.6,231.6,80,,29700,weekly,2019-4-4T21:00:00.000,options,call
44,1553594340000,231.0,231.25,230.1,230.9,360,,29700,weekly,2019-4-4T21:00:00.000,options,call
45,1553594400000,232.65,234.4,232.65,234.15,160,,29700,weekly,2019-4-4T21:00:00.000,options,call
46,1553594460000,236.0,239.15,236.0,238.45,1220,,29700,weekly,2019-4-4T21:00:00.000,options,call
47,1553594520000,238.25,242.3,238.25,242.3,160,,29700,weekly,2019-4-4T21:00:00.000,options,call
48,1553594580000,242.8,243.5,241.0,241.0,240,,29700,weekly,2019-4-4T21:00:00.000,options,call
49,1553594640000,242.8,250.0,242.75,250.0,620,,29700,weekly,2019-4-4T21:00:00.000,options,call
50,1553594700000,248.25,249.0,247.0,249.0,160,,29700,weekly,2019-4-4T21:00:00.000,options,call
51,1553594760000,251.35,257.7,251.35,256.9,6420,,29700,weekly,2019-4-4T21:00:00.000,options,call
52,1553594820000,256.9,262.15,256.9,259.2,3760,,29700,weekly,2019-4-4T21:00:00.000,options,call
53,1553594880000,255.45,257.75,252.05,252.45,5280,,29700,weekly,2019-4-4T21:00:00.000,options,call
54,1553594940000,252.65,261.95,251.9,261.25,6300,,29700,weekly,2019-4-4T21:00:00.000,options,call
55,1553595000000,260.45,260.45,258.65,259.0,840,,29700,weekly,2019-4-4T21:00:00.000,options,call
56,1553595060000,259.05,259.05,255.4,256.0,700,,29700,weekly,2019-4-4T21:00:00.000,options,call
57,1553595120000,256.5,258.7,255.85,258.7,2400,,29700,weekly,2019-4-4T21:00:00.000,options,call
58,1553595180000,258.75,261.25,258.25,258.25,3620,,29700,weekly,2019-4-4T21:00:00.000,options,call
59,1553595240000,258.1,259.85,258.1,259.7,420,,29700,weekly,2019-4-4T21:00:00.000,options,call
60,1553595360000,259.65,261.5,258.25,259.85,1400,,29700,weekly,2019-4-4T21:00:00.000,options,call
61,1553595420000,264.4,269.3,263.55,267.85,2340,,29700,weekly,2019-4-4T21:00:00.000,options,call
62,1553595480000,268.65,271.0,263.05,264.65,2160,,29700,weekly,2019-4-4T21:00:00.000,options,call
63,1553595540000,264.35,267.2,264.35,267.2,1500,,29700,weekly,2019-4-4T21:00:00.000,options,call
64,1553595600000,268.2,271.45,265.65,271.45,940,,29700,weekly,2019-4-4T21:00:00.000,options,call
65,1553595660000,273.1,274.0,271.6,271.6,1280,,29700,weekly,2019-4-4T21:00:00.000,options,call
66,1553595720000,269.7,274.0,269.7,274.0,160,,29700,weekly,2019-4-4T21:00:00.000,options,call
67,1553595780000,271.2,272.2,271.2,272.2,200,,29700,weekly,2019-4-4T21:00:00.000,options,call
68,1553595840000,273.4,280.3,273.4,274.75,820,,29700,weekly,2019-4-4T21:00:00.000,options,call
69,1553595900000,275.0,276.6,274.3,276.6,940,,29700,weekly,2019-4-4T21:00:00.000,options,call
70,1553595960000,275.1,275.1,272.95,272.95,160,,29700,weekly,2019-4-4T21:00:00.000,options,call
71,1553596020000,273.0,275.2,273.0,273.6,180,,29700,weekly,2019-4-4T21:00:00.000,options,call
72,1553596080000,273.05,273.05,272.05,272.8,80,,29700,weekly,2019-4-4T21:00:00.000,options,call
73,1553596140000,273.6,273.6,271.1,271.1,160,,29700,weekly,2019-4-4T21:00:00.000,options,call
74,1553596200000,270.65,270.75,266.45,267.85,440,,29700,weekly,2019-4-4T21:00:00.000,options,call
75,1553596260000,267.55,267.55,266.75,266.75,100,,29700,weekly,2019-4-4T21:00:00.000,options,call
76,1553596320000,270.4,270.75,270.4,270.75,120,,29700,weekly,2019-4-4T21:00:00.000,options,call
77,1553596380000,266.1,266.1,264.6,266.1,180,,29700,weekly,2019-4-4T21:00:00.000,options,call
78,1553596440000,267.0,267.0,266.0,266.05,160,,29700,weekly,2019-4-4T21:00:00.000,options,call
79,1553596500000,265.0,265.0,264.0,264.9,60,,29700,weekly,2019-4-4T21:00:00.000,options,call
80,1553596560000,267.1,267.1,267.1,267.1,20,,29700,weekly,2019-4-4T21:00:00.000,options,call
81,1553596620000,268.9,268.9,268.0,268.35,280,,29700,weekly,2019-4-4T21:00:00.000,options,call
82,1553596680000,268.0,268.0,265.0,265.0,1220,,29700,weekly,2019-4-4T21:00:00.000,options,call
83,1553596740000,265.0,265.0,265.0,265.0,20,,29700,weekly,2019-4-4T21:00:00.000,options,call
84,1553596860000,268.4,268.4,268.4,268.4,40,,29700,weekly,2019-4-4T21:00:00.000,options,call
85,1553596980000,263.95,263.95,263.95,263.95,20,,29700,weekly,2019-4-4T21:00:00.000,options,call
86,1553597040000,261.5,263.0,261.5,263.0,400,,29700,weekly,2019-4-4T21:00:00.000,options,call
87,1553597100000,263.0,263.5,262.65,263.5,180,,29700,weekly,2019-4-4T21:00:00.000,options,call
88,1553597160000,263.0,266.15,263.0,266.15,1000,,29700,weekly,2019-4-4T21:00:00.000,options,call
89,1553597220000,263.75,263.75,256.9,259.15,780,,29700,weekly,2019-4-4T21:00:00.000,options,call
90,1553597280000,257.5,259.15,257.5,259.15,100,,29700,weekly,2019-4-4T21:00:00.000,options,call
91,1553597340000,256.6,256.6,255.9,255.9,60,,29700,weekly,2019-4-4T21:00:00.000,options,call
92,1553597400000,254.65,257.2,251.85,257.2,320,,29700,weekly,2019-4-4T21:00:00.000,options,call
93,1553597460000,256.0,256.0,253.0,253.55,340,,29700,weekly,2019-4-4T21:00:00.000,options,call
94,1553597520000,251.9,251.9,251.9,251.9,20,,29700,weekly,2019-4-4T21:00:00.000,options,call
95,1553597580000,250.6,252.4,250.6,252.4,100,,29700,weekly,2019-4-4T21:00:00.000,options,call
96,1553597640000,252.4,252.4,252.4,252.4,40,,29700,weekly,2019-4-4T21:00:00.000,options,call
97,1553597700000,252.4,252.4,252.4,252.4,20,,29700,weekly,2019-4-4T21:00:00.000,options,call
98,1553597760000,257.05,257.05,257.05,257.05,60,,29700,weekly,2019-4-4T21:00:00.000,options,call
99,1553597880000,259.0,259.0,259.0,259.0,100,,29700,weekly,2019-4-4T21:00:00.000,options,call
100,1553597940000,262.15,262.15,258.5,259.65,100,,29700,weekly,2019-4-4T21:00:00.000,options,call
101,1553598000000,258.5,260.0,258.5,260.0,80,,29700,weekly,2019-4-4T21:00:00.000,options,call
102,1553598060000,261.0,261.0,260.0,260.0,500,,29700,weekly,2019-4-4T21:00:00.000,options,call
103,1553598120000,261.0,261.0,261.0,261.0,20,,29700,weekly,2019-4-4T21:00:00.000,options,call
104,1553598180000,263.15,263.15,262.7,262.7,220,,29700,weekly,2019-4-4T21:00:00.000,options,call
105,1553598240000,259.6,259.6,259.6,259.6,200,,29700,weekly,2019-4-4T21:00:00.000,options,call
106,1553598300000,262.8,263.85,262.8,263.85,160,,29700,weekly,2019-4-4T21:00:00.000,options,call
107,1553598360000,264.4,264.4,264.25,264.25,40,,29700,weekly,2019-4-4T21:00:00.000,options,call
108,1553598480000,262.1,262.1,260.0,260.0,340,,29700,weekly,2019-4-4T21:00:00.000,options,call
109,1553598540000,256.1,256.1,255.65,255.65,120,,29700,weekly,2019-4-4T21:00:00.000,options,call
110,1553598600000,257.35,257.35,257.35,257.35,20,,29700,weekly,2019-4-4T21:00:00.000,options,call
111,1553598660000,256.8,256.8,256.8,256.8,40,,29700,weekly,2019-4-4T21:00:00.000,options,call
112,1553598720000,252.0,252.0,252.0,252.0,20,,29700,weekly,2019-4-4T21:00:00.000,options,call
113,1553598780000,252.75,252.75,252.75,252.75,20,,29700,weekly,2019-4-4T21:00:00.000,options,call
114,1553598900000,254.75,257.1,254.55,256.7,4440,,29700,weekly,2019-4-4T21:00:00.000,options,call
115,1553598960000,256.75,261.15,256.75,261.15,4160,,29700,weekly,2019-4-4T21:00:00.000,options,call
116,1553599020000,261.8,261.8,258.8,258.8,920,,29700,weekly,2019-4-4T21:00:00.000,options,call
117,1553599080000,259.25,260.0,258.5,260.0,100,,29700,weekly,2019-4-4T21:00:00.000,options,call
118,1553599200000,246.75,254.0,246.75,252.1,780,,29700,weekly,2019-4-4T21:00:00.000,options,call
119,1553599260000,252.1,252.1,252.1,252.1,40,,29700,weekly,2019-4-4T21:00:00.000,options,call
120,1553599320000,251.45,251.9,251.45,251.9,60,,29700,weekly,2019-4-4T21:00:00.000,options,call
121,1553599380000,248.35,248.35,248.35,248.35,40,,29700,weekly,2019-4-4T21:00:00.000,options,call
122,1553599440000,247.0,247.0,244.75,245.0,120,,29700,weekly,2019-4-4T21:00:00.000,options,call
123,1553599500000,244.85,248.45,244.85,248.45,520,,29700,weekly,2019-4-4T21:00:00.000,options,call
124,1553599560000,249.95,250.25,249.95,250.25,100,,29700,weekly,2019-4-4T21:00:00.000,options,call
125,1553599620000,251.0,251.0,251.0,251.0,280,,29700,weekly,2019-4-4T21:00:00.000,options,call
126,1553599680000,251.0,251.0,251.0,251.0,680,,29700,weekly,2019-4-4T21:00:00.000,options,call
127,1553599740000,249.45,249.45,249.45,249.45,40,,29700,weekly,2019-4-4T21:00:00.000,options,call
128,1553599800000,250.5,250.5,247.0,247.0,60,,29700,weekly,2019-4-4T21:00:00.000,options,call
129,1553599920000,242.7,245.0,241.95,245.0,280,,29700,weekly,2019-4-4T21:00:00.000,options,call
130,1553599980000,247.35,247.35,247.35,247.35,20,,29700,weekly,2019-4-4T21:00:00.000,options,call
131,1553600040000,243.5,243.6,243.5,243.6,180,,29700,weekly,2019-4-4T21:00:00.000,options,call
132,1553600100000,240.0,245.5,240.0,245.5,200,,29700,weekly,2019-4-4T21:00:00.000,options,call
133,1553600220000,247.5,247.5,247.0,247.0,80,,29700,weekly,2019-4-4T21:00:00.000,options,call
134,1553600280000,247.0,247.0,245.1,246.65,140,,29700,weekly,2019-4-4T21:00:00.000,options,call
135,1553600340000,245.1,247.3,245.1,247.3,60,,29700,weekly,2019-4-4T21:00:00.000,options,call
136,1553600400000,250.95,250.95,250.95,250.95,40,,29700,weekly,2019-4-4T21:00:00.000,options,call
137,1553600460000,250.0,250.0,249.4,249.4,240,,29700,weekly,2019-4-4T21:00:00.000,options,call
138,1553600520000,247.7,247.7,246.4,246.4,120,,29700,weekly,2019-4-4T21:00:00.000,options,call
139,1553600580000,246.8,246.8,246.6,246.6,60,,29700,weekly,2019-4-4T21:00:00.000,options,call
140,1553600640000,244.7,246.0,243.35,243.35,200,,29700,weekly,2019-4-4T21:00:00.000,options,call
141,1553600700000,244.5,244.5,235.0,235.0,120,,29700,weekly,2019-4-4T21:00:00.000,options,call
142,1553600760000,233.85,233.85,223.65,223.65,1260,,29700,weekly,2019-4-4T21:00:00.000,options,call
143,1553600820000,227.35,231.0,226.8,231.0,340,,29700,weekly,2019-4-4T21:00:00.000,options,call
144,1553600880000,232.15,232.7,232.15,232.7,40,,29700,weekly,2019-4-4T21:00:00.000,options,call
145,1553600940000,230.7,233.7,230.7,232.35,240,,29700,weekly,2019-4-4T21:00:00.000,options,call
146,1553601000000,233.35,233.35,232.0,232.85,120,,29700,weekly,2019-4-4T21:00:00.000,options,call
147,1553601060000,234.85,238.95,234.85,235.55,360,,29700,weekly,2019-4-4T21:00:00.000,options,call
148,1553601120000,239.4,239.4,237.9,238.85,640,,29700,weekly,2019-4-4T21:00:00.000,options,call
149,1553601180000,237.4,237.4,235.3,235.5,120,,29700,weekly,2019-4-4T21:00:00.000,options,call
150,1553601240000,234.8,238.15,234.8,238.15,260,,29700,weekly,2019-4-4T21:00:00.000,options,call
151,1553601300000,239.05,239.05,239.05,239.05,40,,29700,weekly,2019-4-4T21:00:00.000,options,call
152,1553601360000,239.45,240.4,236.95,236.95,280,,29700,weekly,2019-4-4T21:00:00.000,options,call
153,1553601420000,238.0,238.75,237.0,237.0,280,,29700,weekly,2019-4-4T21:00:00.000,options,call
154,1553601480000,235.45,235.45,233.5,234.1,140,,29700,weekly,2019-4-4T21:00:00.000,options,call
155,1553601540000,234.65,234.65,231.95,233.0,540,,29700,weekly,2019-4-4T21:00:00.000,options,call
156,1553601600000,233.0,233.2,230.1,230.1,100,,29700,weekly,2019-4-4T21:00:00.000,options,call
157,1553601660000,231.45,231.45,230.3,231.0,180,,29700,weekly,2019-4-4T21:00:00.000,options,call
158,1553601720000,232.25,233.8,232.25,233.8,40,,29700,weekly,2019-4-4T21:00:00.000,options,call
159,1553601780000,233.5,234.65,233.5,233.75,180,,29700,weekly,2019-4-4T21:00:00.000,options,call
160,1553601840000,234.75,235.3,232.85,233.15,520,,29700,weekly,2019-4-4T21:00:00.000,options,call
161,1553601900000,234.4,234.95,233.0,233.0,220,,29700,weekly,2019-4-4T21:00:00.000,options,call
162,1553601960000,234.95,235.2,234.55,235.2,460,,29700,weekly,2019-4-4T21:00:00.000,options,call
163,1553602020000,237.3,238.7,237.1,238.6,1060,,29700,weekly,2019-4-4T21:00:00.000,options,call
164,1553602080000,238.85,239.1,237.5,238.1,960,,29700,weekly,2019-4-4T21:00:00.000,options,call
165,1553602140000,237.65,239.8,237.65,238.75,640,,29700,weekly,2019-4-4T21:00:00.000,options,call
166,1553602200000,241.05,241.05,238.75,239.15,500,,29700,weekly,2019-4-4T21:00:00.000,options,call
167,1553602260000,238.95,239.15,238.85,238.9,120,,29700,weekly,2019-4-4T21:00:00.000,options,call
168,1553602320000,238.95,239.3,237.45,237.45,200,,29700,weekly,2019-4-4T21:00:00.000,options,call
169,1553602380000,237.0,237.1,234.7,235.45,1200,,29700,weekly,2019-4-4T21:00:00.000,options,call
170,1553602440000,235.45,238.1,235.25,237.45,560,,29700,weekly,2019-4-4T21:00:00.000,options,call
171,1553602500000,237.25,238.85,237.25,238.85,220,,29700,weekly,2019-4-4T21:00:00.000,options,call
172,1553602560000,238.95,247.55,238.95,245.35,1040,,29700,weekly,2019-4-4T21:00:00.000,options,call
173,1553602620000,247.0,251.0,245.75,250.2,980,,29700,weekly,2019-4-4T21:00:00.000,options,call
174,1553602680000,247.25,249.1,246.05,246.85,1080,,29700,weekly,2019-4-4T21:00:00.000,options,call
175,1553602740000,247.45,248.65,246.15,246.95,820,,29700,weekly,2019-4-4T21:00:00.000,options,call
176,1553602800000,246.65,246.65,243.8,245.0,920,,29700,weekly,2019-4-4T21:00:00.000,options,call
177,1553602860000,245.0,249.45,245.0,249.45,660,,29700,weekly,2019-4-4T21:00:00.000,options,call
178,1553602920000,251.0,255.05,251.0,253.65,1460,,29700,weekly,2019-4-4T21:00:00.000,options,call
179,1553602980000,254.0,254.0,249.8,252.25,560,,29700,weekly,2019-4-4T21:00:00.000,options,call
180,1553603040000,253.0,254.55,252.1,252.1,120,,29700,weekly,2019-4-4T21:00:00.000,options,call
181,1553603100000,253.3,254.25,252.5,252.5,240,,29700,weekly,2019-4-4T21:00:00.000,options,call
182,1553603160000,252.75,253.75,252.75,253.75,80,,29700,weekly,2019-4-4T21:00:00.000,options,call
183,1553603220000,252.65,257.9,252.35,255.0,620,,29700,weekly,2019-4-4T21:00:00.000,options,call
184,1553603280000,254.95,255.0,253.5,253.5,120,,29700,weekly,2019-4-4T21:00:00.000,options,call
185,1553603340000,252.75,252.95,250.2,252.45,480,,29700,weekly,2019-4-4T21:00:00.000,options,call
186,1553603400000,250.45,252.0,248.9,248.9,900,,29700,weekly,2019-4-4T21:00:00.000,options,call
187,1553603460000,248.15,250.1,248.15,250.1,220,,29700,weekly,2019-4-4T21:00:00.000,options,call
188,1553603520000,251.2,252.0,250.0,250.0,160,,29700,weekly,2019-4-4T21:00:00.000,options,call
189,1553603580000,250.35,250.35,250.35,250.35,40,,29700,weekly,2019-4-4T21:00:00.000,options,call
190,1553603640000,251.0,251.0,251.0,251.0,40,,29700,weekly,2019-4-4T21:00:00.000,options,call
191,1553603700000,250.45,251.1,250.45,251.1,40,,29700,weekly,2019-4-4T21:00:00.000,options,call
192,1553603760000,250.35,250.35,250.0,250.0,360,,29700,weekly,2019-4-4T21:00:00.000,options,call
193,1553603820000,250.4,251.0,250.4,251.0,220,,29700,weekly,2019-4-4T21:00:00.000,options,call
194,1553603880000,249.55,249.55,249.55,249.55,20,,29700,weekly,2019-4-4T21:00:00.000,options,call
195,1553603940000,249.35,249.35,249.35,249.35,40,,29700,weekly,2019-4-4T21:00:00.000,options,call
196,1553604000000,249.2,251.0,249.05,249.05,200,,29700,weekly,2019-4-4T21:00:00.000,options,call
197,1553604060000,250.65,252.45,250.65,252.3,420,,29700,weekly,2019-4-4T21:00:00.000,options,call
198,1553604120000,253.7,253.7,251.55,251.55,160,,29700,weekly,2019-4-4T21:00:00.000,options,call
199,1553604240000,252.0,252.0,251.05,251.05,140,,29700,weekly,2019-4-4T21:00:00.000,options,call
200,1553604360000,247.45,247.45,244.15,244.15,120,,29700,weekly,2019-4-4T21:00:00.000,options,call
201,1553604420000,244.95,244.95,238.15,241.75,260,,29700,weekly,2019-4-4T21:00:00.000,options,call
202,1553604480000,245.6,245.75,244.55,245.75,380,,29700,weekly,2019-4-4T21:00:00.000,options,call
203,1553604540000,241.0,241.5,241.0,241.5,140,,29700,weekly,2019-4-4T21:00:00.000,options,call
204,1553604660000,245.7,245.7,244.0,244.0,80,,29700,weekly,2019-4-4T21:00:00.000,options,call
205,1553604720000,245.45,245.45,243.2,244.9,220,,29700,weekly,2019-4-4T21:00:00.000,options,call
206,1553604780000,244.9,246.8,244.9,246.8,80,,29700,weekly,2019-4-4T21:00:00.000,options,call
207,1553604840000,244.1,244.1,242.55,242.55,80,,29700,weekly,2019-4-4T21:00:00.000,options,call
208,1553604960000,243.55,247.0,243.55,246.45,460,,29700,weekly,2019-4-4T21:00:00.000,options,call
209,1553605020000,248.3,248.3,248.0,248.0,200,,29700,weekly,2019-4-4T21:00:00.000,options,call
210,1553605080000,248.0,248.0,242.65,242.95,440,,29700,weekly,2019-4-4T21:00:00.000,options,call
211,1553605140000,244.35,244.35,244.35,244.35,80,,29700,weekly,2019-4-4T21:00:00.000,options,call
212,1553605200000,244.45,246.4,244.45,246.4,40,,29700,weekly,2019-4-4T21:00:00.000,options,call
213,1553605260000,246.85,248.1,246.85,248.1,160,,29700,weekly,2019-4-4T21:00:00.000,options,call
214,1553605320000,248.6,248.65,248.6,248.65,120,,29700,weekly,2019-4-4T21:00:00.000,options,call
215,1553605380000,246.55,246.55,246.55,246.55,160,,29700,weekly,2019-4-4T21:00:00.000,options,call
216,1553605440000,245.7,247.8,245.7,247.8,60,,29700,weekly,2019-4-4T21:00:00.000,options,call
217,1553605500000,251.05,252.5,250.35,250.35,480,,29700,weekly,2019-4-4T21:00:00.000,options,call
218,1553605560000,250.0,250.75,247.75,247.75,380,,29700,weekly,2019-4-4T21:00:00.000,options,call
219,1553605620000,246.4,247.45,246.4,247.45,140,,29700,weekly,2019-4-4T21:00:00.000,options,call
220,1553605680000,245.3,246.0,245.3,246.0,120,,29700,weekly,2019-4-4T21:00:00.000,options,call
221,1553605740000,245.0,246.45,245.0,246.45,1120,,29700,weekly,2019-4-4T21:00:00.000,options,call
222,1553605860000,248.65,250.45,248.65,250.45,100,,29700,weekly,2019-4-4T21:00:00.000,options,call
223,1553605920000,252.0,252.0,249.4,249.4,220,,29700,weekly,2019-4-4T21:00:00.000,options,call
224,1553605980000,250.0,250.0,249.3,249.3,180,,29700,weekly,2019-4-4T21:00:00.000,options,call
225,1553606040000,248.8,248.8,248.8,248.8,20,,29700,weekly,2019-4-4T21:00:00.000,options,call
226,1553606100000,251.7,259.6,251.7,259.6,460,,29700,weekly,2019-4-4T21:00:00.000,options,call
227,1553606160000,259.05,259.05,257.7,259.0,520,,29700,weekly,2019-4-4T21:00:00.000,options,call
228,1553606220000,257.5,257.5,257.5,257.5,20,,29700,weekly,2019-4-4T21:00:00.000,options,call
229,1553606280000,256.75,258.15,256.0,256.6,240,,29700,weekly,2019-4-4T21:00:00.000,options,call
230,1553606340000,261.0,264.55,261.0,264.55,1180,,29700,weekly,2019-4-4T21:00:00.000,options,call
231,1553606400000,264.55,264.55,261.05,261.05,420,,29700,weekly,2019-4-4T21:00:00.000,options,call
232,1553606460000,263.15,273.35,263.15,273.2,1240,,29700,weekly,2019-4-4T21:00:00.000,options,call
233,1553606520000,273.95,281.95,273.05,273.05,1200,,29700,weekly,2019-4-4T21:00:00.000,options,call
234,1553606580000,274.75,281.0,274.75,281.0,260,,29700,weekly,2019-4-4T21:00:00.000,options,call
235,1553606640000,280.9,286.4,280.0,286.4,420,,29700,weekly,2019-4-4T21:00:00.000,options,call
236,1553606700000,286.6,292.4,285.75,285.75,1020,,29700,weekly,2019-4-4T21:00:00.000,options,call
237,1553606760000,286.75,287.15,283.8,284.5,560,,29700,weekly,2019-4-4T21:00:00.000,options,call
238,1553606820000,284.85,288.8,280.8,280.8,440,,29700,weekly,2019-4-4T21:00:00.000,options,call
239,1553606880000,280.65,286.3,280.65,286.3,420,,29700,weekly,2019-4-4T21:00:00.000,options,call
240,1553606940000,285.3,287.95,283.25,283.25,1300,,29700,weekly,2019-4-4T21:00:00.000,options,call
241,1553607000000,286.0,286.95,284.0,286.95,1300,,29700,weekly,2019-4-4T21:00:00.000,options,call
242,1553607060000,289.2,298.2,287.75,291.7,1400,,29700,weekly,2019-4-4T21:00:00.000,options,call
243,1553607120000,290.25,290.25,286.55,286.55,700,,29700,weekly,2019-4-4T21:00:00.000,options,call
244,1553607180000,289.0,292.25,288.55,291.9,260,,29700,weekly,2019-4-4T21:00:00.000,options,call
245,1553607240000,291.6,291.6,288.25,288.65,260,,29700,weekly,2019-4-4T21:00:00.000,options,call
246,1553607300000,286.5,287.1,277.45,280.75,1540,,29700,weekly,2019-4-4T21:00:00.000,options,call
247,1553607360000,279.6,283.3,279.6,282.8,120,,29700,weekly,2019-4-4T21:00:00.000,options,call
248,1553607420000,284.95,286.0,283.4,285.15,360,,29700,weekly,2019-4-4T21:00:00.000,options,call
249,1553607480000,285.0,288.15,285.0,288.15,80,,29700,weekly,2019-4-4T21:00:00.000,options,call
250,1553607540000,286.1,287.3,286.1,287.3,60,,29700,weekly,2019-4-4T21:00:00.000,options,call
251,1553607600000,286.4,298.85,286.4,294.5,1420,,29700,weekly,2019-4-4T21:00:00.000,options,call
252,1553607660000,288.0,288.0,288.0,288.0,80,,29700,weekly,2019-4-4T21:00:00.000,options,call
253,1553607720000,281.4,284.55,280.55,282.05,180,,29700,weekly,2019-4-4T21:00:00.000,options,call
254,1553607780000,283.3,283.3,283.3,283.3,40,,29700,weekly,2019-4-4T21:00:00.000,options,call
255,1553607840000,281.0,282.85,281.0,282.85,40,,29700,weekly,2019-4-4T21:00:00.000,options,call
256,1553607900000,283.1,283.1,275.0,275.0,480,,29700,weekly,2019-4-4T21:00:00.000,options,call
257,1553607960000,276.3,282.2,276.3,279.3,180,,29700,weekly,2019-4-4T21:00:00.000,options,call
258,1553608020000,277.6,277.6,276.6,276.6,140,,29700,weekly,2019-4-4T21:00:00.000,options,call
259,1553608080000,276.55,278.75,274.75,278.75,100,,29700,weekly,2019-4-4T21:00:00.000,options,call
260,1553608140000,279.25,282.4,279.25,282.15,420,,29700,weekly,2019-4-4T21:00:00.000,options,call
261,1553608200000,284.4,284.4,284.4,284.4,120,,29700,weekly,2019-4-4T21:00:00.000,options,call
262,1553608260000,281.55,281.55,278.25,278.25,80,,29700,weekly,2019-4-4T21:00:00.000,options,call
263,1553608320000,281.2,282.3,281.2,281.55,60,,29700,weekly,2019-4-4T21:00:00.000,options,call
264,1553608380000,279.7,279.7,279.7,279.7,20,,29700,weekly,2019-4-4T21:00:00.000,options,call
265,1553608500000,280.65,280.65,280.0,280.0,360,,29700,weekly,2019-4-4T21:00:00.000,options,call
266,1553608560000,281.05,283.0,281.05,283.0,60,,29700,weekly,2019-4-4T21:00:00.000,options,call
267,1553608620000,284.5,285.25,284.5,284.95,160,,29700,weekly,2019-4-4T21:00:00.000,options,call
268,1553608680000,286.6,286.6,282.9,282.9,220,,29700,weekly,2019-4-4T21:00:00.000,options,call
269,1553608740000,281.25,281.25,280.1,281.2,80,,29700,weekly,2019-4-4T21:00:00.000,options,call
270,1553608800000,279.85,280.35,278.8,280.05,440,,29700,weekly,2019-4-4T21:00:00.000,options,call
271,1553608860000,283.25,290.8,283.25,290.8,220,,29700,weekly,2019-4-4T21:00:00.000,options,call
272,1553608920000,287.9,287.9,287.9,287.9,260,,29700,weekly,2019-4-4T21:00:00.000,options,call
273,1553609040000,286.0,286.0,285.55,285.55,40,,29700,weekly,2019-4-4T21:00:00.000,options,call
274,1553609100000,284.0,284.0,284.0,284.0,20,,29700,weekly,2019-4-4T21:00:00.000,options,call
275,1553609160000,285.0,293.1,285.0,293.1,60,,29700,weekly,2019-4-4T21:00:00.000,options,call
276,1553609220000,289.85,290.4,288.05,288.05,180,,29700,weekly,2019-4-4T21:00:00.000,options,call
277,1553609280000,284.2,284.2,283.3,284.05,200,,29700,weekly,2019-4-4T21:00:00.000,options,call
278,1553609340000,284.3,286.1,284.3,286.1,60,,29700,weekly,2019-4-4T21:00:00.000,options,call
279,1553609400000,283.25,284.6,283.25,284.6,100,,29700,weekly,2019-4-4T21:00:00.000,options,call
280,1553609460000,284.65,286.0,282.0,282.0,260,,29700,weekly,2019-4-4T21:00:00.000,options,call
281,1553609520000,282.05,284.5,282.0,284.5,140,,29700,weekly,2019-4-4T21:00:00.000,options,call
282,1553609580000,284.9,285.0,284.9,285.0,420,,29700,weekly,2019-4-4T21:00:00.000,options,call
283,1553609640000,289.85,289.85,289.85,289.85,20,,29700,weekly,2019-4-4T21:00:00.000,options,call
284,1553609700000,283.8,283.8,283.8,283.8,60,,29700,weekly,2019-4-4T21:00:00.000,options,call
285,1553609760000,287.9,287.9,287.9,287.9,40,,29700,weekly,2019-4-4T21:00:00.000,options,call
286,1553609820000,286.75,286.75,286.75,286.75,20,,29700,weekly,2019-4-4T21:00:00.000,options,call
287,1553609880000,285.05,286.55,285.05,286.55,60,,29700,weekly,2019-4-4T21:00:00.000,options,call
288,1553609940000,287.0,287.0,287.0,287.0,180,,29700,weekly,2019-4-4T21:00:00.000,options,call
289,1553610000000,287.05,287.05,282.0,282.0,500,,29700,weekly,2019-4-4T21:00:00.000,options,call
290,1553610120000,283.75,285.6,283.75,284.1,80,,29700,weekly,2019-4-4T21:00:00.000,options,call
291,1553610180000,281.35,284.0,281.35,284.0,140,,29700,weekly,2019-4-4T21:00:00.000,options,call
292,1553610240000,285.1,287.0,285.1,287.0,260,,29700,weekly,2019-4-4T21:00:00.000,options,call
293,1553610300000,285.1,290.0,285.1,290.0,900,,29700,weekly,2019-4-4T21:00:00.000,options,call
294,1553610360000,290.8,292.0,289.35,292.0,280,,29700,weekly,2019-4-4T21:00:00.000,options,call
295,1553610420000,295.0,308.2,295.0,305.6,2360,,29700,weekly,2019-4-4T21:00:00.000,options,call
296,1553610480000,304.7,307.55,304.7,307.55,80,,29700,weekly,2019-4-4T21:00:00.000,options,call
297,1553610540000,308.0,314.6,305.9,314.6,1220,,29700,weekly,2019-4-4T21:00:00.000,options,call
298,1553610600000,316.1,320.8,314.25,315.9,1480,,29700,weekly,2019-4-4T21:00:00.000,options,call
299,1553610660000,318.55,323.7,317.4,319.0,2800,,29700,weekly,2019-4-4T21:00:00.000,options,call
300,1553610720000,320.55,329.05,319.8,326.3,920,,29700,weekly,2019-4-4T21:00:00.000,options,call
301,1553610780000,326.8,328.9,324.6,324.6,1080,,29700,weekly,2019-4-4T21:00:00.000,options,call
302,1553610840000,322.45,329.65,319.8,329.65,920,,29700,weekly,2019-4-4T21:00:00.000,options,call
303,1553610900000,330.0,332.0,328.45,330.0,640,,29700,weekly,2019-4-4T21:00:00.000,options,call
304,1553610960000,327.45,346.4,327.45,344.9,1880,,29700,weekly,2019-4-4T21:00:00.000,options,call
305,1553611020000,343.45,349.85,338.3,348.25,820,,29700,weekly,2019-4-4T21:00:00.000,options,call
306,1553611080000,350.0,360.0,348.4,357.8,2780,,29700,weekly,2019-4-4T21:00:00.000,options,call
307,1553611140000,358.9,360.0,355.05,358.2,780,,29700,weekly,2019-4-4T21:00:00.000,options,call
308,1553611200000,357.0,376.55,356.95,374.25,1880,,29700,weekly,2019-4-4T21:00:00.000,options,call
309,1553611260000,381.85,408.7,381.85,402.75,1580,,29700,weekly,2019-4-4T21:00:00.000,options,call
310,1553611320000,403.0,441.7,400.05,426.3,1660,,29700,weekly,2019-4-4T21:00:00.000,options,call
311,1553611380000,437.6,440.0,424.25,440.0,1720,,29700,weekly,2019-4-4T21:00:00.000,options,call
312,1553611440000,440.1,447.25,427.3,431.0,860,,29700,weekly,2019-4-4T21:00:00.000,options,call
313,1553611500000,435.0,451.0,435.0,451.0,1720,,29700,weekly,2019-4-4T21:00:00.000,options,call
314,1553611560000,457.15,457.15,439.65,440.7,1100,,29700,weekly,2019-4-4T21:00:00.000,options,call
315,1553611620000,440.95,445.95,434.25,434.25,1460,,29700,weekly,2019-4-4T21:00:00.000,options,call
316,1553611680000,436.65,453.5,428.65,442.25,1260,,29700,weekly,2019-4-4T21:00:00.000,options,call
317,1553611740000,442.25,450.3,442.25,450.0,280,,29700,weekly,2019-4-4T21:00:00.000,options,call
318,1553611800000,450.0,471.05,446.5,471.05,1140,,29700,weekly,2019-4-4T21:00:00.000,options,call
319,1553611860000,470.9,480.0,467.35,476.2,480,,29700,weekly,2019-4-4T21:00:00.000,options,call
320,1553611920000,476.6,491.35,476.6,488.5,500,,29700,weekly,2019-4-4T21:00:00.000,options,call
321,1553611980000,489.6,489.6,480.0,484.35,180,,29700,weekly,2019-4-4T21:00:00.000,options,call
322,1553612040000,484.0,500.0,484.0,488.0,2240,,29700,weekly,2019-4-4T21:00:00.000,options,call
323,1553612100000,481.0,481.0,480.0,480.0,1180,,29700,weekly,2019-4-4T21:00:00.000,options,call
324,1553612160000,476.85,485.4,470.45,485.4,500,,29700,weekly,2019-4-4T21:00:00.000,options,call
325,1553612220000,483.8,483.8,479.45,479.45,40,,29700,weekly,2019-4-4T21:00:00.000,options,call
326,1553612280000,480.2,485.6,480.2,485.6,120,,29700,weekly,2019-4-4T21:00:00.000,options,call
327,1553612340000,476.9,479.0,476.9,478.75,500,,29700,weekly,2019-4-4T21:00:00.000,options,call
328,1553612400000,485.0,506.2,485.0,500.85,640,,29700,weekly,2019-4-4T21:00:00.000,options,call
329,1553612460000,503.85,508.6,492.9,493.9,400,,29700,weekly,2019-4-4T21:00:00.000,options,call
330,1553612520000,500.2,505.75,494.25,502.95,240,,29700,weekly,2019-4-4T21:00:00.000,options,call
331,1553612580000,500.1,502.7,490.1,490.1,460,,29700,weekly,2019-4-4T21:00:00.000,options,call
332,1553612640000,497.45,497.75,497.45,497.75,40,,29700,weekly,2019-4-4T21:00:00.000,options,call
333,1553612700000,495.5,495.5,486.05,486.05,460,,29700,weekly,2019-4-4T21:00:00.000,options,call
334,1553612760000,487.4,495.3,487.4,493.85,180,,29700,weekly,2019-4-4T21:00:00.000,options,call
335,1553612820000,484.1,502.35,484.1,502.35,700,,29700,weekly,2019-4-4T21:00:00.000,options,call
336,1553612880000,503.0,521.75,503.0,517.15,900,,29700,weekly,2019-4-4T21:00:00.000,options,call
337,1553612940000,506.3,510.75,506.3,510.75,80,,29700,weekly,2019-4-4T21:00:00.000,options,call
338,1553613000000,521.75,521.75,511.4,515.25,920,,29700,weekly,2019-4-4T21:00:00.000,options,call
339,1553613060000,514.7,522.0,514.7,520.7,840,,29700,weekly,2019-4-4T21:00:00.000,options,call
340,1553613120000,522.4,526.0,520.7,526.0,300,,29700,weekly,2019-4-4T21:00:00.000,options,call
341,1553613180000,528.0,537.9,527.25,535.7,620,,29700,weekly,2019-4-4T21:00:00.000,options,call
342,1553613240000,536.9,561.8,536.9,561.8,680,,29700,weekly,2019-4-4T21:00:00.000,options,call
343,1553613300000,563.3,588.95,563.3,572.5,1300,,29700,weekly,2019-4-4T21:00:00.000,options,call
344,1553613360000,572.05,575.85,566.05,575.85,180,,29700,weekly,2019-4-4T21:00:00.000,options,call
345,1553613420000,565.95,568.3,565.95,566.4,60,,29700,weekly,2019-4-4T21:00:00.000,options,call
346,1553613480000,561.4,561.4,549.95,560.65,620,,29700,weekly,2019-4-4T21:00:00.000,options,call
347,1553613540000,555.55,565.0,554.5,560.55,560,,29700,weekly,2019-4-4T21:00:00.000,options,call
348,1553613600000,559.3,569.85,555.7,566.55,1680,,29700,weekly,2019-4-4T21:00:00.000,options,call
349,1553613660000,564.35,574.85,564.25,568.05,1000,,29700,weekly,2019-4-4T21:00:00.000,options,call
350,1553613720000,567.3,567.45,558.55,564.2,320,,29700,weekly,2019-4-4T21:00:00.000,options,call
351,1553613780000,565.75,584.75,565.0,584.75,720,,29700,weekly,2019-4-4T21:00:00.000,options,call
352,1553613840000,582.75,585.0,581.45,581.45,1180,,29700,weekly,2019-4-4T21:00:00.000,options,call
353,1553613900000,578.8,583.75,578.8,580.9,660,,29700,weekly,2019-4-4T21:00:00.000,options,call
354,1553613960000,580.8,582.55,576.15,580.9,740,,29700,weekly,2019-4-4T21:00:00.000,options,call
355,1553614020000,580.85,591.55,580.85,582.7,1280,,29700,weekly,2019-4-4T21:00:00.000,options,call
356,1553614080000,583.0,583.15,578.9,581.65,1240,,29700,weekly,2019-4-4T21:00:00.000,options,call
357,1553614140000,581.65,586.0,578.1,580.0,860,,29700,weekly,2019-4-4T21:00:00.000,options,call
358,1553614200000,581.65,586.0,550.65,550.65,0,,29700,weekly,2019-4-4T21:00:00.000,options,call
