,timestamp,open,high,low,close,volume,open_interest,strike,expiry_type,expiry,instrument,contract_type
0,1566359100000,36.75,36.75,30.0,30.15,220,,26500,weekly,2019-8-29T21:00:00.000,options,put
1,1566359160000,30.2,30.2,27.95,29.45,1000,,26500,weekly,2019-8-29T21:00:00.000,options,put
2,1566359220000,29.9,31.9,29.9,31.9,1820,,26500,weekly,2019-8-29T21:00:00.000,options,put
3,1566359280000,32.65,32.65,31.1,31.1,2100,,26500,weekly,2019-8-29T21:00:00.000,options,put
4,1566359340000,32.05,33.7,32.05,33.7,180,,26500,weekly,2019-8-29T21:00:00.000,options,put
5,1566359400000,32.9,32.9,32.0,32.0,160,,26500,weekly,2019-8-29T21:00:00.000,options,put
6,1566359460000,32.5,33.5,32.5,33.5,2180,,26500,weekly,2019-8-29T21:00:00.000,options,put
7,1566359520000,33.5,33.7,32.25,32.25,3180,,26500,weekly,2019-8-29T21:00:00.000,options,put
8,1566359580000,31.1,32.1,31.1,32.1,240,,26500,weekly,2019-8-29T21:00:00.000,options,put
9,1566359640000,31.7,32.25,31.5,32.25,600,,26500,weekly,2019-8-29T21:00:00.000,options,put
10,1566359700000,32.3,33.1,32.0,33.1,820,,26500,weekly,2019-8-29T21:00:00.000,options,put
11,1566359760000,33.1,33.15,32.05,32.05,380,,26500,weekly,2019-8-29T21:00:00.000,options,put
12,1566359820000,32.05,32.05,30.85,30.85,560,,26500,weekly,2019-8-29T21:00:00.000,options,put
13,1566359880000,31.5,32.05,31.5,31.8,80,,26500,weekly,2019-8-29T21:00:00.000,options,put
14,1566360000000,32.0,34.15,32.0,33.3,1240,,26500,weekly,2019-8-29T21:00:00.000,options,put
15,1566360060000,34.0,35.05,34.0,35.0,5640,,26500,weekly,2019-8-29T21:00:00.000,options,put
16,1566360120000,34.0,34.0,33.9,34.0,1420,,26500,weekly,2019-8-29T21:00:00.000,options,put
17,1566360180000,35.0,35.9,35.0,35.9,140,,26500,weekly,2019-8-29T21:00:00.000,options,put
18,1566360240000,35.9,35.9,35.4,35.5,200,,26500,weekly,2019-8-29T21:00:00.000,options,put
19,1566360300000,34.75,34.75,34.0,34.35,640,,26500,weekly,2019-8-29T21:00:00.000,options,put
20,1566360360000,34.8,34.8,34.8,34.8,140,,26500,weekly,2019-8-29T21:00:00.000,options,put
21,1566360420000,34.8,34.8,34.55,34.8,60,,26500,weekly,2019-8-29T21:00:00.000,options,put
22,1566360480000,35.45,35.45,35.45,35.45,20,,26500,weekly,2019-8-29T21:00:00.000,options,put
23,1566360540000,35.0,35.0,33.0,33.0,120,,26500,weekly,2019-8-29T21:00:00.000,options,put
24,1566360600000,32.75,32.75,29.75,30.0,80,,26500,weekly,2019-8-29T21:00:00.000,options,put
25,1566360660000,30.0,30.55,30.0,30.55,80,,26500,weekly,2019-8-29T21:00:00.000,options,put
26,1566360720000,31.25,31.25,31.25,31.25,100,,26500,weekly,2019-8-29T21:00:00.000,options,put
27,1566360780000,31.85,32.0,31.85,32.0,140,,26500,weekly,2019-8-29T21:00:00.000,options,put
28,1566360900000,31.45,31.45,27.6,27.95,2040,,26500,weekly,2019-8-29T21:00:00.000,options,put
29,1566360960000,27.95,27.95,26.25,26.25,880,,26500,weekly,2019-8-29T21:00:00.000,options,put
30,1566361020000,26.85,27.0,24.65,25.4,1560,,26500,weekly,2019-8-29T21:00:00.000,options,put
31,1566361080000,25.85,26.8,25.85,26.6,940,,26500,weekly,2019-8-29T21:00:00.000,options,put
32,1566361140000,26.6,26.65,26.5,26.55,760,,26500,weekly,2019-8-29T21:00:00.000,options,put
33,1566361200000,27.05,27.05,27.05,27.05,20,,26500,weekly,2019-8-29T21:00:00.000,options,put
34,1566361260000,27.0,27.0,26.75,26.75,100,,26500,weekly,2019-8-29T21:00:00.000,options,put
35,1566361320000,26.75,27.35,26.75,27.35,300,,26500,weekly,2019-8-29T21:00:00.000,options,put
36,1566361440000,26.7,26.85,25.5,25.5,760,,26500,weekly,2019-8-29T21:00:00.000,options,put
37,1566361500000,25.75,26.05,23.7,24.6,2220,,26500,weekly,2019-8-29T21:00:00.000,options,put
38,1566361560000,24.85,25.35,24.85,25.35,540,,26500,weekly,2019-8-29T21:00:00.000,options,put
39,1566361620000,24.9,25.7,24.9,25.5,360,,26500,weekly,2019-8-29T21:00:00.000,options,put
40,1566361680000,25.5,25.5,25.0,25.0,620,,26500,weekly,2019-8-29T21:00:00.000,options,put
41,1566361740000,24.6,24.6,23.5,23.5,680,,26500,weekly,2019-8-29T21:00:00.000,options,put
42,1566361800000,23.6,24.2,23.6,23.7,160,,26500,weekly,2019-8-29T21:00:00.000,options,put
43,1566361860000,23.5,23.5,21.95,22.6,1040,,26500,weekly,2019-8-29T21:00:00.000,options,put
44,1566361920000,22.8,23.0,22.2,23.0,900,,26500,weekly,2019-8-29T21:00:00.000,options,put
45,1566361980000,23.3,23.3,21.95,21.95,320,,26500,weekly,2019-8-29T21:00:00.000,options,put
46,1566362040000,22.5,22.7,22.5,22.7,760,,26500,weekly,2019-8-29T21:00:00.000,options,put
47,1566362100000,22.7,23.15,22.6,22.6,1240,,26500,weekly,2019-8-29T21:00:00.000,options,put
48,1566362160000,21.8,22.35,21.6,22.3,320,,26500,weekly,2019-8-29T21:00:00.000,options,put
49,1566362220000,22.0,23.65,22.0,23.0,1680,,26500,weekly,2019-8-29T21:00:00.000,options,put
50,1566362280000,23.05,23.05,22.3,22.3,1260,,26500,weekly,2019-8-29T21:00:00.000,options,put
51,1566362340000,22.0,22.3,22.0,22.2,1500,,26500,weekly,2019-8-29T21:00:00.000,options,put
52,1566362400000,22.0,22.0,20.95,21.65,200,,26500,weekly,2019-8-29T21:00:00.000,options,put
53,1566362460000,22.3,23.2,22.3,23.2,500,,26500,weekly,2019-8-29T21:00:00.000,options,put
54,1566362520000,23.85,24.3,23.85,24.3,320,,26500,weekly,2019-8-29T21:00:00.000,options,put
55,1566362580000,24.25,24.65,24.1,24.5,260,,26500,weekly,2019-8-29T21:00:00.000,options,put
56,1566362640000,25.05,25.45,25.0,25.2,1120,,26500,weekly,2019-8-29T21:00:00.000,options,put
57,1566362700000,25.0,25.0,24.85,24.85,380,,26500,weekly,2019-8-29T21:00:00.000,options,put
58,1566362760000,25.35,25.35,24.5,24.5,800,,26500,weekly,2019-8-29T21:00:00.000,options,put
59,1566362820000,24.5,25.15,24.5,25.15,600,,26500,weekly,2019-8-29T21:00:00.000,options,put
60,1566362880000,25.45,25.45,25.05,25.45,100,,26500,weekly,2019-8-29T21:00:00.000,options,put
61,1566362940000,25.9,26.45,25.9,26.45,220,,26500,weekly,2019-8-29T21:00:00.000,options,put
62,1566363000000,25.55,25.55,25.55,25.55,120,,26500,weekly,2019-8-29T21:00:00.000,options,put
63,1566363120000,25.05,25.1,24.95,24.95,260,,26500,weekly,2019-8-29T21:00:00.000,options,put
64,1566363180000,25.0,25.25,24.95,25.25,480,,26500,weekly,2019-8-29T21:00:00.000,options,put
65,1566363240000,25.35,25.35,24.4,24.4,380,,26500,weekly,2019-8-29T21:00:00.000,options,put
66,1566363360000,23.7,23.7,23.65,23.65,120,,26500,weekly,2019-8-29T21:00:00.000,options,put
67,1566363480000,23.45,23.8,23.4,23.75,500,,26500,weekly,2019-8-29T21:00:00.000,options,put
68,1566363600000,24.05,24.35,24.05,24.35,320,,26500,weekly,2019-8-29T21:00:00.000,options,put
69,1566363780000,24.95,25.7,24.9,24.9,160,,26500,weekly,2019-8-29T21:00:00.000,options,put
70,1566363840000,24.9,24.9,24.4,24.4,260,,26500,weekly,2019-8-29T21:00:00.000,options,put
71,1566363900000,24.0,24.4,24.0,24.4,120,,26500,weekly,2019-8-29T21:00:00.000,options,put
72,1566363960000,25.05,25.05,25.05,25.05,20,,26500,weekly,2019-8-29T21:00:00.000,options,put
73,1566364020000,25.25,25.3,24.85,25.3,160,,26500,weekly,2019-8-29T21:00:00.000,options,put
74,1566364080000,25.05,25.25,25.05,25.25,80,,26500,weekly,2019-8-29T21:00:00.000,options,put
75,1566364140000,25.45,25.45,25.05,25.35,280,,26500,weekly,2019-8-29T21:00:00.000,options,put
76,1566364200000,25.0,25.0,25.0,25.0,300,,26500,weekly,2019-8-29T21:00:00.000,options,put
77,1566364260000,24.55,25.0,24.25,24.25,960,,26500,weekly,2019-8-29T21:00:00.000,options,put
78,1566364440000,24.2,24.2,23.65,23.65,120,,26500,weekly,2019-8-29T21:00:00.000,options,put
79,1566364500000,23.65,23.65,23.65,23.65,40,,26500,weekly,2019-8-29T21:00:00.000,options,put
80,1566364560000,23.05,23.1,23.05,23.1,100,,26500,weekly,2019-8-29T21:00:00.000,options,put
81,1566364680000,23.75,23.75,23.75,23.75,60,,26500,weekly,2019-8-29T21:00:00.000,options,put
82,1566364740000,23.45,23.45,23.45,23.45,40,,26500,weekly,2019-8-29T21:00:00.000,options,put
83,1566364800000,23.0,23.3,22.85,22.85,1140,,26500,weekly,2019-8-29T21:00:00.000,options,put
84,1566364860000,23.15,23.8,23.15,23.7,720,,26500,weekly,2019-8-29T21:00:00.000,options,put
85,1566364920000,23.5,23.5,23.5,23.5,100,,26500,weekly,2019-8-29T21:00:00.000,options,put
86,1566364980000,23.55,23.55,23.55,23.55,100,,26500,weekly,2019-8-29T21:00:00.000,options,put
87,1566365040000,23.8,24.45,23.8,24.45,80,,26500,weekly,2019-8-29T21:00:00.000,options,put
88,1566365100000,24.15,24.15,24.15,24.15,100,,26500,weekly,2019-8-29T21:00:00.000,options,put
89,1566365220000,24.1,24.1,24.1,24.1,60,,26500,weekly,2019-8-29T21:00:00.000,options,put
90,1566365280000,24.4,24.45,23.75,23.9,200,,26500,weekly,2019-8-29T21:00:00.000,options,put
91,1566365340000,23.9,23.9,23.9,23.9,20,,26500,weekly,2019-8-29T21:00:00.000,options,put
92,1566365400000,23.7,23.7,23.7,23.7,20,,26500,weekly,2019-8-29T21:00:00.000,options,put
93,1566365460000,24.0,24.0,23.7,23.7,140,,26500,weekly,2019-8-29T21:00:00.000,options,put
94,1566365580000,24.25,24.25,24.25,24.25,20,,26500,weekly,2019-8-29T21:00:00.000,options,put
95,1566365640000,25.0,25.0,25.0,25.0,20,,26500,weekly,2019-8-29T21:00:00.000,options,put
96,1566365700000,25.8,25.8,24.75,25.45,100,,26500,weekly,2019-8-29T21:00:00.000,options,put
97,1566365760000,25.1,26.4,25.1,26.4,120,,26500,weekly,2019-8-29T21:00:00.000,options,put
98,1566365820000,27.0,27.0,26.5,26.5,220,,26500,weekly,2019-8-29T21:00:00.000,options,put
99,1566365940000,27.2,27.55,26.3,26.3,140,,26500,weekly,2019-8-29T21:00:00.000,options,put
100,1566366000000,26.0,26.6,26.0,26.2,300,,26500,weekly,2019-8-29T21:00:00.000,options,put
101,1566366060000,26.7,26.8,26.5,26.5,340,,26500,weekly,2019-8-29T21:00:00.000,options,put
102,1566366120000,27.1,27.15,26.95,27.0,240,,26500,weekly,2019-8-29T21:00:00.000,options,put
103,1566366180000,27.0,27.2,27.0,27.05,160,,26500,weekly,2019-8-29T21:00:00.000,options,put
104,1566366240000,27.85,28.05,27.85,28.05,240,,26500,weekly,2019-8-29T21:00:00.000,options,put
105,1566366300000,28.4,28.4,27.25,28.05,320,,26500,weekly,2019-8-29T21:00:00.000,options,put
106,1566366360000,28.05,28.25,27.5,27.95,500,,26500,weekly,2019-8-29T21:00:00.000,options,put
107,1566366420000,27.35,27.35,27.15,27.15,80,,26500,weekly,2019-8-29T21:00:00.000,options,put
108,1566366480000,27.45,27.45,27.45,27.45,20,,26500,weekly,2019-8-29T21:00:00.000,options,put
109,1566366540000,26.8,27.3,26.8,27.15,260,,26500,weekly,2019-8-29T21:00:00.000,options,put
110,1566366600000,27.2,27.2,27.1,27.1,300,,26500,weekly,2019-8-29T21:00:00.000,options,put
111,1566366660000,27.25,27.5,26.55,26.55,280,,26500,weekly,2019-8-29T21:00:00.000,options,put
112,1566366720000,26.55,26.55,25.85,26.1,140,,26500,weekly,2019-8-29T21:00:00.000,options,put
113,1566366840000,24.7,24.7,24.7,24.7,140,,26500,weekly,2019-8-29T21:00:00.000,options,put
114,1566366900000,24.7,24.7,24.0,24.0,320,,26500,weekly,2019-8-29T21:00:00.000,options,put
115,1566366960000,24.7,25.95,24.7,25.95,40,,26500,weekly,2019-8-29T21:00:00.000,options,put
116,1566367020000,25.7,25.7,25.7,25.7,20,,26500,weekly,2019-8-29T21:00:00.000,options,put
117,1566367080000,25.9,25.9,23.8,24.65,440,,26500,weekly,2019-8-29T21:00:00.000,options,put
118,1566367140000,25.6,25.6,25.5,25.6,100,,26500,weekly,2019-8-29T21:00:00.000,options,put
119,1566367200000,25.6,25.6,25.35,25.5,240,,26500,weekly,2019-8-29T21:00:00.000,options,put
120,1566367440000,24.8,24.8,23.7,24.05,280,,26500,weekly,2019-8-29T21:00:00.000,options,put
121,1566367500000,24.6,24.6,24.5,24.5,80,,26500,weekly,2019-8-29T21:00:00.000,options,put
122,1566367560000,24.5,24.5,24.5,24.5,40,,26500,weekly,2019-8-29T21:00:00.000,options,put
123,1566367620000,25.0,25.0,24.95,25.0,580,,26500,weekly,2019-8-29T21:00:00.000,options,put
124,1566367680000,26.0,26.0,25.6,25.6,260,,26500,weekly,2019-8-29T21:00:00.000,options,put
125,1566367740000,25.6,25.7,25.6,25.7,160,,26500,weekly,2019-8-29T21:00:00.000,options,put
126,1566367800000,25.85,25.85,25.1,25.1,160,,26500,weekly,2019-8-29T21:00:00.000,options,put
127,1566367860000,25.05,25.15,25.05,25.15,40,,26500,weekly,2019-8-29T21:00:00.000,options,put
128,1566367920000,26.1,26.1,26.1,26.1,80,,26500,weekly,2019-8-29T21:00:00.000,options,put
129,1566367980000,25.6,25.9,25.6,25.8,100,,26500,weekly,2019-8-29T21:00:00.000,options,put
130,1566368040000,25.4,25.5,25.4,25.5,40,,26500,weekly,2019-8-29T21:00:00.000,options,put
131,1566368280000,25.45,25.45,25.35,25.35,160,,26500,weekly,2019-8-29T21:00:00.000,options,put
132,1566368340000,25.35,26.25,25.35,26.25,120,,26500,weekly,2019-8-29T21:00:00.000,options,put
133,1566368400000,26.75,27.75,26.75,27.0,320,,26500,weekly,2019-8-29T21:00:00.000,options,put
134,1566368460000,27.7,27.8,27.7,27.8,40,,26500,weekly,2019-8-29T21:00:00.000,options,put
135,1566368520000,27.2,27.6,27.1,27.6,160,,26500,weekly,2019-8-29T21:00:00.000,options,put
136,1566368580000,27.95,29.0,27.95,28.8,160,,26500,weekly,2019-8-29T21:00:00.000,options,put
137,1566368640000,28.0,28.2,28.0,28.2,40,,26500,weekly,2019-8-29T21:00:00.000,options,put
138,1566368700000,27.0,27.45,27.0,27.15,320,,26500,weekly,2019-8-29T21:00:00.000,options,put
139,1566368760000,27.1,27.75,27.1,27.55,220,,26500,weekly,2019-8-29T21:00:00.000,options,put
140,1566368820000,27.9,27.9,27.5,27.5,220,,26500,weekly,2019-8-29T21:00:00.000,options,put
141,1566368880000,27.9,27.9,27.9,27.9,60,,26500,weekly,2019-8-29T21:00:00.000,options,put
142,1566368940000,28.5,29.1,28.5,29.1,60,,26500,weekly,2019-8-29T21:00:00.000,options,put
143,1566369000000,28.75,30.95,28.7,30.95,420,,26500,weekly,2019-8-29T21:00:00.000,options,put
144,1566369060000,31.0,31.65,30.45,30.45,340,,26500,weekly,2019-8-29T21:00:00.000,options,put
145,1566369120000,31.05,31.05,30.85,30.85,40,,26500,weekly,2019-8-29T21:00:00.000,options,put
146,1566369180000,31.5,32.1,31.35,32.0,220,,26500,weekly,2019-8-29T21:00:00.000,options,put
147,1566369300000,30.45,31.0,30.45,31.0,800,,26500,weekly,2019-8-29T21:00:00.000,options,put
148,1566369360000,31.0,31.0,30.7,30.7,420,,26500,weekly,2019-8-29T21:00:00.000,options,put
149,1566369420000,31.0,31.6,30.95,31.1,1420,,26500,weekly,2019-8-29T21:00:00.000,options,put
150,1566369480000,32.45,32.45,32.45,32.45,120,,26500,weekly,2019-8-29T21:00:00.000,options,put
151,1566369540000,33.65,33.65,32.0,32.0,440,,26500,weekly,2019-8-29T21:00:00.000,options,put
152,1566369600000,30.1,30.35,30.1,30.35,320,,26500,weekly,2019-8-29T21:00:00.000,options,put
153,1566369660000,30.45,30.5,30.15,30.4,120,,26500,weekly,2019-8-29T21:00:00.000,options,put
154,1566369780000,29.2,29.9,29.2,29.9,380,,26500,weekly,2019-8-29T21:00:00.000,options,put
155,1566369840000,30.0,30.05,30.0,30.0,240,,26500,weekly,2019-8-29T21:00:00.000,options,put
156,1566369900000,31.1,32.0,31.1,32.0,100,,26500,weekly,2019-8-29T21:00:00.000,options,put
157,1566370020000,32.0,32.0,31.1,31.1,300,,26500,weekly,2019-8-29T21:00:00.000,options,put
158,1566370080000,31.25,31.25,31.25,31.25,60,,26500,weekly,2019-8-29T21:00:00.000,options,put
159,1566370140000,31.1,31.1,31.1,31.1,120,,26500,weekly,2019-8-29T21:00:00.000,options,put
160,1566370200000,30.0,30.0,30.0,30.0,3260,,26500,weekly,2019-8-29T21:00:00.000,options,put
161,1566370260000,30.2,30.6,30.0,30.6,600,,26500,weekly,2019-8-29T21:00:00.000,options,put
162,1566370320000,30.65,31.2,30.6,31.2,2420,,26500,weekly,2019-8-29T21:00:00.000,options,put
163,1566370380000,31.1,31.75,31.0,31.75,700,,26500,weekly,2019-8-29T21:00:00.000,options,put
164,1566370440000,31.05,31.05,30.35,30.7,4380,,26500,weekly,2019-8-29T21:00:00.000,options,put
165,1566370500000,30.25,31.05,30.25,30.75,380,,26500,weekly,2019-8-29T21:00:00.000,options,put
166,1566370560000,30.3,30.9,30.15,30.9,420,,26500,weekly,2019-8-29T21:00:00.000,options,put
167,1566370620000,30.35,30.7,30.15,30.55,700,,26500,weekly,2019-8-29T21:00:00.000,options,put
168,1566370680000,30.55,30.55,29.15,29.6,2140,,26500,weekly,2019-8-29T21:00:00.000,options,put
169,1566370740000,29.5,29.5,29.0,29.0,620,,26500,weekly,2019-8-29T21:00:00.000,options,put
170,1566370800000,28.85,28.85,28.55,28.55,300,,26500,weekly,2019-8-29T21:00:00.000,options,put
171,1566370860000,28.55,29.3,28.55,29.2,2480,,26500,weekly,2019-8-29T21:00:00.000,options,put
172,1566370920000,29.9,30.55,29.9,30.5,2940,,26500,weekly,2019-8-29T21:00:00.000,options,put
173,1566370980000,29.65,30.3,29.5,30.3,80,,26500,weekly,2019-8-29T21:00:00.000,options,put
174,1566371040000,30.15,30.5,30.1,30.1,540,,26500,weekly,2019-8-29T21:00:00.000,options,put
175,1566371100000,29.95,30.55,29.95,30.55,100,,26500,weekly,2019-8-29T21:00:00.000,options,put
176,1566371160000,30.9,30.9,30.35,30.35,40,,26500,weekly,2019-8-29T21:00:00.000,options,put
177,1566371280000,30.0,30.65,29.95,30.65,440,,26500,weekly,2019-8-29T21:00:00.000,options,put
178,1566371340000,30.6,30.6,30.6,30.6,20,,26500,weekly,2019-8-29T21:00:00.000,options,put
179,1566371400000,31.2,32.0,31.2,32.0,140,,26500,weekly,2019-8-29T21:00:00.000,options,put
180,1566371460000,32.1,32.1,31.4,31.4,520,,26500,weekly,2019-8-29T21:00:00.000,options,put
181,1566371520000,31.4,31.4,31.4,31.4,700,,26500,weekly,2019-8-29T21:00:00.000,options,put
182,1566371580000,31.5,32.15,31.5,32.15,500,,26500,weekly,2019-8-29T21:00:00.000,options,put
183,1566371640000,31.85,31.95,31.7,31.7,660,,26500,weekly,2019-8-29T21:00:00.000,options,put
184,1566371700000,31.2,31.7,31.2,31.7,120,,26500,weekly,2019-8-29T21:00:00.000,options,put
185,1566371760000,31.6,32.45,31.5,32.45,1500,,26500,weekly,2019-8-29T21:00:00.000,options,put
186,1566371820000,32.2,32.25,30.95,30.95,680,,26500,weekly,2019-8-29T21:00:00.000,options,put
187,1566371880000,31.9,31.9,31.45,31.5,180,,26500,weekly,2019-8-29T21:00:00.000,options,put
188,1566371940000,32.15,32.35,32.15,32.35,80,,26500,weekly,2019-8-29T21:00:00.000,options,put
189,1566372000000,32.95,32.95,31.5,32.15,480,,26500,weekly,2019-8-29T21:00:00.000,options,put
190,1566372060000,31.5,31.9,31.25,31.9,920,,26500,weekly,2019-8-29T21:00:00.000,options,put
191,1566372120000,31.4,31.4,31.4,31.4,100,,26500,weekly,2019-8-29T21:00:00.000,options,put
192,1566372180000,31.4,31.4,30.8,31.25,1520,,26500,weekly,2019-8-29T21:00:00.000,options,put
193,1566372240000,31.3,31.6,31.3,31.6,60,,26500,weekly,2019-8-29T21:00:00.000,options,put
194,1566372300000,32.0,32.0,32.0,32.0,20,,26500,weekly,2019-8-29T21:00:00.000,options,put
195,1566372360000,31.55,31.55,31.45,31.45,1300,,26500,weekly,2019-8-29T21:00:00.000,options,put
196,1566372420000,31.35,31.35,30.4,30.45,440,,26500,weekly,2019-8-29T21:00:00.000,options,put
197,1566372480000,30.65,30.7,30.0,30.0,620,,26500,weekly,2019-8-29T21:00:00.000,options,put
198,1566372540000,30.0,30.3,30.0,30.3,180,,26500,weekly,2019-8-29T21:00:00.000,options,put
199,1566372600000,30.75,30.75,30.75,30.75,40,,26500,weekly,2019-8-29T21:00:00.000,options,put
200,1566372660000,30.85,30.85,30.8,30.85,120,,26500,weekly,2019-8-29T21:00:00.000,options,put
201,1566372720000,30.7,30.7,30.55,30.65,60,,26500,weekly,2019-8-29T21:00:00.000,options,put
202,1566372780000,31.1,31.1,30.8,30.8,100,,26500,weekly,2019-8-29T21:00:00.000,options,put
203,1566372840000,30.8,32.0,30.75,32.0,280,,26500,weekly,2019-8-29T21:00:00.000,options,put
204,1566372900000,31.85,31.9,31.55,31.55,180,,26500,weekly,2019-8-29T21:00:00.000,options,put
205,1566372960000,31.95,32.55,31.95,32.55,200,,26500,weekly,2019-8-29T21:00:00.000,options,put
206,1566373080000,33.1,33.25,32.95,33.0,320,,26500,weekly,2019-8-29T21:00:00.000,options,put
207,1566373140000,32.9,33.1,32.0,32.0,80,,26500,weekly,2019-8-29T21:00:00.000,options,put
208,1566373200000,31.95,31.95,31.1,31.1,480,,26500,weekly,2019-8-29T21:00:00.000,options,put
209,1566373320000,31.4,31.4,31.4,31.4,20,,26500,weekly,2019-8-29T21:00:00.000,options,put
210,1566373440000,31.65,31.65,31.0,31.0,280,,26500,weekly,2019-8-29T21:00:00.000,options,put
211,1566373680000,31.3,32.0,31.3,31.75,220,,26500,weekly,2019-8-29T21:00:00.000,options,put
212,1566373800000,32.0,32.0,32.0,32.0,140,,26500,weekly,2019-8-29T21:00:00.000,options,put
213,1566373920000,34.2,38.45,34.15,37.2,1900,,26500,weekly,2019-8-29T21:00:00.000,options,put
214,1566373980000,37.2,38.2,36.4,36.9,1680,,26500,weekly,2019-8-29T21:00:00.000,options,put
215,1566374040000,38.55,39.05,38.4,39.0,880,,26500,weekly,2019-8-29T21:00:00.000,options,put
216,1566374100000,38.75,39.3,38.0,38.0,4100,,26500,weekly,2019-8-29T21:00:00.000,options,put
217,1566374160000,41.85,41.85,37.2,37.65,3740,,26500,weekly,2019-8-29T21:00:00.000,options,put
218,1566374220000,37.85,38.65,36.0,36.0,1480,,26500,weekly,2019-8-29T21:00:00.000,options,put
219,1566374280000,36.2,36.2,35.65,36.1,520,,26500,weekly,2019-8-29T21:00:00.000,options,put
220,1566374340000,39.0,39.9,39.0,39.9,1320,,26500,weekly,2019-8-29T21:00:00.000,options,put
221,1566374400000,39.05,39.05,37.95,38.95,680,,26500,weekly,2019-8-29T21:00:00.000,options,put
222,1566374460000,37.8,39.25,37.8,38.5,320,,26500,weekly,2019-8-29T21:00:00.000,options,put
223,1566374520000,38.5,39.7,37.3,37.3,300,,26500,weekly,2019-8-29T21:00:00.000,options,put
224,1566374580000,37.75,37.75,36.0,36.0,1300,,26500,weekly,2019-8-29T21:00:00.000,options,put
225,1566374640000,36.0,37.5,35.5,35.5,1540,,26500,weekly,2019-8-29T21:00:00.000,options,put
226,1566374700000,35.75,35.75,35.75,35.75,120,,26500,weekly,2019-8-29T21:00:00.000,options,put
227,1566374760000,35.5,35.5,35.0,35.0,400,,26500,weekly,2019-8-29T21:00:00.000,options,put
228,1566374820000,35.05,36.1,31.65,31.65,2820,,26500,weekly,2019-8-29T21:00:00.000,options,put
229,1566374880000,32.55,33.5,32.55,33.5,80,,26500,weekly,2019-8-29T21:00:00.000,options,put
230,1566374940000,33.5,33.5,33.4,33.4,160,,26500,weekly,2019-8-29T21:00:00.000,options,put
231,1566375000000,35.25,35.25,34.0,34.0,20,,26500,weekly,2019-8-29T21:00:00.000,options,put
232,1566375060000,34.0,34.4,33.85,34.4,140,,26500,weekly,2019-8-29T21:00:00.000,options,put
233,1566375120000,35.35,36.8,35.35,36.8,420,,26500,weekly,2019-8-29T21:00:00.000,options,put
234,1566375180000,37.45,37.85,37.0,37.45,740,,26500,weekly,2019-8-29T21:00:00.000,options,put
235,1566375240000,38.55,38.8,38.1,38.8,120,,26500,weekly,2019-8-29T21:00:00.000,options,put
236,1566375300000,38.6,39.05,38.0,38.0,1180,,26500,weekly,2019-8-29T21:00:00.000,options,put
237,1566375360000,36.45,36.45,35.4,35.75,280,,26500,weekly,2019-8-29T21:00:00.000,options,put
238,1566375420000,36.0,36.25,35.0,35.0,940,,26500,weekly,2019-8-29T21:00:00.000,options,put
239,1566375480000,34.55,34.7,33.7,33.8,500,,26500,weekly,2019-8-29T21:00:00.000,options,put
240,1566375540000,33.8,33.8,32.6,32.6,1060,,26500,weekly,2019-8-29T21:00:00.000,options,put
241,1566375600000,33.0,35.2,33.0,35.2,220,,26500,weekly,2019-8-29T21:00:00.000,options,put
242,1566375660000,34.75,34.75,34.1,34.45,540,,26500,weekly,2019-8-29T21:00:00.000,options,put
243,1566375780000,35.5,36.0,35.25,35.5,480,,26500,weekly,2019-8-29T21:00:00.000,options,put
244,1566375840000,35.95,36.0,35.95,36.0,640,,26500,weekly,2019-8-29T21:00:00.000,options,put
245,1566375900000,37.6,37.95,37.35,37.5,460,,26500,weekly,2019-8-29T21:00:00.000,options,put
246,1566375960000,37.5,39.45,37.5,38.7,600,,26500,weekly,2019-8-29T21:00:00.000,options,put
247,1566376020000,37.9,39.05,37.0,37.0,820,,26500,weekly,2019-8-29T21:00:00.000,options,put
248,1566376080000,37.0,37.0,36.5,36.75,660,,26500,weekly,2019-8-29T21:00:00.000,options,put
249,1566376140000,36.2,37.65,35.4,37.65,1140,,26500,weekly,2019-8-29T21:00:00.000,options,put
250,1566376200000,37.4,37.4,36.0,36.0,500,,26500,weekly,2019-8-29T21:00:00.000,options,put
251,1566376260000,36.05,36.7,35.2,35.2,1040,,26500,weekly,2019-8-29T21:00:00.000,options,put
252,1566376320000,35.25,35.25,34.35,34.35,140,,26500,weekly,2019-8-29T21:00:00.000,options,put
253,1566376380000,34.35,34.75,34.35,34.75,80,,26500,weekly,2019-8-29T21:00:00.000,options,put
254,1566376440000,35.65,37.15,35.65,37.15,380,,26500,weekly,2019-8-29T21:00:00.000,options,put
255,1566376500000,36.8,36.8,35.8,35.8,340,,26500,weekly,2019-8-29T21:00:00.000,options,put
256,1566376560000,35.85,35.85,35.5,35.5,120,,26500,weekly,2019-8-29T21:00:00.000,options,put
257,1566376620000,34.9,36.55,34.85,36.3,440,,26500,weekly,2019-8-29T21:00:00.000,options,put
258,1566376680000,37.0,37.5,36.1,36.1,460,,26500,weekly,2019-8-29T21:00:00.000,options,put
259,1566376740000,35.9,36.45,35.9,36.0,280,,26500,weekly,2019-8-29T21:00:00.000,options,put
260,1566376800000,36.45,38.25,36.25,36.25,540,,26500,weekly,2019-8-29T21:00:00.000,options,put
261,1566376860000,36.0,36.0,35.4,35.4,140,,26500,weekly,2019-8-29T21:00:00.000,options,put
262,1566376920000,35.75,38.35,35.75,38.35,1340,,26500,weekly,2019-8-29T21:00:00.000,options,put
263,1566376980000,38.85,39.95,37.35,37.4,1820,,26500,weekly,2019-8-29T21:00:00.000,options,put
264,1566377040000,36.7,37.9,36.6,37.3,880,,26500,weekly,2019-8-29T21:00:00.000,options,put
265,1566377100000,38.9,39.1,38.05,38.85,700,,26500,weekly,2019-8-29T21:00:00.000,options,put
266,1566377160000,38.4,38.4,37.25,37.25,1620,,26500,weekly,2019-8-29T21:00:00.000,options,put
267,1566377220000,36.85,37.65,36.2,37.0,880,,26500,weekly,2019-8-29T21:00:00.000,options,put
268,1566377280000,36.35,37.5,36.1,37.5,740,,26500,weekly,2019-8-29T21:00:00.000,options,put
269,1566377340000,37.1,37.4,35.0,35.75,1220,,26500,weekly,2019-8-29T21:00:00.000,options,put
270,1566377400000,36.15,36.15,34.5,35.0,300,,26500,weekly,2019-8-29T21:00:00.000,options,put
271,1566377520000,36.1,36.1,36.1,36.1,40,,26500,weekly,2019-8-29T21:00:00.000,options,put
272,1566377580000,35.1,36.25,35.1,36.15,1440,,26500,weekly,2019-8-29T21:00:00.000,options,put
273,1566377640000,36.05,36.25,35.4,35.45,760,,26500,weekly,2019-8-29T21:00:00.000,options,put
274,1566377700000,33.15,33.75,33.0,33.75,840,,26500,weekly,2019-8-29T21:00:00.000,options,put
275,1566377760000,33.15,33.5,32.55,33.5,1500,,26500,weekly,2019-8-29T21:00:00.000,options,put
276,1566377820000,33.65,34.1,33.05,33.65,400,,26500,weekly,2019-8-29T21:00:00.000,options,put
277,1566377880000,34.15,34.7,34.15,34.7,100,,26500,weekly,2019-8-29T21:00:00.000,options,put
278,1566377940000,34.7,37.55,34.7,37.55,260,,26500,weekly,2019-8-29T21:00:00.000,options,put
279,1566378000000,39.0,40.0,38.55,39.85,1620,,26500,weekly,2019-8-29T21:00:00.000,options,put
280,1566378060000,39.9,42.0,39.9,41.15,2840,,26500,weekly,2019-8-29T21:00:00.000,options,put
281,1566378120000,40.85,41.45,38.75,39.1,880,,26500,weekly,2019-8-29T21:00:00.000,options,put
282,1566378180000,39.1,39.95,39.0,39.75,700,,26500,weekly,2019-8-29T21:00:00.000,options,put
283,1566378240000,40.0,40.5,39.1,39.1,1380,,26500,weekly,2019-8-29T21:00:00.000,options,put
284,1566378300000,39.5,40.3,39.5,40.3,200,,26500,weekly,2019-8-29T21:00:00.000,options,put
285,1566378360000,40.85,42.35,40.5,42.2,1800,,26500,weekly,2019-8-29T21:00:00.000,options,put
286,1566378420000,42.2,42.4,40.05,40.05,520,,26500,weekly,2019-8-29T21:00:00.000,options,put
287,1566378480000,40.0,41.8,40.0,41.8,1240,,26500,weekly,2019-8-29T21:00:00.000,options,put
288,1566378540000,41.8,43.0,41.25,41.25,820,,26500,weekly,2019-8-29T21:00:00.000,options,put
289,1566378600000,41.75,42.5,41.75,42.0,580,,26500,weekly,2019-8-29T21:00:00.000,options,put
290,1566378660000,40.8,41.6,39.95,40.0,1660,,26500,weekly,2019-8-29T21:00:00.000,options,put
291,1566378720000,40.0,40.75,40.0,40.0,2080,,26500,weekly,2019-8-29T21:00:00.000,options,put
292,1566378780000,40.35,40.5,40.2,40.2,460,,26500,weekly,2019-8-29T21:00:00.000,options,put
293,1566378840000,39.5,39.95,38.7,39.95,600,,26500,weekly,2019-8-29T21:00:00.000,options,put
294,1566378900000,39.95,40.7,39.95,40.2,840,,26500,weekly,2019-8-29T21:00:00.000,options,put
295,1566378960000,40.5,41.3,40.45,41.0,840,,26500,weekly,2019-8-29T21:00:00.000,options,put
296,1566379020000,40.15,40.15,40.15,40.15,260,,26500,weekly,2019-8-29T21:00:00.000,options,put
297,1566379080000,40.45,41.15,40.45,40.5,820,,26500,weekly,2019-8-29T21:00:00.000,options,put
298,1566379140000,40.15,40.45,38.45,38.9,380,,26500,weekly,2019-8-29T21:00:00.000,options,put
299,1566379200000,39.0,39.0,37.0,37.45,1020,,26500,weekly,2019-8-29T21:00:00.000,options,put
300,1566379260000,37.85,38.95,37.85,38.4,920,,26500,weekly,2019-8-29T21:00:00.000,options,put
301,1566379320000,38.95,39.15,37.95,37.95,500,,26500,weekly,2019-8-29T21:00:00.000,options,put
302,1566379380000,38.25,39.45,38.0,39.0,580,,26500,weekly,2019-8-29T21:00:00.000,options,put
303,1566379440000,37.6,37.85,37.6,37.85,180,,26500,weekly,2019-8-29T21:00:00.000,options,put
304,1566379500000,38.1,38.5,38.1,38.5,180,,26500,weekly,2019-8-29T21:00:00.000,options,put
305,1566379560000,38.3,38.3,38.05,38.05,140,,26500,weekly,2019-8-29T21:00:00.000,options,put
306,1566379620000,38.15,38.2,37.15,38.2,360,,26500,weekly,2019-8-29T21:00:00.000,options,put
307,1566379680000,38.0,39.9,38.0,39.5,440,,26500,weekly,2019-8-29T21:00:00.000,options,put
308,1566379740000,39.45,39.45,32.15,32.25,2360,,26500,weekly,2019-8-29T21:00:00.000,options,put
309,1566379800000,32.5,34.85,29.85,34.35,17520,,26500,weekly,2019-8-29T21:00:00.000,options,put
310,1566379860000,34.9,36.05,33.65,34.4,2400,,26500,weekly,2019-8-29T21:00:00.000,options,put
311,1566379920000,34.4,35.5,33.35,34.6,940,,26500,weekly,2019-8-29T21:00:00.000,options,put
312,1566379980000,34.85,35.1,34.55,35.1,140,,26500,weekly,2019-8-29T21:00:00.000,options,put
313,1566380040000,34.55,34.9,33.65,34.9,280,,26500,weekly,2019-8-29T21:00:00.000,options,put
314,1566380100000,34.3,35.05,33.55,34.15,1600,,26500,weekly,2019-8-29T21:00:00.000,options,put
315,1566380160000,33.0,34.15,32.7,33.5,2040,,26500,weekly,2019-8-29T21:00:00.000,options,put
316,1566380220000,34.35,34.65,33.25,33.4,960,,26500,weekly,2019-8-29T21:00:00.000,options,put
317,1566380280000,34.0,35.1,34.0,35.05,520,,26500,weekly,2019-8-29T21:00:00.000,options,put
318,1566380340000,35.1,35.4,34.55,34.55,1060,,26500,weekly,2019-8-29T21:00:00.000,options,put
319,1566380400000,34.55,35.45,34.55,34.95,400,,26500,weekly,2019-8-29T21:00:00.000,options,put
320,1566380460000,34.95,35.4,34.9,35.4,420,,26500,weekly,2019-8-29T21:00:00.000,options,put
321,1566380520000,35.55,35.55,34.7,34.7,800,,26500,weekly,2019-8-29T21:00:00.000,options,put
322,1566380580000,34.55,35.05,34.55,34.9,1460,,26500,weekly,2019-8-29T21:00:00.000,options,put
323,1566380640000,34.9,35.15,34.5,35.15,1000,,26500,weekly,2019-8-29T21:00:00.000,options,put
324,1566380700000,34.9,35.05,34.5,34.6,960,,26500,weekly,2019-8-29T21:00:00.000,options,put
325,1566380760000,34.45,34.6,34.1,34.35,880,,26500,weekly,2019-8-29T21:00:00.000,options,put
326,1566380820000,34.35,34.55,34.0,34.55,1800,,26500,weekly,2019-8-29T21:00:00.000,options,put
327,1566380880000,34.4,35.45,34.4,34.9,1220,,26500,weekly,2019-8-29T21:00:00.000,options,put
328,1566380940000,35.45,35.8,35.15,35.8,700,,26500,weekly,2019-8-29T21:00:00.000,options,put
329,1566381000000,35.8,35.8,35.5,35.6,300,,26500,weekly,2019-8-29T21:00:00.000,options,put
330,1566381060000,35.45,35.7,35.0,35.15,900,,26500,weekly,2019-8-29T21:00:00.000,options,put
331,1566381120000,35.65,36.0,35.5,36.0,1900,,26500,weekly,2019-8-29T21:00:00.000,options,put
332,1566381180000,35.2,35.35,35.2,35.35,100,,26500,weekly,2019-8-29T21:00:00.000,options,put
333,1566381240000,35.1,35.1,33.8,33.95,1820,,26500,weekly,2019-8-29T21:00:00.000,options,put
334,1566381300000,33.6,33.6,32.9,33.15,980,,26500,weekly,2019-8-29T21:00:00.000,options,put
335,1566381360000,32.75,32.75,32.15,32.25,940,,26500,weekly,2019-8-29T21:00:00.000,options,put
336,1566381420000,32.15,32.15,31.6,31.6,1980,,26500,weekly,2019-8-29T21:00:00.000,options,put
337,1566381480000,31.35,31.35,28.1,28.1,3760,,26500,weekly,2019-8-29T21:00:00.000,options,put
