,timestamp,open,high,low,close,volume,open_interest,strike,expiry_type,expiry,instrument,contract_type
0,1590052500000,377.45,518.1,377.45,400.0,2340,,18300,weekly,2020-5-21T21:00:00.000,options,put
1,1590052560000,400.0,403.9,313.55,348.55,3260,,18300,weekly,2020-5-21T21:00:00.000,options,put
2,1590052620000,345.7,359.05,317.75,320.35,5980,,18300,weekly,2020-5-21T21:00:00.000,options,put
3,1590052680000,321.25,328.55,299.05,323.3,6360,,18300,weekly,2020-5-21T21:00:00.000,options,put
4,1590052740000,322.75,330.2,295.7,330.2,3760,,18300,weekly,2020-5-21T21:00:00.000,options,put
5,1590052800000,330.05,341.6,313.85,322.5,4480,,18300,weekly,2020-5-21T21:00:00.000,options,put
6,1590052860000,327.25,351.9,324.35,350.15,4760,,18300,weekly,2020-5-21T21:00:00.000,options,put
7,1590052920000,350.15,350.15,325.3,332.75,3340,,18300,weekly,2020-5-21T21:00:00.000,options,put
8,1590052980000,331.3,345.65,320.1,337.35,6820,,18300,weekly,2020-5-21T21:00:00.000,options,put
9,1590053040000,335.05,355.8,330.0,353.7,6140,,18300,weekly,2020-5-21T21:00:00.000,options,put
10,1590053100000,351.7,378.95,349.55,360.0,6700,,18300,weekly,2020-5-21T21:00:00.000,options,put
11,1590053160000,359.25,360.75,331.45,339.55,4420,,18300,weekly,2020-5-21T21:00:00.000,options,put
12,1590053220000,342.95,345.5,330.0,330.0,3640,,18300,weekly,2020-5-21T21:00:00.000,options,put
13,1590053280000,328.45,328.45,291.1,301.2,8260,,18300,weekly,2020-5-21T21:00:00.000,options,put
14,1590053340000,301.2,314.75,290.0,290.0,7360,,18300,weekly,2020-5-21T21:00:00.000,options,put
15,1590053400000,287.0,292.0,272.05,272.3,7580,,18300,weekly,2020-5-21T21:00:00.000,options,put
16,1590053460000,272.65,301.25,272.65,294.7,5980,,18300,weekly,2020-5-21T21:00:00.000,options,put
17,1590053520000,295.1,313.0,295.1,310.0,3100,,18300,weekly,2020-5-21T21:00:00.000,options,put
18,1590053580000,308.05,314.95,304.85,313.3,7060,,18300,weekly,2020-5-21T21:00:00.000,options,put
19,1590053640000,311.55,311.55,281.25,288.35,4140,,18300,weekly,2020-5-21T21:00:00.000,options,put
20,1590053700000,285.1,285.25,241.9,252.05,9340,,18300,weekly,2020-5-21T21:00:00.000,options,put
21,1590053760000,257.2,262.7,243.15,249.0,12480,,18300,weekly,2020-5-21T21:00:00.000,options,put
22,1590053820000,250.6,258.55,239.85,248.15,7760,,18300,weekly,2020-5-21T21:00:00.000,options,put
23,1590053880000,248.15,254.0,235.9,236.45,4800,,18300,weekly,2020-5-21T21:00:00.000,options,put
24,1590053940000,237.3,243.15,227.25,232.05,7420,,18300,weekly,2020-5-21T21:00:00.000,options,put
25,1590054000000,231.2,239.0,224.6,231.55,10680,,18300,weekly,2020-5-21T21:00:00.000,options,put
26,1590054060000,232.45,241.25,212.55,225.4,7060,,18300,weekly,2020-5-21T21:00:00.000,options,put
27,1590054120000,224.75,237.2,220.45,236.85,4820,,18300,weekly,2020-5-21T21:00:00.000,options,put
28,1590054180000,237.3,246.5,233.45,243.8,4900,,18300,weekly,2020-5-21T21:00:00.000,options,put
29,1590054240000,243.35,248.3,235.4,247.0,3100,,18300,weekly,2020-5-21T21:00:00.000,options,put
30,1590054300000,249.5,249.95,224.6,226.65,2900,,18300,weekly,2020-5-21T21:00:00.000,options,put
31,1590054360000,226.65,240.0,225.0,235.85,1980,,18300,weekly,2020-5-21T21:00:00.000,options,put
32,1590054420000,235.85,257.55,235.85,252.15,6160,,18300,weekly,2020-5-21T21:00:00.000,options,put
33,1590054480000,246.5,249.4,238.7,245.0,2480,,18300,weekly,2020-5-21T21:00:00.000,options,put
34,1590054540000,245.85,262.5,245.85,252.35,5520,,18300,weekly,2020-5-21T21:00:00.000,options,put
35,1590054600000,257.3,262.4,248.9,262.4,4020,,18300,weekly,2020-5-21T21:00:00.000,options,put
36,1590054660000,261.1,270.0,257.45,267.3,6400,,18300,weekly,2020-5-21T21:00:00.000,options,put
37,1590054720000,267.3,268.7,251.6,255.1,4620,,18300,weekly,2020-5-21T21:00:00.000,options,put
38,1590054780000,255.45,257.15,246.0,249.05,2840,,18300,weekly,2020-5-21T21:00:00.000,options,put
39,1590054840000,248.25,250.2,237.6,249.85,2840,,18300,weekly,2020-5-21T21:00:00.000,options,put
40,1590054900000,251.0,271.65,250.0,266.85,5940,,18300,weekly,2020-5-21T21:00:00.000,options,put
41,1590054960000,266.0,272.0,260.0,262.45,2580,,18300,weekly,2020-5-21T21:00:00.000,options,put
42,1590055020000,262.4,280.85,253.8,278.9,6120,,18300,weekly,2020-5-21T21:00:00.000,options,put
43,1590055080000,279.45,280.0,260.0,260.0,3680,,18300,weekly,2020-5-21T21:00:00.000,options,put
44,1590055140000,260.0,261.0,248.45,250.55,2840,,18300,weekly,2020-5-21T21:00:00.000,options,put
45,1590055200000,250.55,253.85,243.75,245.0,2700,,18300,weekly,2020-5-21T21:00:00.000,options,put
46,1590055260000,246.95,249.45,242.35,245.0,2860,,18300,weekly,2020-5-21T21:00:00.000,options,put
47,1590055320000,249.0,252.65,226.8,226.8,2900,,18300,weekly,2020-5-21T21:00:00.000,options,put
48,1590055380000,228.7,236.4,226.15,231.25,4380,,18300,weekly,2020-5-21T21:00:00.000,options,put
49,1590055440000,231.25,234.25,221.6,225.3,4740,,18300,weekly,2020-5-21T21:00:00.000,options,put
50,1590055500000,225.6,229.95,218.95,227.45,4600,,18300,weekly,2020-5-21T21:00:00.000,options,put
51,1590055560000,227.45,239.95,226.45,239.95,2200,,18300,weekly,2020-5-21T21:00:00.000,options,put
52,1590055620000,240.0,241.55,232.0,240.4,1860,,18300,weekly,2020-5-21T21:00:00.000,options,put
53,1590055680000,242.0,246.55,237.9,244.0,3200,,18300,weekly,2020-5-21T21:00:00.000,options,put
54,1590055740000,244.4,244.4,232.0,240.25,1480,,18300,weekly,2020-5-21T21:00:00.000,options,put
55,1590055800000,240.25,243.05,234.55,240.25,1580,,18300,weekly,2020-5-21T21:00:00.000,options,put
56,1590055860000,242.55,246.95,230.9,246.95,4100,,18300,weekly,2020-5-21T21:00:00.000,options,put
57,1590055920000,246.3,254.85,246.2,249.15,2560,,18300,weekly,2020-5-21T21:00:00.000,options,put
58,1590055980000,247.35,254.9,239.15,254.9,3720,,18300,weekly,2020-5-21T21:00:00.000,options,put
59,1590056040000,254.9,261.25,245.05,251.0,3880,,18300,weekly,2020-5-21T21:00:00.000,options,put
60,1590056100000,249.95,249.95,233.85,239.0,2560,,18300,weekly,2020-5-21T21:00:00.000,options,put
61,1590056160000,238.05,238.3,227.05,229.45,3960,,18300,weekly,2020-5-21T21:00:00.000,options,put
62,1590056220000,227.8,231.65,221.85,221.85,4800,,18300,weekly,2020-5-21T21:00:00.000,options,put
63,1590056280000,222.65,235.0,219.1,233.7,4620,,18300,weekly,2020-5-21T21:00:00.000,options,put
64,1590056340000,233.7,234.45,225.6,231.0,2620,,18300,weekly,2020-5-21T21:00:00.000,options,put
65,1590056400000,230.95,237.6,223.1,234.45,3740,,18300,weekly,2020-5-21T21:00:00.000,options,put
66,1590056460000,234.45,235.2,225.75,232.45,1900,,18300,weekly,2020-5-21T21:00:00.000,options,put
67,1590056520000,232.45,240.0,229.45,229.85,1560,,18300,weekly,2020-5-21T21:00:00.000,options,put
68,1590056580000,229.55,231.05,218.5,220.55,3320,,18300,weekly,2020-5-21T21:00:00.000,options,put
69,1590056640000,220.55,230.0,220.55,227.15,2780,,18300,weekly,2020-5-21T21:00:00.000,options,put
70,1590056700000,226.6,230.95,216.3,216.3,2100,,18300,weekly,2020-5-21T21:00:00.000,options,put
71,1590056760000,218.1,218.1,182.9,185.55,22300,,18300,weekly,2020-5-21T21:00:00.000,options,put
72,1590056820000,185.0,189.0,173.0,184.95,19200,,18300,weekly,2020-5-21T21:00:00.000,options,put
73,1590056880000,188.0,193.0,183.7,186.55,7020,,18300,weekly,2020-5-21T21:00:00.000,options,put
74,1590056940000,184.65,184.65,176.5,181.9,11120,,18300,weekly,2020-5-21T21:00:00.000,options,put
75,1590057000000,181.45,186.7,179.0,179.0,6420,,18300,weekly,2020-5-21T21:00:00.000,options,put
76,1590057060000,180.0,183.2,171.35,181.6,10100,,18300,weekly,2020-5-21T21:00:00.000,options,put
77,1590057120000,183.45,190.0,180.5,185.6,7080,,18300,weekly,2020-5-21T21:00:00.000,options,put
78,1590057180000,186.4,186.5,175.15,176.85,2940,,18300,weekly,2020-5-21T21:00:00.000,options,put
79,1590057240000,174.9,184.9,173.05,184.9,4780,,18300,weekly,2020-5-21T21:00:00.000,options,put
80,1590057300000,184.75,184.75,173.15,182.95,8460,,18300,weekly,2020-5-21T21:00:00.000,options,put
81,1590057360000,182.9,195.0,181.3,188.4,10840,,18300,weekly,2020-5-21T21:00:00.000,options,put
82,1590057420000,189.6,189.8,180.05,180.7,5900,,18300,weekly,2020-5-21T21:00:00.000,options,put
83,1590057480000,181.95,183.5,169.0,175.6,8880,,18300,weekly,2020-5-21T21:00:00.000,options,put
84,1590057540000,174.35,176.25,165.6,171.1,6360,,18300,weekly,2020-5-21T21:00:00.000,options,put
85,1590057600000,172.2,182.1,169.9,181.0,12160,,18300,weekly,2020-5-21T21:00:00.000,options,put
86,1590057660000,182.9,183.45,176.55,179.6,4700,,18300,weekly,2020-5-21T21:00:00.000,options,put
87,1590057720000,180.95,191.5,180.6,189.7,8200,,18300,weekly,2020-5-21T21:00:00.000,options,put
88,1590057780000,190.1,190.1,181.0,182.8,6180,,18300,weekly,2020-5-21T21:00:00.000,options,put
89,1590057840000,182.0,182.15,168.7,170.0,10440,,18300,weekly,2020-5-21T21:00:00.000,options,put
90,1590057900000,170.95,170.95,161.1,164.9,9760,,18300,weekly,2020-5-21T21:00:00.000,options,put
91,1590057960000,165.0,178.95,164.1,178.95,12140,,18300,weekly,2020-5-21T21:00:00.000,options,put
92,1590058020000,175.05,180.0,171.95,180.0,6100,,18300,weekly,2020-5-21T21:00:00.000,options,put
93,1590058080000,178.35,185.7,177.25,177.95,6820,,18300,weekly,2020-5-21T21:00:00.000,options,put
94,1590058140000,179.9,187.85,179.9,184.5,7180,,18300,weekly,2020-5-21T21:00:00.000,options,put
95,1590058200000,185.95,193.35,182.0,186.45,15280,,18300,weekly,2020-5-21T21:00:00.000,options,put
96,1590058260000,186.2,202.4,186.2,191.9,10040,,18300,weekly,2020-5-21T21:00:00.000,options,put
97,1590058320000,190.35,195.7,185.75,195.7,5700,,18300,weekly,2020-5-21T21:00:00.000,options,put
98,1590058380000,196.0,201.35,191.05,195.05,15020,,18300,weekly,2020-5-21T21:00:00.000,options,put
99,1590058440000,195.35,205.65,192.65,202.35,13240,,18300,weekly,2020-5-21T21:00:00.000,options,put
100,1590058500000,199.1,213.8,198.35,206.75,11560,,18300,weekly,2020-5-21T21:00:00.000,options,put
101,1590058560000,205.0,209.5,194.25,195.4,9940,,18300,weekly,2020-5-21T21:00:00.000,options,put
102,1590058620000,196.9,197.8,188.0,188.0,7080,,18300,weekly,2020-5-21T21:00:00.000,options,put
103,1590058680000,188.0,197.0,187.25,196.2,4360,,18300,weekly,2020-5-21T21:00:00.000,options,put
104,1590058740000,198.85,206.75,198.85,206.75,12520,,18300,weekly,2020-5-21T21:00:00.000,options,put
105,1590058800000,206.9,212.95,203.95,206.15,18520,,18300,weekly,2020-5-21T21:00:00.000,options,put
106,1590058860000,208.65,218.3,206.2,208.95,10160,,18300,weekly,2020-5-21T21:00:00.000,options,put
107,1590058920000,208.95,210.05,199.5,200.1,4900,,18300,weekly,2020-5-21T21:00:00.000,options,put
108,1590058980000,201.85,202.0,192.0,195.0,5140,,18300,weekly,2020-5-21T21:00:00.000,options,put
109,1590059040000,195.7,201.9,194.2,199.0,4140,,18300,weekly,2020-5-21T21:00:00.000,options,put
110,1590059100000,200.0,211.25,198.2,208.8,5420,,18300,weekly,2020-5-21T21:00:00.000,options,put
111,1590059160000,208.8,219.5,206.4,218.2,12800,,18300,weekly,2020-5-21T21:00:00.000,options,put
112,1590059220000,218.0,219.45,208.9,218.0,7460,,18300,weekly,2020-5-21T21:00:00.000,options,put
113,1590059280000,218.0,222.0,207.5,207.6,9660,,18300,weekly,2020-5-21T21:00:00.000,options,put
114,1590059340000,207.4,208.65,201.9,204.85,6340,,18300,weekly,2020-5-21T21:00:00.000,options,put
115,1590059400000,205.0,231.7,203.0,227.5,18400,,18300,weekly,2020-5-21T21:00:00.000,options,put
116,1590059460000,227.5,232.95,218.15,225.6,9900,,18300,weekly,2020-5-21T21:00:00.000,options,put
117,1590059520000,225.55,226.0,214.2,215.05,6740,,18300,weekly,2020-5-21T21:00:00.000,options,put
118,1590059580000,216.9,231.15,216.9,217.0,8140,,18300,weekly,2020-5-21T21:00:00.000,options,put
119,1590059640000,219.0,222.0,211.1,216.9,5500,,18300,weekly,2020-5-21T21:00:00.000,options,put
120,1590059700000,215.85,215.85,206.05,206.15,9360,,18300,weekly,2020-5-21T21:00:00.000,options,put
121,1590059760000,207.3,215.6,203.05,209.5,7900,,18300,weekly,2020-5-21T21:00:00.000,options,put
122,1590059820000,210.2,215.0,205.95,207.3,6920,,18300,weekly,2020-5-21T21:00:00.000,options,put
123,1590059880000,205.0,210.85,198.5,203.85,9580,,18300,weekly,2020-5-21T21:00:00.000,options,put
124,1590059940000,203.85,210.0,201.75,210.0,5760,,18300,weekly,2020-5-21T21:00:00.000,options,put
125,1590060000000,212.0,217.55,209.0,215.85,7640,,18300,weekly,2020-5-21T21:00:00.000,options,put
126,1590060060000,218.4,227.0,216.75,221.6,7440,,18300,weekly,2020-5-21T21:00:00.000,options,put
127,1590060120000,222.5,256.6,222.0,254.95,26500,,18300,weekly,2020-5-21T21:00:00.000,options,put
128,1590060180000,256.55,258.45,238.5,238.5,14660,,18300,weekly,2020-5-21T21:00:00.000,options,put
129,1590060240000,242.7,247.8,238.0,241.85,4520,,18300,weekly,2020-5-21T21:00:00.000,options,put
130,1590060300000,241.85,241.85,226.2,226.2,4400,,18300,weekly,2020-5-21T21:00:00.000,options,put
131,1590060360000,226.95,230.3,216.0,222.65,5900,,18300,weekly,2020-5-21T21:00:00.000,options,put
132,1590060420000,222.25,223.35,205.2,213.9,9680,,18300,weekly,2020-5-21T21:00:00.000,options,put
133,1590060480000,213.0,224.3,212.35,216.55,5120,,18300,weekly,2020-5-21T21:00:00.000,options,put
134,1590060540000,215.15,220.0,214.55,219.2,2180,,18300,weekly,2020-5-21T21:00:00.000,options,put
135,1590060600000,219.2,219.95,205.0,216.05,6720,,18300,weekly,2020-5-21T21:00:00.000,options,put
136,1590060660000,215.45,225.0,213.9,219.3,6380,,18300,weekly,2020-5-21T21:00:00.000,options,put
137,1590060720000,221.45,221.95,197.3,197.3,6600,,18300,weekly,2020-5-21T21:00:00.000,options,put
138,1590060780000,200.5,202.65,184.05,189.05,20860,,18300,weekly,2020-5-21T21:00:00.000,options,put
139,1590060840000,189.55,195.3,182.3,194.1,13500,,18300,weekly,2020-5-21T21:00:00.000,options,put
140,1590060900000,192.05,193.05,184.95,188.0,3920,,18300,weekly,2020-5-21T21:00:00.000,options,put
141,1590060960000,187.2,194.15,185.0,190.5,1960,,18300,weekly,2020-5-21T21:00:00.000,options,put
142,1590061020000,192.0,195.65,177.85,177.85,16620,,18300,weekly,2020-5-21T21:00:00.000,options,put
143,1590061080000,176.8,191.95,171.75,189.2,12100,,18300,weekly,2020-5-21T21:00:00.000,options,put
144,1590061140000,189.1,202.85,189.1,200.3,9240,,18300,weekly,2020-5-21T21:00:00.000,options,put
145,1590061200000,200.0,204.25,198.05,199.85,8880,,18300,weekly,2020-5-21T21:00:00.000,options,put
146,1590061260000,200.0,208.45,200.0,202.15,8440,,18300,weekly,2020-5-21T21:00:00.000,options,put
147,1590061320000,202.0,202.0,192.95,195.0,4900,,18300,weekly,2020-5-21T21:00:00.000,options,put
148,1590061380000,195.0,196.5,187.5,187.9,6680,,18300,weekly,2020-5-21T21:00:00.000,options,put
149,1590061440000,186.2,199.0,186.2,199.0,3020,,18300,weekly,2020-5-21T21:00:00.000,options,put
150,1590061500000,199.0,210.0,199.0,201.3,8340,,18300,weekly,2020-5-21T21:00:00.000,options,put
151,1590061560000,202.15,208.1,202.1,207.25,3220,,18300,weekly,2020-5-21T21:00:00.000,options,put
152,1590061620000,207.25,212.3,204.3,209.25,7260,,18300,weekly,2020-5-21T21:00:00.000,options,put
153,1590061680000,210.0,227.0,208.4,219.85,13860,,18300,weekly,2020-5-21T21:00:00.000,options,put
154,1590061740000,219.35,225.7,218.9,224.0,8080,,18300,weekly,2020-5-21T21:00:00.000,options,put
155,1590061800000,223.3,242.2,223.3,235.95,13280,,18300,weekly,2020-5-21T21:00:00.000,options,put
156,1590061860000,235.45,252.0,231.2,232.75,23800,,18300,weekly,2020-5-21T21:00:00.000,options,put
157,1590061920000,233.15,236.9,225.0,236.9,11300,,18300,weekly,2020-5-21T21:00:00.000,options,put
158,1590061980000,234.75,260.9,231.0,260.2,12900,,18300,weekly,2020-5-21T21:00:00.000,options,put
159,1590062040000,262.85,281.7,251.4,279.1,27780,,18300,weekly,2020-5-21T21:00:00.000,options,put
160,1590062100000,280.0,280.0,257.2,268.0,21540,,18300,weekly,2020-5-21T21:00:00.000,options,put
161,1590062160000,268.7,272.2,258.05,258.55,7160,,18300,weekly,2020-5-21T21:00:00.000,options,put
162,1590062220000,255.6,304.25,255.6,282.9,22120,,18300,weekly,2020-5-21T21:00:00.000,options,put
163,1590062280000,285.0,293.35,275.5,276.8,9780,,18300,weekly,2020-5-21T21:00:00.000,options,put
164,1590062340000,278.65,289.1,270.0,274.4,13320,,18300,weekly,2020-5-21T21:00:00.000,options,put
165,1590062400000,277.8,301.4,277.8,291.9,13640,,18300,weekly,2020-5-21T21:00:00.000,options,put
166,1590062460000,292.5,298.25,275.0,275.0,7320,,18300,weekly,2020-5-21T21:00:00.000,options,put
167,1590062520000,275.2,280.8,257.0,260.0,11780,,18300,weekly,2020-5-21T21:00:00.000,options,put
168,1590062580000,258.45,264.8,250.1,255.95,11360,,18300,weekly,2020-5-21T21:00:00.000,options,put
169,1590062640000,257.45,268.6,255.25,268.0,5900,,18300,weekly,2020-5-21T21:00:00.000,options,put
170,1590062700000,268.0,269.45,255.0,262.75,4400,,18300,weekly,2020-5-21T21:00:00.000,options,put
171,1590062760000,262.75,262.75,244.2,255.15,7860,,18300,weekly,2020-5-21T21:00:00.000,options,put
172,1590062820000,255.4,255.95,235.9,244.75,6700,,18300,weekly,2020-5-21T21:00:00.000,options,put
173,1590062880000,244.6,251.65,244.6,249.4,4500,,18300,weekly,2020-5-21T21:00:00.000,options,put
174,1590062940000,247.2,262.5,247.2,258.55,5380,,18300,weekly,2020-5-21T21:00:00.000,options,put
175,1590063000000,259.7,274.05,259.7,266.75,7580,,18300,weekly,2020-5-21T21:00:00.000,options,put
176,1590063060000,263.0,263.0,253.7,261.0,3980,,18300,weekly,2020-5-21T21:00:00.000,options,put
177,1590063120000,263.2,264.95,252.0,255.0,2620,,18300,weekly,2020-5-21T21:00:00.000,options,put
178,1590063180000,257.85,268.6,257.0,257.0,5300,,18300,weekly,2020-5-21T21:00:00.000,options,put
179,1590063240000,256.95,258.6,245.3,249.5,6220,,18300,weekly,2020-5-21T21:00:00.000,options,put
180,1590063300000,248.35,259.4,244.95,249.05,10120,,18300,weekly,2020-5-21T21:00:00.000,options,put
181,1590063360000,249.05,249.05,230.45,237.4,10300,,18300,weekly,2020-5-21T21:00:00.000,options,put
182,1590063420000,240.4,244.55,233.0,243.0,5980,,18300,weekly,2020-5-21T21:00:00.000,options,put
183,1590063480000,243.0,245.7,230.3,231.45,3280,,18300,weekly,2020-5-21T21:00:00.000,options,put
184,1590063540000,230.95,244.95,230.95,244.95,4340,,18300,weekly,2020-5-21T21:00:00.000,options,put
185,1590063600000,244.95,253.35,242.75,246.05,3880,,18300,weekly,2020-5-21T21:00:00.000,options,put
186,1590063660000,245.0,246.45,241.05,243.7,1520,,18300,weekly,2020-5-21T21:00:00.000,options,put
187,1590063720000,245.0,245.0,230.4,238.9,3320,,18300,weekly,2020-5-21T21:00:00.000,options,put
188,1590063780000,238.65,241.75,237.65,237.65,1120,,18300,weekly,2020-5-21T21:00:00.000,options,put
189,1590063840000,235.0,250.0,235.0,245.75,2360,,18300,weekly,2020-5-21T21:00:00.000,options,put
190,1590063900000,246.95,247.25,239.95,240.7,800,,18300,weekly,2020-5-21T21:00:00.000,options,put
191,1590063960000,240.7,241.4,221.9,223.1,7760,,18300,weekly,2020-5-21T21:00:00.000,options,put
192,1590064020000,224.95,234.15,222.0,229.95,4840,,18300,weekly,2020-5-21T21:00:00.000,options,put
193,1590064080000,228.0,245.85,228.0,244.2,3280,,18300,weekly,2020-5-21T21:00:00.000,options,put
194,1590064140000,245.45,266.0,244.45,259.5,9360,,18300,weekly,2020-5-21T21:00:00.000,options,put
195,1590064200000,262.0,293.65,262.0,289.65,20300,,18300,weekly,2020-5-21T21:00:00.000,options,put
196,1590064260000,284.95,297.55,279.95,290.0,12580,,18300,weekly,2020-5-21T21:00:00.000,options,put
197,1590064320000,290.0,290.0,276.2,282.25,2940,,18300,weekly,2020-5-21T21:00:00.000,options,put
198,1590064380000,282.0,285.1,270.85,285.1,5160,,18300,weekly,2020-5-21T21:00:00.000,options,put
199,1590064440000,286.6,286.6,270.0,274.15,3200,,18300,weekly,2020-5-21T21:00:00.000,options,put
200,1590064500000,275.0,297.55,272.35,296.8,7880,,18300,weekly,2020-5-21T21:00:00.000,options,put
201,1590064560000,293.95,331.35,287.9,326.15,26900,,18300,weekly,2020-5-21T21:00:00.000,options,put
202,1590064620000,326.15,347.8,315.0,316.65,13680,,18300,weekly,2020-5-21T21:00:00.000,options,put
203,1590064680000,315.0,317.65,296.4,309.8,12000,,18300,weekly,2020-5-21T21:00:00.000,options,put
204,1590064740000,307.1,317.1,307.0,313.0,5140,,18300,weekly,2020-5-21T21:00:00.000,options,put
205,1590064800000,310.75,312.95,289.3,292.75,6420,,18300,weekly,2020-5-21T21:00:00.000,options,put
206,1590064860000,292.75,300.0,292.75,298.5,2940,,18300,weekly,2020-5-21T21:00:00.000,options,put
207,1590064920000,298.5,298.5,283.95,291.65,2740,,18300,weekly,2020-5-21T21:00:00.000,options,put
208,1590064980000,289.85,307.0,289.85,296.9,6320,,18300,weekly,2020-5-21T21:00:00.000,options,put
209,1590065040000,297.05,315.5,294.25,313.15,6820,,18300,weekly,2020-5-21T21:00:00.000,options,put
210,1590065100000,314.55,314.55,293.0,293.0,6340,,18300,weekly,2020-5-21T21:00:00.000,options,put
211,1590065160000,292.25,296.4,278.3,278.3,6760,,18300,weekly,2020-5-21T21:00:00.000,options,put
212,1590065220000,279.7,289.05,275.0,285.2,5540,,18300,weekly,2020-5-21T21:00:00.000,options,put
213,1590065280000,282.6,289.0,269.0,269.0,7060,,18300,weekly,2020-5-21T21:00:00.000,options,put
214,1590065340000,269.45,281.45,264.0,278.0,5040,,18300,weekly,2020-5-21T21:00:00.000,options,put
215,1590065400000,278.0,278.7,260.1,261.6,5120,,18300,weekly,2020-5-21T21:00:00.000,options,put
216,1590065460000,263.8,288.65,263.5,283.0,5820,,18300,weekly,2020-5-21T21:00:00.000,options,put
217,1590065520000,283.45,296.0,280.0,292.85,4660,,18300,weekly,2020-5-21T21:00:00.000,options,put
218,1590065580000,292.85,299.0,284.35,298.4,3240,,18300,weekly,2020-5-21T21:00:00.000,options,put
219,1590065640000,294.25,305.6,294.25,296.8,3320,,18300,weekly,2020-5-21T21:00:00.000,options,put
220,1590065700000,297.05,303.85,286.2,286.2,2680,,18300,weekly,2020-5-21T21:00:00.000,options,put
221,1590065760000,287.15,291.45,283.2,286.25,2120,,18300,weekly,2020-5-21T21:00:00.000,options,put
222,1590065820000,286.25,286.25,272.7,277.75,3960,,18300,weekly,2020-5-21T21:00:00.000,options,put
223,1590065880000,277.75,278.4,269.1,270.9,3680,,18300,weekly,2020-5-21T21:00:00.000,options,put
224,1590065940000,277.35,286.4,273.05,276.0,2680,,18300,weekly,2020-5-21T21:00:00.000,options,put
225,1590066000000,276.0,282.25,269.15,279.25,2700,,18300,weekly,2020-5-21T21:00:00.000,options,put
226,1590066060000,278.15,284.85,270.0,270.0,2380,,18300,weekly,2020-5-21T21:00:00.000,options,put
227,1590066120000,270.0,270.0,241.35,243.65,14080,,18300,weekly,2020-5-21T21:00:00.000,options,put
228,1590066180000,243.45,251.55,240.0,247.2,6260,,18300,weekly,2020-5-21T21:00:00.000,options,put
229,1590066240000,247.05,249.1,227.15,230.15,10340,,18300,weekly,2020-5-21T21:00:00.000,options,put
230,1590066300000,229.85,229.85,180.25,188.0,31420,,18300,weekly,2020-5-21T21:00:00.000,options,put
231,1590066360000,189.3,204.95,187.05,200.95,16640,,18300,weekly,2020-5-21T21:00:00.000,options,put
232,1590066420000,201.95,202.15,174.1,180.65,24380,,18300,weekly,2020-5-21T21:00:00.000,options,put
233,1590066480000,179.9,200.15,179.7,196.6,13900,,18300,weekly,2020-5-21T21:00:00.000,options,put
234,1590066540000,197.95,204.6,187.95,194.8,14080,,18300,weekly,2020-5-21T21:00:00.000,options,put
235,1590066600000,192.15,205.0,191.95,196.6,8920,,18300,weekly,2020-5-21T21:00:00.000,options,put
236,1590066660000,200.5,203.05,193.1,196.25,7540,,18300,weekly,2020-5-21T21:00:00.000,options,put
237,1590066720000,196.25,213.75,196.25,213.75,9400,,18300,weekly,2020-5-21T21:00:00.000,options,put
238,1590066780000,214.25,214.25,203.8,209.75,7120,,18300,weekly,2020-5-21T21:00:00.000,options,put
239,1590066840000,209.7,210.3,177.55,177.55,9980,,18300,weekly,2020-5-21T21:00:00.000,options,put
240,1590066900000,176.2,184.8,173.0,183.85,10140,,18300,weekly,2020-5-21T21:00:00.000,options,put
241,1590066960000,187.4,194.45,184.05,191.95,6920,,18300,weekly,2020-5-21T21:00:00.000,options,put
242,1590067020000,193.55,201.4,192.2,198.0,7380,,18300,weekly,2020-5-21T21:00:00.000,options,put
243,1590067080000,197.1,203.65,185.65,188.5,9120,,18300,weekly,2020-5-21T21:00:00.000,options,put
244,1590067140000,188.4,193.75,176.25,179.5,6600,,18300,weekly,2020-5-21T21:00:00.000,options,put
245,1590067200000,179.5,190.7,179.15,188.35,5040,,18300,weekly,2020-5-21T21:00:00.000,options,put
246,1590067260000,187.1,190.25,180.4,185.75,5900,,18300,weekly,2020-5-21T21:00:00.000,options,put
247,1590067320000,185.75,195.0,181.9,191.35,4580,,18300,weekly,2020-5-21T21:00:00.000,options,put
248,1590067380000,190.85,198.65,186.3,186.3,13020,,18300,weekly,2020-5-21T21:00:00.000,options,put
249,1590067440000,185.35,187.65,175.45,185.65,7360,,18300,weekly,2020-5-21T21:00:00.000,options,put
250,1590067500000,186.35,200.2,186.35,199.05,9140,,18300,weekly,2020-5-21T21:00:00.000,options,put
251,1590067560000,199.65,202.0,180.0,186.5,16440,,18300,weekly,2020-5-21T21:00:00.000,options,put
252,1590067620000,187.0,214.4,186.35,213.25,10860,,18300,weekly,2020-5-21T21:00:00.000,options,put
253,1590067680000,210.15,220.8,206.55,206.55,16680,,18300,weekly,2020-5-21T21:00:00.000,options,put
254,1590067740000,207.65,236.75,204.1,234.25,15800,,18300,weekly,2020-5-21T21:00:00.000,options,put
255,1590067800000,233.15,235.55,216.0,221.35,10840,,18300,weekly,2020-5-21T21:00:00.000,options,put
256,1590067860000,220.6,221.9,193.0,195.7,9400,,18300,weekly,2020-5-21T21:00:00.000,options,put
257,1590067920000,195.7,204.0,192.0,195.55,6360,,18300,weekly,2020-5-21T21:00:00.000,options,put
258,1590067980000,194.45,206.05,194.45,204.5,2840,,18300,weekly,2020-5-21T21:00:00.000,options,put
259,1590068040000,204.85,204.85,195.0,199.8,8740,,18300,weekly,2020-5-21T21:00:00.000,options,put
260,1590068100000,201.1,206.65,187.0,187.0,5280,,18300,weekly,2020-5-21T21:00:00.000,options,put
261,1590068160000,184.65,189.45,180.0,189.45,12520,,18300,weekly,2020-5-21T21:00:00.000,options,put
262,1590068220000,190.55,204.65,190.55,204.05,4160,,18300,weekly,2020-5-21T21:00:00.000,options,put
263,1590068280000,206.5,225.35,206.5,216.25,18860,,18300,weekly,2020-5-21T21:00:00.000,options,put
264,1590068340000,216.75,259.85,216.75,257.95,18320,,18300,weekly,2020-5-21T21:00:00.000,options,put
265,1590068400000,257.3,264.95,244.0,264.95,24780,,18300,weekly,2020-5-21T21:00:00.000,options,put
266,1590068460000,265.25,282.5,254.65,273.7,25760,,18300,weekly,2020-5-21T21:00:00.000,options,put
267,1590068520000,275.35,277.1,254.9,265.0,13300,,18300,weekly,2020-5-21T21:00:00.000,options,put
268,1590068580000,266.75,266.75,246.3,255.5,7580,,18300,weekly,2020-5-21T21:00:00.000,options,put
269,1590068640000,255.0,260.3,240.55,248.95,11860,,18300,weekly,2020-5-21T21:00:00.000,options,put
270,1590068700000,247.9,254.05,240.0,254.05,5540,,18300,weekly,2020-5-21T21:00:00.000,options,put
271,1590068760000,253.35,266.7,250.1,256.85,9100,,18300,weekly,2020-5-21T21:00:00.000,options,put
272,1590068820000,261.45,272.75,251.95,251.95,8020,,18300,weekly,2020-5-21T21:00:00.000,options,put
273,1590068880000,252.65,272.25,252.65,269.05,5820,,18300,weekly,2020-5-21T21:00:00.000,options,put
274,1590068940000,269.15,269.15,247.95,250.0,6580,,18300,weekly,2020-5-21T21:00:00.000,options,put
275,1590069000000,250.0,257.0,244.9,252.5,7480,,18300,weekly,2020-5-21T21:00:00.000,options,put
276,1590069060000,253.3,253.35,238.55,239.4,7060,,18300,weekly,2020-5-21T21:00:00.000,options,put
277,1590069120000,239.85,250.1,225.15,227.45,8400,,18300,weekly,2020-5-21T21:00:00.000,options,put
278,1590069180000,225.0,236.8,221.05,236.8,8980,,18300,weekly,2020-5-21T21:00:00.000,options,put
279,1590069240000,237.0,253.55,230.0,248.4,10400,,18300,weekly,2020-5-21T21:00:00.000,options,put
280,1590069300000,250.5,255.0,241.5,249.65,8260,,18300,weekly,2020-5-21T21:00:00.000,options,put
281,1590069360000,248.5,261.9,247.2,260.45,14180,,18300,weekly,2020-5-21T21:00:00.000,options,put
282,1590069420000,259.1,271.2,253.95,267.0,10240,,18300,weekly,2020-5-21T21:00:00.000,options,put
283,1590069480000,269.25,298.85,255.0,288.3,26480,,18300,weekly,2020-5-21T21:00:00.000,options,put
284,1590069540000,286.65,288.3,269.5,270.0,10680,,18300,weekly,2020-5-21T21:00:00.000,options,put
285,1590069600000,272.5,279.5,256.4,258.0,4900,,18300,weekly,2020-5-21T21:00:00.000,options,put
286,1590069660000,255.9,271.25,255.9,267.05,5300,,18300,weekly,2020-5-21T21:00:00.000,options,put
287,1590069720000,266.7,284.85,261.95,279.4,7680,,18300,weekly,2020-5-21T21:00:00.000,options,put
288,1590069780000,279.1,327.0,279.1,326.45,31380,,18300,weekly,2020-5-21T21:00:00.000,options,put
289,1590069840000,328.85,346.8,308.85,335.0,33880,,18300,weekly,2020-5-21T21:00:00.000,options,put
290,1590069900000,335.0,352.7,322.45,329.8,20480,,18300,weekly,2020-5-21T21:00:00.000,options,put
291,1590069960000,330.9,335.45,306.15,322.05,15280,,18300,weekly,2020-5-21T21:00:00.000,options,put
292,1590070020000,321.4,348.0,315.55,330.95,11000,,18300,weekly,2020-5-21T21:00:00.000,options,put
293,1590070080000,333.2,356.6,325.2,345.6,13580,,18300,weekly,2020-5-21T21:00:00.000,options,put
294,1590070140000,350.95,394.5,350.95,394.5,17980,,18300,weekly,2020-5-21T21:00:00.000,options,put
295,1590070200000,393.75,401.4,363.25,376.15,14640,,18300,weekly,2020-5-21T21:00:00.000,options,put
296,1590070260000,374.25,395.0,365.0,367.95,8760,,18300,weekly,2020-5-21T21:00:00.000,options,put
297,1590070320000,368.45,381.25,362.55,367.7,4120,,18300,weekly,2020-5-21T21:00:00.000,options,put
298,1590070380000,364.6,378.0,352.0,361.35,3840,,18300,weekly,2020-5-21T21:00:00.000,options,put
299,1590070440000,359.55,372.45,341.7,370.9,5380,,18300,weekly,2020-5-21T21:00:00.000,options,put
300,1590070500000,373.4,379.7,364.55,376.95,4960,,18300,weekly,2020-5-21T21:00:00.000,options,put
301,1590070560000,385.05,436.2,382.7,422.4,22280,,18300,weekly,2020-5-21T21:00:00.000,options,put
302,1590070620000,423.35,434.6,416.25,424.15,5820,,18300,weekly,2020-5-21T21:00:00.000,options,put
303,1590070680000,424.15,454.2,424.15,438.65,14940,,18300,weekly,2020-5-21T21:00:00.000,options,put
304,1590070740000,438.65,456.7,437.0,452.45,12000,,18300,weekly,2020-5-21T21:00:00.000,options,put
305,1590070800000,452.1,473.05,427.55,444.75,13200,,18300,weekly,2020-5-21T21:00:00.000,options,put
306,1590070860000,439.85,447.95,437.65,438.9,1760,,18300,weekly,2020-5-21T21:00:00.000,options,put
307,1590070920000,432.5,462.0,418.15,462.0,9360,,18300,weekly,2020-5-21T21:00:00.000,options,put
308,1590070980000,462.0,465.0,442.75,448.95,5540,,18300,weekly,2020-5-21T21:00:00.000,options,put
309,1590071040000,450.8,506.2,450.0,491.3,11020,,18300,weekly,2020-5-21T21:00:00.000,options,put
310,1590071100000,500.0,535.0,492.8,523.7,13320,,18300,weekly,2020-5-21T21:00:00.000,options,put
311,1590071160000,519.05,525.3,502.05,519.2,4180,,18300,weekly,2020-5-21T21:00:00.000,options,put
312,1590071220000,518.7,525.0,498.3,514.0,6960,,18300,weekly,2020-5-21T21:00:00.000,options,put
313,1590071280000,518.95,531.15,506.95,516.75,4160,,18300,weekly,2020-5-21T21:00:00.000,options,put
314,1590071340000,525.0,527.5,480.15,494.3,6540,,18300,weekly,2020-5-21T21:00:00.000,options,put
315,1590071400000,501.65,501.65,470.0,485.4,3500,,18300,weekly,2020-5-21T21:00:00.000,options,put
316,1590071460000,483.9,485.0,466.05,481.6,3700,,18300,weekly,2020-5-21T21:00:00.000,options,put
317,1590071520000,480.95,504.95,480.95,498.15,2560,,18300,weekly,2020-5-21T21:00:00.000,options,put
318,1590071580000,499.3,507.65,485.0,485.0,2080,,18300,weekly,2020-5-21T21:00:00.000,options,put
319,1590071640000,481.65,499.85,480.15,496.3,2320,,18300,weekly,2020-5-21T21:00:00.000,options,put
320,1590071700000,496.3,496.3,467.35,480.7,3180,,18300,weekly,2020-5-21T21:00:00.000,options,put
321,1590071760000,480.7,502.55,480.7,490.05,2420,,18300,weekly,2020-5-21T21:00:00.000,options,put
322,1590071820000,490.0,518.8,490.0,518.8,4520,,18300,weekly,2020-5-21T21:00:00.000,options,put
323,1590071880000,518.25,550.0,512.7,541.25,9060,,18300,weekly,2020-5-21T21:00:00.000,options,put
324,1590071940000,530.8,567.0,530.8,551.55,6520,,18300,weekly,2020-5-21T21:00:00.000,options,put
325,1590072000000,546.9,565.0,531.0,564.95,8920,,18300,weekly,2020-5-21T21:00:00.000,options,put
326,1590072060000,575.0,577.0,558.7,564.3,6000,,18300,weekly,2020-5-21T21:00:00.000,options,put
327,1590072120000,560.05,606.5,557.85,583.85,5440,,18300,weekly,2020-5-21T21:00:00.000,options,put
328,1590072180000,592.0,612.65,585.9,594.9,5440,,18300,weekly,2020-5-21T21:00:00.000,options,put
329,1590072240000,594.9,595.4,571.0,576.8,2120,,18300,weekly,2020-5-21T21:00:00.000,options,put
330,1590072300000,578.55,586.35,562.05,577.0,2200,,18300,weekly,2020-5-21T21:00:00.000,options,put
331,1590072360000,577.0,595.7,573.8,595.7,3420,,18300,weekly,2020-5-21T21:00:00.000,options,put
332,1590072420000,595.7,620.2,590.25,616.8,5180,,18300,weekly,2020-5-21T21:00:00.000,options,put
333,1590072480000,615.85,632.0,593.2,614.4,6880,,18300,weekly,2020-5-21T21:00:00.000,options,put
334,1590072540000,614.55,617.4,597.5,608.0,3540,,18300,weekly,2020-5-21T21:00:00.000,options,put
335,1590072600000,599.05,608.55,590.1,605.0,1420,,18300,weekly,2020-5-21T21:00:00.000,options,put
336,1590072660000,605.25,619.9,589.5,591.05,2500,,18300,weekly,2020-5-21T21:00:00.000,options,put
337,1590072720000,591.05,619.2,591.05,619.2,960,,18300,weekly,2020-5-21T21:00:00.000,options,put
338,1590072780000,619.2,625.0,601.6,613.35,1480,,18300,weekly,2020-5-21T21:00:00.000,options,put
339,1590072840000,622.0,628.15,600.55,601.35,3260,,18300,weekly,2020-5-21T21:00:00.000,options,put
340,1590072900000,601.35,601.35,586.85,595.15,1420,,18300,weekly,2020-5-21T21:00:00.000,options,put
341,1590072960000,598.85,598.85,585.3,592.0,2100,,18300,weekly,2020-5-21T21:00:00.000,options,put
342,1590073020000,585.15,585.15,561.1,576.55,2380,,18300,weekly,2020-5-21T21:00:00.000,options,put
343,1590073080000,576.1,597.2,576.1,590.6,3020,,18300,weekly,2020-5-21T21:00:00.000,options,put
344,1590073140000,593.0,609.9,590.45,605.1,6200,,18300,weekly,2020-5-21T21:00:00.000,options,put
345,1590073200000,593.35,605.5,580.95,603.8,3760,,18300,weekly,2020-5-21T21:00:00.000,options,put
346,1590073260000,599.15,599.15,565.9,569.55,2720,,18300,weekly,2020-5-21T21:00:00.000,options,put
347,1590073320000,575.55,584.55,570.8,580.0,1640,,18300,weekly,2020-5-21T21:00:00.000,options,put
348,1590073380000,578.2,588.4,575.6,581.4,2660,,18300,weekly,2020-5-21T21:00:00.000,options,put
349,1590073440000,581.4,589.55,573.75,573.75,1740,,18300,weekly,2020-5-21T21:00:00.000,options,put
350,1590073500000,575.15,590.0,575.15,587.7,2500,,18300,weekly,2020-5-21T21:00:00.000,options,put
351,1590073560000,587.7,589.2,567.15,570.0,1160,,18300,weekly,2020-5-21T21:00:00.000,options,put
352,1590073620000,567.35,567.35,551.7,554.8,5460,,18300,weekly,2020-5-21T21:00:00.000,options,put
353,1590073680000,553.9,580.0,553.9,575.1,3460,,18300,weekly,2020-5-21T21:00:00.000,options,put
354,1590073740000,575.1,582.85,573.95,582.85,1320,,18300,weekly,2020-5-21T21:00:00.000,options,put
355,1590073800000,581.1,581.1,572.3,572.75,3780,,18300,weekly,2020-5-21T21:00:00.000,options,put
356,1590073860000,567.75,575.45,567.0,574.9,1480,,18300,weekly,2020-5-21T21:00:00.000,options,put
357,1590073920000,573.65,575.0,567.0,573.0,2200,,18300,weekly,2020-5-21T21:00:00.000,options,put
358,1590073980000,573.0,576.15,566.0,566.0,340,,18300,weekly,2020-5-21T21:00:00.000,options,put
359,1590074040000,569.55,569.55,561.15,565.05,1640,,18300,weekly,2020-5-21T21:00:00.000,options,put
360,1590074100000,563.55,572.0,563.55,571.15,1380,,18300,weekly,2020-5-21T21:00:00.000,options,put
361,1590074160000,571.25,572.3,566.6,569.45,1140,,18300,weekly,2020-5-21T21:00:00.000,options,put
362,1590074220000,569.45,572.8,569.45,572.0,1600,,18300,weekly,2020-5-21T21:00:00.000,options,put
363,1590074280000,570.0,572.55,567.1,572.2,1260,,18300,weekly,2020-5-21T21:00:00.000,options,put
364,1590074340000,569.05,571.15,568.45,569.05,720,,18300,weekly,2020-5-21T21:00:00.000,options,put
365,1590074400000,568.1,568.55,565.55,568.55,2900,,18300,weekly,2020-5-21T21:00:00.000,options,put
366,1590074460000,568.7,575.0,565.65,573.5,1320,,18300,weekly,2020-5-21T21:00:00.000,options,put
367,1590074520000,571.15,573.2,569.0,569.35,1260,,18300,weekly,2020-5-21T21:00:00.000,options,put
368,1590074580000,569.95,569.95,568.0,569.45,380,,18300,weekly,2020-5-21T21:00:00.000,options,put
369,1590074640000,569.0,569.0,565.35,565.35,200,,18300,weekly,2020-5-21T21:00:00.000,options,put
370,1590074700000,564.35,567.45,563.55,565.05,1460,,18300,weekly,2020-5-21T21:00:00.000,options,put
371,1590074760000,563.95,564.1,563.05,564.1,180,,18300,weekly,2020-5-21T21:00:00.000,options,put
372,1590074820000,564.1,564.2,563.15,563.45,1100,,18300,weekly,2020-5-21T21:00:00.000,options,put
373,1590074880000,564.25,566.95,564.25,564.6,200,,18300,weekly,2020-5-21T21:00:00.000,options,put
374,1590074940000,564.6,567.05,564.6,567.05,280,,18300,weekly,2020-5-21T21:00:00.000,options,put
