,timestamp,open,high,low,close,volume,open_interest,strike,expiry_type,expiry,instrument,contract_type
0,1631072700000,672.7,682.0,653.45,653.45,225,44625,35800,weekly,2021-9-16T21:00:00.000,options,call
1,1631072760000,671.5,753.8,668.0,749.1,1075,44625,35800,weekly,2021-9-16T21:00:00.000,options,call
2,1631072820000,751.9,795.25,722.35,795.25,850,45450,35800,weekly,2021-9-16T21:00:00.000,options,call
3,1631072880000,795.25,845.0,795.25,834.0,1925,45450,35800,weekly,2021-9-16T21:00:00.000,options,call
4,1631072940000,828.1,828.1,799.0,821.55,225,45450,35800,weekly,2021-9-16T21:00:00.000,options,call
5,1631073000000,840.0,850.0,840.0,850.0,150,46650,35800,weekly,2021-9-16T21:00:00.000,options,call
6,1631073060000,840.0,841.1,820.8,841.1,175,46650,35800,weekly,2021-9-16T21:00:00.000,options,call
7,1631073120000,835.1,837.95,813.0,829.2,275,46650,35800,weekly,2021-9-16T21:00:00.000,options,call
8,1631073180000,822.8,822.8,819.9,820.75,100,46650,35800,weekly,2021-9-16T21:00:00.000,options,call
9,1631073240000,797.65,804.95,782.9,804.95,375,46650,35800,weekly,2021-9-16T21:00:00.000,options,call
10,1631073300000,803.05,803.05,774.55,785.2,175,46650,35800,weekly,2021-9-16T21:00:00.000,options,call
11,1631073360000,781.4,801.0,781.4,801.0,400,47125,35800,weekly,2021-9-16T21:00:00.000,options,call
12,1631073420000,802.25,829.0,801.45,829.0,275,47125,35800,weekly,2021-9-16T21:00:00.000,options,call
13,1631073480000,840.0,847.7,831.2,831.2,750,47125,35800,weekly,2021-9-16T21:00:00.000,options,call
14,1631073540000,817.8,826.0,812.5,812.5,350,46925,35800,weekly,2021-9-16T21:00:00.000,options,call
15,1631073600000,804.15,804.15,785.8,785.8,250,46925,35800,weekly,2021-9-16T21:00:00.000,options,call
16,1631073660000,796.05,796.05,793.3,793.3,75,46925,35800,weekly,2021-9-16T21:00:00.000,options,call
17,1631073720000,802.05,810.9,802.05,810.9,200,46975,35800,weekly,2021-9-16T21:00:00.000,options,call
18,1631073780000,831.1,831.1,831.1,831.1,50,46975,35800,weekly,2021-9-16T21:00:00.000,options,call
19,1631073900000,842.2,842.2,841.9,841.9,100,47050,35800,weekly,2021-9-16T21:00:00.000,options,call
20,1631073960000,840.0,840.0,840.0,840.0,25,47050,35800,weekly,2021-9-16T21:00:00.000,options,call
21,1631074020000,827.25,837.05,827.25,837.05,125,47050,35800,weekly,2021-9-16T21:00:00.000,options,call
22,1631074080000,860.0,900.0,860.0,900.0,2125,47050,35800,weekly,2021-9-16T21:00:00.000,options,call
23,1631074140000,916.0,918.55,898.4,898.4,150,47050,35800,weekly,2021-9-16T21:00:00.000,options,call
24,1631074200000,902.05,930.55,902.05,929.05,250,47050,35800,weekly,2021-9-16T21:00:00.000,options,call
25,1631074260000,930.0,943.9,930.0,943.9,525,46650,35800,weekly,2021-9-16T21:00:00.000,options,call
26,1631074320000,933.4,939.8,922.5,928.8,425,46650,35800,weekly,2021-9-16T21:00:00.000,options,call
27,1631074440000,940.0,975.0,940.0,975.0,525,46250,35800,weekly,2021-9-16T21:00:00.000,options,call
28,1631074500000,969.5,969.5,969.5,969.5,25,46250,35800,weekly,2021-9-16T21:00:00.000,options,call
29,1631074560000,950.0,950.0,950.0,950.0,50,46250,35800,weekly,2021-9-16T21:00:00.000,options,call
30,1631074740000,932.35,953.05,932.35,953.05,475,46250,35800,weekly,2021-9-16T21:00:00.000,options,call
31,1631074800000,923.55,923.55,923.55,923.55,75,46250,35800,weekly,2021-9-16T21:00:00.000,options,call
32,1631074860000,926.5,927.9,926.35,926.35,100,45800,35800,weekly,2021-9-16T21:00:00.000,options,call
33,1631074920000,919.7,919.7,919.7,919.7,75,45800,35800,weekly,2021-9-16T21:00:00.000,options,call
34,1631074980000,926.35,926.35,926.35,926.35,50,45800,35800,weekly,2021-9-16T21:00:00.000,options,call
35,1631075040000,911.55,911.55,891.85,891.85,150,45800,35800,weekly,2021-9-16T21:00:00.000,options,call
36,1631075100000,882.4,896.45,864.65,864.65,425,45800,35800,weekly,2021-9-16T21:00:00.000,options,call
37,1631075160000,889.25,894.75,888.55,894.75,100,45825,35800,weekly,2021-9-16T21:00:00.000,options,call
38,1631075220000,884.1,884.1,884.1,884.1,25,45825,35800,weekly,2021-9-16T21:00:00.000,options,call
39,1631075280000,910.05,912.0,910.05,912.0,25,45825,35800,weekly,2021-9-16T21:00:00.000,options,call
40,1631075340000,912.0,939.7,912.0,939.7,300,45850,35800,weekly,2021-9-16T21:00:00.000,options,call
41,1631075400000,940.0,950.0,940.0,942.6,325,45850,35800,weekly,2021-9-16T21:00:00.000,options,call
42,1631075460000,944.45,955.75,944.45,955.75,125,45850,35800,weekly,2021-9-16T21:00:00.000,options,call
43,1631075520000,949.85,949.85,930.1,930.1,225,45900,35800,weekly,2021-9-16T21:00:00.000,options,call
44,1631075580000,931.2,931.2,905.4,905.4,100,45900,35800,weekly,2021-9-16T21:00:00.000,options,call
45,1631075640000,904.45,904.45,844.25,875.8,400,45900,35800,weekly,2021-9-16T21:00:00.000,options,call
46,1631075700000,870.85,876.6,870.85,876.6,75,45850,35800,weekly,2021-9-16T21:00:00.000,options,call
47,1631075760000,873.1,873.1,859.85,859.85,75,45850,35800,weekly,2021-9-16T21:00:00.000,options,call
48,1631075820000,856.55,856.55,856.55,856.55,200,45850,35800,weekly,2021-9-16T21:00:00.000,options,call
49,1631075880000,850.0,881.4,850.0,876.75,825,46200,35800,weekly,2021-9-16T21:00:00.000,options,call
50,1631075940000,874.9,878.15,869.4,869.4,100,46200,35800,weekly,2021-9-16T21:00:00.000,options,call
51,1631076000000,842.35,850.75,840.0,840.85,125,46200,35800,weekly,2021-9-16T21:00:00.000,options,call
52,1631076060000,850.75,850.75,850.75,850.75,25,46200,35800,weekly,2021-9-16T21:00:00.000,options,call
53,1631076120000,853.8,862.55,848.65,862.55,125,46250,35800,weekly,2021-9-16T21:00:00.000,options,call
54,1631076180000,865.6,882.05,865.6,879.4,75,46250,35800,weekly,2021-9-16T21:00:00.000,options,call
55,1631076240000,853.25,854.9,850.45,851.2,125,46150,35800,weekly,2021-9-16T21:00:00.000,options,call
56,1631076300000,868.9,882.35,868.9,882.35,275,46150,35800,weekly,2021-9-16T21:00:00.000,options,call
57,1631076360000,882.05,882.05,865.9,865.9,100,46150,35800,weekly,2021-9-16T21:00:00.000,options,call
58,1631076420000,878.95,878.95,863.8,863.8,75,46025,35800,weekly,2021-9-16T21:00:00.000,options,call
59,1631076480000,866.25,879.2,866.25,879.2,100,46025,35800,weekly,2021-9-16T21:00:00.000,options,call
60,1631076600000,862.85,863.4,862.85,863.4,50,46000,35800,weekly,2021-9-16T21:00:00.000,options,call
61,1631076660000,872.75,882.35,872.75,882.35,425,46000,35800,weekly,2021-9-16T21:00:00.000,options,call
62,1631076720000,895.0,895.0,894.35,894.35,75,46000,35800,weekly,2021-9-16T21:00:00.000,options,call
63,1631076840000,922.65,923.3,910.15,910.15,575,46100,35800,weekly,2021-9-16T21:00:00.000,options,call
64,1631076900000,913.6,913.6,907.0,907.0,50,46100,35800,weekly,2021-9-16T21:00:00.000,options,call
65,1631076960000,906.55,919.2,906.55,919.2,300,45925,35800,weekly,2021-9-16T21:00:00.000,options,call
66,1631077020000,925.05,925.05,923.05,923.75,75,45925,35800,weekly,2021-9-16T21:00:00.000,options,call
67,1631077080000,939.6,939.6,937.1,937.1,275,45925,35800,weekly,2021-9-16T21:00:00.000,options,call
68,1631077140000,937.1,942.7,937.1,940.85,700,46375,35800,weekly,2021-9-16T21:00:00.000,options,call
69,1631077200000,921.0,930.0,921.0,922.9,175,46375,35800,weekly,2021-9-16T21:00:00.000,options,call
70,1631077260000,905.45,906.7,892.75,906.7,125,46375,35800,weekly,2021-9-16T21:00:00.000,options,call
71,1631077380000,919.2,919.2,919.2,919.2,75,46375,35800,weekly,2021-9-16T21:00:00.000,options,call
72,1631077440000,917.2,922.6,917.2,922.6,50,46375,35800,weekly,2021-9-16T21:00:00.000,options,call
73,1631077560000,935.0,937.7,935.0,937.7,50,46425,35800,weekly,2021-9-16T21:00:00.000,options,call
74,1631077620000,942.75,942.75,928.0,928.0,575,46425,35800,weekly,2021-9-16T21:00:00.000,options,call
75,1631077680000,942.75,942.75,942.75,942.75,275,46425,35800,weekly,2021-9-16T21:00:00.000,options,call
76,1631077740000,936.25,936.25,936.25,936.25,25,46475,35800,weekly,2021-9-16T21:00:00.000,options,call
77,1631077920000,931.35,931.35,928.0,929.0,100,46475,35800,weekly,2021-9-16T21:00:00.000,options,call
78,1631077980000,955.35,1000.35,955.35,999.8,1200,46475,35800,weekly,2021-9-16T21:00:00.000,options,call
79,1631078040000,997.0,1027.2,997.0,1008.6,525,46275,35800,weekly,2021-9-16T21:00:00.000,options,call
80,1631078100000,1012.25,1012.25,1012.2,1012.2,150,46275,35800,weekly,2021-9-16T21:00:00.000,options,call
81,1631078160000,1002.15,1014.85,1002.15,1014.85,50,46275,35800,weekly,2021-9-16T21:00:00.000,options,call
82,1631078220000,1015.55,1019.7,1015.55,1015.55,175,46275,35800,weekly,2021-9-16T21:00:00.000,options,call
83,1631078280000,1003.8,1003.8,1003.8,1003.8,25,45875,35800,weekly,2021-9-16T21:00:00.000,options,call
84,1631078340000,990.7,990.7,990.7,990.7,25,45875,35800,weekly,2021-9-16T21:00:00.000,options,call
85,1631078400000,981.4,981.4,981.4,981.4,75,45875,35800,weekly,2021-9-16T21:00:00.000,options,call
86,1631078460000,973.25,973.25,973.25,973.25,25,45800,35800,weekly,2021-9-16T21:00:00.000,options,call
87,1631078520000,990.55,990.55,981.65,981.65,75,45800,35800,weekly,2021-9-16T21:00:00.000,options,call
88,1631078580000,995.25,995.25,995.25,995.25,25,45325,35800,weekly,2021-9-16T21:00:00.000,options,call
89,1631078640000,1010.4,1010.4,1008.25,1009.05,125,45325,35800,weekly,2021-9-16T21:00:00.000,options,call
90,1631078700000,1000.45,1008.8,1000.45,1008.8,75,45325,35800,weekly,2021-9-16T21:00:00.000,options,call
91,1631078760000,1010.15,1011.55,1010.15,1011.55,50,45325,35800,weekly,2021-9-16T21:00:00.000,options,call
92,1631078820000,992.75,992.75,983.5,983.5,150,45375,35800,weekly,2021-9-16T21:00:00.000,options,call
93,1631078880000,981.65,986.85,981.65,986.85,125,45375,35800,weekly,2021-9-16T21:00:00.000,options,call
94,1631078940000,979.75,979.75,979.75,979.75,25,45375,35800,weekly,2021-9-16T21:00:00.000,options,call
95,1631079000000,985.75,997.7,985.75,991.1,175,45375,35800,weekly,2021-9-16T21:00:00.000,options,call
96,1631079060000,987.9,987.9,987.9,987.9,25,45375,35800,weekly,2021-9-16T21:00:00.000,options,call
97,1631079180000,991.15,991.15,991.15,991.15,50,45425,35800,weekly,2021-9-16T21:00:00.000,options,call
98,1631079480000,995.0,995.0,985.7,985.7,300,45675,35800,weekly,2021-9-16T21:00:00.000,options,call
99,1631079540000,985.7,1000.0,985.35,1000.0,150,45675,35800,weekly,2021-9-16T21:00:00.000,options,call
100,1631079720000,998.25,998.25,989.35,989.35,50,45650,35800,weekly,2021-9-16T21:00:00.000,options,call
101,1631079780000,1017.0,1039.0,1017.0,1033.15,100,45650,35800,weekly,2021-9-16T21:00:00.000,options,call
102,1631079840000,1033.15,1033.15,1025.2,1025.2,200,45650,35800,weekly,2021-9-16T21:00:00.000,options,call
103,1631079900000,980.0,980.0,920.2,920.2,150,45625,35800,weekly,2021-9-16T21:00:00.000,options,call
104,1631079960000,955.25,977.85,951.5,977.85,525,45625,35800,weekly,2021-9-16T21:00:00.000,options,call
105,1631080020000,969.35,969.35,947.8,947.8,75,45850,35800,weekly,2021-9-16T21:00:00.000,options,call
106,1631080080000,947.8,956.75,947.8,956.75,100,45850,35800,weekly,2021-9-16T21:00:00.000,options,call
107,1631080140000,975.0,975.0,975.0,975.0,25,45850,35800,weekly,2021-9-16T21:00:00.000,options,call
108,1631080200000,980.1,980.1,980.1,980.1,25,45850,35800,weekly,2021-9-16T21:00:00.000,options,call
109,1631080260000,945.3,945.3,945.3,945.3,25,45825,35800,weekly,2021-9-16T21:00:00.000,options,call
110,1631080320000,953.9,964.2,945.85,964.2,225,45825,35800,weekly,2021-9-16T21:00:00.000,options,call
111,1631080380000,964.2,964.2,964.2,964.2,25,45825,35800,weekly,2021-9-16T21:00:00.000,options,call
112,1631080440000,951.85,961.6,951.85,961.6,200,45850,35800,weekly,2021-9-16T21:00:00.000,options,call
113,1631080500000,957.15,970.0,957.15,970.0,150,45850,35800,weekly,2021-9-16T21:00:00.000,options,call
114,1631080620000,958.8,958.8,958.8,958.8,25,45825,35800,weekly,2021-9-16T21:00:00.000,options,call
115,1631081220000,958.85,958.85,958.85,958.85,25,45525,35800,weekly,2021-9-16T21:00:00.000,options,call
116,1631081520000,950.4,950.4,950.4,950.4,25,45525,35800,weekly,2021-9-16T21:00:00.000,options,call
117,1631081640000,958.55,958.55,958.55,958.55,25,45525,35800,weekly,2021-9-16T21:00:00.000,options,call
118,1631081820000,984.0,984.0,984.0,984.0,75,45525,35800,weekly,2021-9-16T21:00:00.000,options,call
119,1631081880000,1009.8,1009.8,1009.8,1009.8,25,45500,35800,weekly,2021-9-16T21:00:00.000,options,call
120,1631082120000,986.7,986.7,986.7,986.7,50,45500,35800,weekly,2021-9-16T21:00:00.000,options,call
121,1631082180000,996.95,996.95,996.95,996.95,50,45500,35800,weekly,2021-9-16T21:00:00.000,options,call
122,1631082240000,997.0,1000.0,997.0,1000.0,125,45500,35800,weekly,2021-9-16T21:00:00.000,options,call
123,1631082420000,999.0,999.0,999.0,999.0,25,45525,35800,weekly,2021-9-16T21:00:00.000,options,call
124,1631082660000,999.0,999.0,999.0,999.0,75,45525,35800,weekly,2021-9-16T21:00:00.000,options,call
125,1631082720000,1014.25,1014.25,1014.25,1014.25,50,45525,35800,weekly,2021-9-16T21:00:00.000,options,call
126,1631082840000,1008.85,1014.25,1008.85,1014.25,50,45575,35800,weekly,2021-9-16T21:00:00.000,options,call
127,1631082900000,1026.55,1026.55,1026.55,1026.55,25,45575,35800,weekly,2021-9-16T21:00:00.000,options,call
128,1631082960000,1030.0,1030.0,1016.95,1016.95,50,45600,35800,weekly,2021-9-16T21:00:00.000,options,call
129,1631083020000,1019.35,1019.35,1017.0,1017.95,675,45600,35800,weekly,2021-9-16T21:00:00.000,options,call
130,1631083080000,1012.75,1012.75,1010.75,1010.8,75,45600,35800,weekly,2021-9-16T21:00:00.000,options,call
131,1631083140000,1010.55,1010.55,1002.35,1002.35,75,45200,35800,weekly,2021-9-16T21:00:00.000,options,call
132,1631083200000,1012.0,1012.0,997.25,997.25,175,45200,35800,weekly,2021-9-16T21:00:00.000,options,call
133,1631083260000,1007.1,1007.1,1007.1,1007.1,100,45200,35800,weekly,2021-9-16T21:00:00.000,options,call
134,1631083320000,1004.5,1004.5,1004.5,1004.5,25,45200,35800,weekly,2021-9-16T21:00:00.000,options,call
135,1631083380000,1010.8,1010.8,1010.8,1010.8,25,45200,35800,weekly,2021-9-16T21:00:00.000,options,call
136,1631083440000,1010.2,1010.95,1010.2,1010.95,50,45200,35800,weekly,2021-9-16T21:00:00.000,options,call
137,1631083500000,1026.75,1026.75,1026.75,1026.75,50,45225,35800,weekly,2021-9-16T21:00:00.000,options,call
138,1631083560000,1004.35,1004.35,992.6,1002.45,125,45225,35800,weekly,2021-9-16T21:00:00.000,options,call
139,1631083620000,1004.45,1004.45,1004.45,1004.45,25,45225,35800,weekly,2021-9-16T21:00:00.000,options,call
140,1631083740000,980.0,980.0,970.0,970.0,200,45150,35800,weekly,2021-9-16T21:00:00.000,options,call
141,1631083800000,970.0,970.0,970.0,970.0,200,45150,35800,weekly,2021-9-16T21:00:00.000,options,call
142,1631083860000,950.0,950.0,950.0,950.0,50,45550,35800,weekly,2021-9-16T21:00:00.000,options,call
143,1631083920000,954.0,956.9,954.0,956.9,150,45550,35800,weekly,2021-9-16T21:00:00.000,options,call
144,1631083980000,950.1,950.1,950.1,950.1,125,45550,35800,weekly,2021-9-16T21:00:00.000,options,call
145,1631084040000,928.5,938.2,928.5,938.2,75,45625,35800,weekly,2021-9-16T21:00:00.000,options,call
146,1631084100000,952.55,952.55,952.55,952.55,50,45625,35800,weekly,2021-9-16T21:00:00.000,options,call
147,1631084160000,946.15,946.15,946.15,946.15,25,45625,35800,weekly,2021-9-16T21:00:00.000,options,call
148,1631084220000,940.0,949.0,940.0,949.0,125,45550,35800,weekly,2021-9-16T21:00:00.000,options,call
149,1631084400000,904.9,904.9,888.75,888.75,150,45500,35800,weekly,2021-9-16T21:00:00.000,options,call
150,1631084460000,885.0,907.15,882.0,898.45,175,45500,35800,weekly,2021-9-16T21:00:00.000,options,call
151,1631084520000,888.3,892.15,888.3,892.15,75,45500,35800,weekly,2021-9-16T21:00:00.000,options,call
152,1631084580000,900.0,900.0,900.0,900.0,50,45775,35800,weekly,2021-9-16T21:00:00.000,options,call
153,1631084640000,886.55,891.8,873.05,891.8,350,45775,35800,weekly,2021-9-16T21:00:00.000,options,call
154,1631084700000,891.8,891.8,877.05,887.0,1175,45775,35800,weekly,2021-9-16T21:00:00.000,options,call
155,1631084760000,875.05,883.9,875.0,883.9,175,46825,35800,weekly,2021-9-16T21:00:00.000,options,call
156,1631084820000,918.45,918.45,898.05,898.05,100,46825,35800,weekly,2021-9-16T21:00:00.000,options,call
157,1631084880000,882.3,898.95,879.5,898.95,125,46825,35800,weekly,2021-9-16T21:00:00.000,options,call
158,1631084940000,898.2,898.2,896.9,896.9,200,46825,35800,weekly,2021-9-16T21:00:00.000,options,call
159,1631085000000,887.0,900.0,887.0,900.0,50,46875,35800,weekly,2021-9-16T21:00:00.000,options,call
160,1631085060000,883.4,883.4,883.4,883.4,50,46875,35800,weekly,2021-9-16T21:00:00.000,options,call
161,1631085120000,883.4,895.9,883.4,894.6,225,46850,35800,weekly,2021-9-16T21:00:00.000,options,call
162,1631085180000,920.5,926.95,919.05,919.05,125,46850,35800,weekly,2021-9-16T21:00:00.000,options,call
163,1631085240000,905.0,905.0,887.55,887.55,275,46850,35800,weekly,2021-9-16T21:00:00.000,options,call
164,1631085300000,887.55,901.55,880.2,898.5,150,46900,35800,weekly,2021-9-16T21:00:00.000,options,call
165,1631085360000,897.55,897.55,897.55,897.55,25,46900,35800,weekly,2021-9-16T21:00:00.000,options,call
166,1631085420000,924.15,924.15,919.15,919.15,75,46900,35800,weekly,2021-9-16T21:00:00.000,options,call
167,1631085600000,930.0,930.0,930.0,930.0,100,46875,35800,weekly,2021-9-16T21:00:00.000,options,call
168,1631085660000,902.65,916.55,896.45,916.55,175,46875,35800,weekly,2021-9-16T21:00:00.000,options,call
169,1631085780000,914.35,914.35,913.55,913.55,100,46875,35800,weekly,2021-9-16T21:00:00.000,options,call
170,1631085960000,908.05,908.05,908.05,908.05,25,46875,35800,weekly,2021-9-16T21:00:00.000,options,call
171,1631086020000,901.0,901.0,901.0,901.0,25,46775,35800,weekly,2021-9-16T21:00:00.000,options,call
172,1631086140000,890.0,890.0,890.0,890.0,25,46775,35800,weekly,2021-9-16T21:00:00.000,options,call
173,1631086260000,881.4,881.4,863.7,866.05,275,46825,35800,weekly,2021-9-16T21:00:00.000,options,call
174,1631086320000,866.05,866.05,846.65,851.7,150,46825,35800,weekly,2021-9-16T21:00:00.000,options,call
175,1631086380000,834.1,848.75,834.1,848.75,225,47000,35800,weekly,2021-9-16T21:00:00.000,options,call
176,1631086440000,820.0,821.0,818.6,818.6,1250,47000,35800,weekly,2021-9-16T21:00:00.000,options,call
177,1631086500000,820.0,831.15,820.0,831.0,600,47000,35800,weekly,2021-9-16T21:00:00.000,options,call
178,1631086560000,831.0,831.0,815.8,818.85,150,46400,35800,weekly,2021-9-16T21:00:00.000,options,call
179,1631086620000,812.0,812.0,797.0,797.0,250,46400,35800,weekly,2021-9-16T21:00:00.000,options,call
180,1631086680000,814.65,814.65,790.0,810.2,125,46400,35800,weekly,2021-9-16T21:00:00.000,options,call
181,1631086740000,803.9,819.2,803.6,803.6,125,46450,35800,weekly,2021-9-16T21:00:00.000,options,call
182,1631086800000,796.1,803.35,781.0,781.0,300,46450,35800,weekly,2021-9-16T21:00:00.000,options,call
183,1631086860000,781.0,781.0,765.3,765.3,250,46450,35800,weekly,2021-9-16T21:00:00.000,options,call
184,1631086920000,767.65,784.15,758.6,781.0,250,46600,35800,weekly,2021-9-16T21:00:00.000,options,call
185,1631087040000,784.25,788.0,783.5,788.0,100,46600,35800,weekly,2021-9-16T21:00:00.000,options,call
186,1631087100000,788.05,811.1,788.05,811.1,800,46400,35800,weekly,2021-9-16T21:00:00.000,options,call
187,1631087160000,811.65,811.65,802.9,803.1,375,46400,35800,weekly,2021-9-16T21:00:00.000,options,call
188,1631087220000,821.0,825.0,821.0,825.0,100,46400,35800,weekly,2021-9-16T21:00:00.000,options,call
189,1631087280000,830.15,830.15,825.6,825.6,75,46400,35800,weekly,2021-9-16T21:00:00.000,options,call
190,1631087340000,817.65,834.0,817.65,834.0,150,46400,35800,weekly,2021-9-16T21:00:00.000,options,call
191,1631087400000,837.0,841.95,826.25,826.25,275,46400,35800,weekly,2021-9-16T21:00:00.000,options,call
192,1631087460000,843.0,850.65,835.2,843.85,200,46325,35800,weekly,2021-9-16T21:00:00.000,options,call
193,1631087520000,843.9,843.9,843.9,843.9,25,46325,35800,weekly,2021-9-16T21:00:00.000,options,call
194,1631087700000,827.2,827.9,827.2,827.9,100,45950,35800,weekly,2021-9-16T21:00:00.000,options,call
195,1631087820000,823.05,823.05,823.05,823.05,25,46050,35800,weekly,2021-9-16T21:00:00.000,options,call
196,1631087880000,825.0,825.0,825.0,825.0,25,46050,35800,weekly,2021-9-16T21:00:00.000,options,call
197,1631087940000,825.65,825.65,825.65,825.65,25,46050,35800,weekly,2021-9-16T21:00:00.000,options,call
198,1631088000000,823.9,823.9,809.0,811.95,450,46375,35800,weekly,2021-9-16T21:00:00.000,options,call
199,1631088060000,817.85,817.85,812.0,812.65,150,46375,35800,weekly,2021-9-16T21:00:00.000,options,call
200,1631088120000,812.65,812.65,812.65,812.65,1250,46375,35800,weekly,2021-9-16T21:00:00.000,options,call
201,1631088180000,800.1,815.0,800.1,815.0,250,46225,35800,weekly,2021-9-16T21:00:00.000,options,call
202,1631088240000,841.6,845.0,841.6,845.0,1225,46225,35800,weekly,2021-9-16T21:00:00.000,options,call
203,1631088300000,845.0,845.0,845.0,845.0,100,46225,35800,weekly,2021-9-16T21:00:00.000,options,call
204,1631088360000,845.0,845.0,845.0,845.0,50,46175,35800,weekly,2021-9-16T21:00:00.000,options,call
205,1631088420000,853.0,853.0,847.8,847.8,150,46175,35800,weekly,2021-9-16T21:00:00.000,options,call
206,1631088540000,837.05,840.5,837.05,840.5,75,45975,35800,weekly,2021-9-16T21:00:00.000,options,call
207,1631088660000,850.0,850.0,850.0,850.0,25,45975,35800,weekly,2021-9-16T21:00:00.000,options,call
208,1631088720000,835.45,835.45,835.45,835.45,175,46000,35800,weekly,2021-9-16T21:00:00.000,options,call
209,1631088780000,816.05,816.05,816.05,816.05,25,46000,35800,weekly,2021-9-16T21:00:00.000,options,call
210,1631088840000,820.15,820.15,820.15,820.15,25,46000,35800,weekly,2021-9-16T21:00:00.000,options,call
211,1631088960000,807.7,821.9,807.7,821.5,350,46175,35800,weekly,2021-9-16T21:00:00.000,options,call
212,1631089020000,816.05,816.05,803.0,803.0,800,46175,35800,weekly,2021-9-16T21:00:00.000,options,call
213,1631089080000,819.85,819.85,815.0,815.0,75,46675,35800,weekly,2021-9-16T21:00:00.000,options,call
214,1631089140000,807.75,814.2,807.75,814.2,75,46675,35800,weekly,2021-9-16T21:00:00.000,options,call
215,1631089200000,822.8,822.8,822.25,822.25,75,46675,35800,weekly,2021-9-16T21:00:00.000,options,call
216,1631089320000,813.15,815.85,813.15,815.85,125,46675,35800,weekly,2021-9-16T21:00:00.000,options,call
217,1631089500000,805.0,805.0,789.55,799.3,275,46775,35800,weekly,2021-9-16T21:00:00.000,options,call
218,1631089560000,818.35,824.7,813.55,823.65,125,46775,35800,weekly,2021-9-16T21:00:00.000,options,call
219,1631089620000,831.0,831.0,822.8,822.8,75,46800,35800,weekly,2021-9-16T21:00:00.000,options,call
220,1631089680000,822.8,832.0,822.8,832.0,50,46800,35800,weekly,2021-9-16T21:00:00.000,options,call
221,1631089740000,832.0,832.0,832.0,832.0,25,46800,35800,weekly,2021-9-16T21:00:00.000,options,call
222,1631089860000,855.2,861.0,834.75,834.75,100,46750,35800,weekly,2021-9-16T21:00:00.000,options,call
223,1631089920000,834.75,849.85,834.75,849.85,150,46750,35800,weekly,2021-9-16T21:00:00.000,options,call
224,1631090040000,845.65,847.15,836.65,836.65,150,46725,35800,weekly,2021-9-16T21:00:00.000,options,call
225,1631090100000,850.0,852.0,850.0,851.35,225,46725,35800,weekly,2021-9-16T21:00:00.000,options,call
226,1631090160000,841.2,848.0,841.2,848.0,100,46700,35800,weekly,2021-9-16T21:00:00.000,options,call
227,1631090220000,845.9,851.0,840.0,851.0,200,46700,35800,weekly,2021-9-16T21:00:00.000,options,call
228,1631090280000,851.0,890.0,851.0,879.35,325,46700,35800,weekly,2021-9-16T21:00:00.000,options,call
229,1631090340000,879.35,879.35,879.35,879.35,25,46525,35800,weekly,2021-9-16T21:00:00.000,options,call
230,1631090460000,886.15,886.15,886.15,886.15,125,46525,35800,weekly,2021-9-16T21:00:00.000,options,call
231,1631090520000,881.2,881.2,881.2,881.2,25,46575,35800,weekly,2021-9-16T21:00:00.000,options,call
232,1631090640000,875.05,900.0,875.05,896.55,175,46575,35800,weekly,2021-9-16T21:00:00.000,options,call
233,1631090700000,907.8,907.8,896.4,896.4,625,46575,35800,weekly,2021-9-16T21:00:00.000,options,call
234,1631090940000,864.55,864.55,864.55,864.55,25,46625,35800,weekly,2021-9-16T21:00:00.000,options,call
235,1631091000000,860.5,861.25,847.0,861.25,675,46625,35800,weekly,2021-9-16T21:00:00.000,options,call
236,1631091120000,848.55,848.55,848.55,848.55,25,46625,35800,weekly,2021-9-16T21:00:00.000,options,call
237,1631091240000,850.0,850.8,850.0,850.8,50,46625,35800,weekly,2021-9-16T21:00:00.000,options,call
238,1631091360000,849.05,849.05,846.4,846.4,150,46675,35800,weekly,2021-9-16T21:00:00.000,options,call
239,1631091420000,846.4,846.4,840.0,840.0,200,46675,35800,weekly,2021-9-16T21:00:00.000,options,call
240,1631091480000,848.15,860.0,845.2,860.0,175,46950,35800,weekly,2021-9-16T21:00:00.000,options,call
241,1631091540000,844.35,844.35,838.85,840.4,50,46950,35800,weekly,2021-9-16T21:00:00.000,options,call
242,1631091600000,840.4,853.55,840.4,853.55,50,46950,35800,weekly,2021-9-16T21:00:00.000,options,call
243,1631091660000,870.0,870.45,870.0,870.45,175,46925,35800,weekly,2021-9-16T21:00:00.000,options,call
244,1631091720000,860.0,860.0,860.0,860.0,150,46925,35800,weekly,2021-9-16T21:00:00.000,options,call
245,1631091960000,860.3,860.3,860.3,860.3,50,46925,35800,weekly,2021-9-16T21:00:00.000,options,call
246,1631092260000,854.8,854.8,854.8,854.8,25,46925,35800,weekly,2021-9-16T21:00:00.000,options,call
247,1631092320000,866.35,886.15,866.35,886.15,275,46925,35800,weekly,2021-9-16T21:00:00.000,options,call
248,1631092500000,884.25,884.25,884.25,884.25,25,46925,35800,weekly,2021-9-16T21:00:00.000,options,call
249,1631092560000,874.95,889.3,874.95,889.3,275,46925,35800,weekly,2021-9-16T21:00:00.000,options,call
250,1631092620000,895.5,895.5,893.4,893.4,425,46925,35800,weekly,2021-9-16T21:00:00.000,options,call
251,1631092680000,874.35,874.35,874.35,874.35,50,46925,35800,weekly,2021-9-16T21:00:00.000,options,call
252,1631092740000,876.9,880.3,876.9,880.3,75,46925,35800,weekly,2021-9-16T21:00:00.000,options,call
253,1631092800000,880.4,880.4,879.75,879.75,50,46925,35800,weekly,2021-9-16T21:00:00.000,options,call
254,1631092860000,894.05,894.05,882.45,882.45,50,46925,35800,weekly,2021-9-16T21:00:00.000,options,call
255,1631092920000,886.25,886.25,880.0,880.0,75,46850,35800,weekly,2021-9-16T21:00:00.000,options,call
256,1631092980000,876.0,876.0,876.0,876.0,200,46850,35800,weekly,2021-9-16T21:00:00.000,options,call
257,1631093040000,880.6,880.6,880.6,880.6,25,46850,35800,weekly,2021-9-16T21:00:00.000,options,call
258,1631093100000,887.3,887.3,883.0,883.0,50,46950,35800,weekly,2021-9-16T21:00:00.000,options,call
259,1631093160000,898.0,910.8,898.0,910.8,300,46950,35800,weekly,2021-9-16T21:00:00.000,options,call
260,1631093220000,915.0,915.0,910.0,910.0,150,46950,35800,weekly,2021-9-16T21:00:00.000,options,call
261,1631093280000,898.15,905.0,898.15,905.0,125,46650,35800,weekly,2021-9-16T21:00:00.000,options,call
262,1631093340000,920.0,920.0,919.8,919.8,200,46650,35800,weekly,2021-9-16T21:00:00.000,options,call
263,1631093400000,930.0,942.8,930.0,942.8,250,46650,35800,weekly,2021-9-16T21:00:00.000,options,call
264,1631093520000,948.2,948.5,944.65,944.65,125,46950,35800,weekly,2021-9-16T21:00:00.000,options,call
265,1631093580000,942.6,942.6,942.6,942.6,25,46950,35800,weekly,2021-9-16T21:00:00.000,options,call
266,1631093700000,931.95,931.95,931.95,931.95,25,47025,35800,weekly,2021-9-16T21:00:00.000,options,call
267,1631093760000,935.25,935.25,935.25,935.25,25,47025,35800,weekly,2021-9-16T21:00:00.000,options,call
268,1631093880000,945.9,945.9,943.6,943.6,50,46850,35800,weekly,2021-9-16T21:00:00.000,options,call
269,1631093940000,934.5,934.5,934.5,934.5,50,46850,35800,weekly,2021-9-16T21:00:00.000,options,call
270,1631094120000,950.0,950.0,943.7,943.7,425,46600,35800,weekly,2021-9-16T21:00:00.000,options,call
271,1631094240000,948.95,957.55,948.95,957.55,100,47025,35800,weekly,2021-9-16T21:00:00.000,options,call
272,1631094300000,960.1,966.6,960.1,964.55,250,46925,35800,weekly,2021-9-16T21:00:00.000,options,call
273,1631094360000,964.55,978.1,964.55,978.1,150,46925,35800,weekly,2021-9-16T21:00:00.000,options,call
274,1631094420000,978.1,978.1,978.1,978.1,25,46925,35800,weekly,2021-9-16T21:00:00.000,options,call
275,1631094480000,967.8,975.8,967.8,972.8,850,46575,35800,weekly,2021-9-16T21:00:00.000,options,call
276,1631094540000,979.0,979.0,979.0,979.0,100,46575,35800,weekly,2021-9-16T21:00:00.000,options,call
277,1631094660000,992.25,992.25,987.2,987.2,125,46775,35800,weekly,2021-9-16T21:00:00.000,options,call
278,1631094720000,987.2,987.2,987.2,987.2,50,46775,35800,weekly,2021-9-16T21:00:00.000,options,call
279,1631094780000,997.8,997.8,994.45,994.55,100,46775,35800,weekly,2021-9-16T21:00:00.000,options,call
280,1631094840000,1006.15,1006.15,1006.15,1006.15,150,46775,35800,weekly,2021-9-16T21:00:00.000,options,call
281,1631094900000,1017.35,1017.35,1017.35,1017.35,50,46600,35800,weekly,2021-9-16T21:00:00.000,options,call
282,1631094960000,1021.45,1021.45,1021.45,1021.45,75,46600,35800,weekly,2021-9-16T21:00:00.000,options,call
283,1631095020000,1028.4,1030.0,1025.2,1030.0,1025,46600,35800,weekly,2021-9-16T21:00:00.000,options,call
284,1631095080000,1030.0,1033.05,1028.0,1033.05,525,46525,35800,weekly,2021-9-16T21:00:00.000,options,call
285,1631095140000,1033.6,1040.4,980.7,1039.2,475,46525,35800,weekly,2021-9-16T21:00:00.000,options,call
