,timestamp,open,high,low,close,volume,open_interest,strike,expiry_type,expiry,instrument,contract_type
0,1657597500000,2.65,2.95,2.65,2.95,1675,35425,31300,weekly,2022-7-14T21:00:00.000,options,put
1,1657597560000,3.0,3.75,3.0,3.75,13700,35425,31300,weekly,2022-7-14T21:00:00.000,options,put
2,1657597620000,3.65,3.7,3.55,3.55,2625,28025,31300,weekly,2022-7-14T21:00:00.000,options,put
3,1657597680000,3.5,3.65,3.45,3.45,1800,28025,31300,weekly,2022-7-14T21:00:00.000,options,put
4,1657597740000,3.6,3.6,3.3,3.3,1725,28025,31300,weekly,2022-7-14T21:00:00.000,options,put
5,1657597800000,3.3,3.4,3.3,3.4,800,28125,31300,weekly,2022-7-14T21:00:00.000,options,put
6,1657597860000,3.4,3.4,3.3,3.4,1275,28125,31300,weekly,2022-7-14T21:00:00.000,options,put
7,1657597920000,3.35,3.4,3.3,3.3,600,28125,31300,weekly,2022-7-14T21:00:00.000,options,put
8,1657597980000,3.3,3.3,3.25,3.25,600,28050,31300,weekly,2022-7-14T21:00:00.000,options,put
9,1657598040000,3.3,3.3,3.3,3.3,200,28050,31300,weekly,2022-7-14T21:00:00.000,options,put
10,1657598220000,3.25,3.25,3.25,3.25,225,28325,31300,weekly,2022-7-14T21:00:00.000,options,put
11,1657598280000,3.35,3.35,3.2,3.2,350,28325,31300,weekly,2022-7-14T21:00:00.000,options,put
12,1657598340000,3.2,3.2,3.15,3.15,1825,27750,31300,weekly,2022-7-14T21:00:00.000,options,put
13,1657598400000,3.1,3.15,3.1,3.1,1550,27750,31300,weekly,2022-7-14T21:00:00.000,options,put
14,1657598460000,3.1,3.2,3.05,3.05,1300,27750,31300,weekly,2022-7-14T21:00:00.000,options,put
15,1657598520000,3.05,3.05,3.05,3.05,150,25675,31300,weekly,2022-7-14T21:00:00.000,options,put
16,1657598580000,3.0,3.1,3.0,3.1,2000,25675,31300,weekly,2022-7-14T21:00:00.000,options,put
17,1657598640000,3.05,3.1,3.0,3.0,3925,25675,31300,weekly,2022-7-14T21:00:00.000,options,put
18,1657598700000,3.0,3.05,3.0,3.0,650,24250,31300,weekly,2022-7-14T21:00:00.000,options,put
19,1657598760000,2.95,2.95,2.95,2.95,125,24250,31300,weekly,2022-7-14T21:00:00.000,options,put
20,1657598820000,3.05,3.05,2.95,2.95,925,24250,31300,weekly,2022-7-14T21:00:00.000,options,put
21,1657598880000,2.95,3.05,2.95,3.0,1100,23900,31300,weekly,2022-7-14T21:00:00.000,options,put
22,1657598940000,3.0,3.0,3.0,3.0,50,23900,31300,weekly,2022-7-14T21:00:00.000,options,put
23,1657599060000,3.0,3.0,3.0,3.0,25,23900,31300,weekly,2022-7-14T21:00:00.000,options,put
24,1657599120000,3.0,3.0,2.95,2.95,125,23825,31300,weekly,2022-7-14T21:00:00.000,options,put
25,1657599180000,3.05,3.05,3.05,3.05,25,23825,31300,weekly,2022-7-14T21:00:00.000,options,put
26,1657599240000,2.95,2.95,2.95,2.95,325,23800,31300,weekly,2022-7-14T21:00:00.000,options,put
27,1657599300000,2.95,3.0,2.95,3.0,425,23800,31300,weekly,2022-7-14T21:00:00.000,options,put
28,1657599360000,2.95,2.95,2.95,2.95,100,23800,31300,weekly,2022-7-14T21:00:00.000,options,put
29,1657599420000,3.0,3.0,2.9,2.9,200,23700,31300,weekly,2022-7-14T21:00:00.000,options,put
30,1657599480000,2.9,2.9,2.85,2.85,100,23700,31300,weekly,2022-7-14T21:00:00.000,options,put
31,1657599540000,2.8,2.8,2.8,2.8,625,23700,31300,weekly,2022-7-14T21:00:00.000,options,put
32,1657599600000,2.85,2.9,2.85,2.9,575,23725,31300,weekly,2022-7-14T21:00:00.000,options,put
33,1657599660000,2.85,2.95,2.85,2.95,225,23725,31300,weekly,2022-7-14T21:00:00.000,options,put
34,1657599720000,2.95,2.95,2.8,2.85,700,23725,31300,weekly,2022-7-14T21:00:00.000,options,put
35,1657599780000,2.8,2.8,2.8,2.8,25,23725,31300,weekly,2022-7-14T21:00:00.000,options,put
36,1657599840000,2.8,2.8,2.7,2.7,375,23900,31300,weekly,2022-7-14T21:00:00.000,options,put
37,1657599900000,2.7,2.7,2.6,2.6,975,23900,31300,weekly,2022-7-14T21:00:00.000,options,put
38,1657599960000,2.6,2.6,2.6,2.6,100,23800,31300,weekly,2022-7-14T21:00:00.000,options,put
39,1657600020000,2.55,2.65,2.55,2.65,50,23800,31300,weekly,2022-7-14T21:00:00.000,options,put
40,1657600260000,2.65,2.65,2.65,2.65,25,23675,31300,weekly,2022-7-14T21:00:00.000,options,put
41,1657600380000,2.65,2.65,2.6,2.6,400,23675,31300,weekly,2022-7-14T21:00:00.000,options,put
42,1657600440000,2.55,2.55,2.55,2.55,450,23675,31300,weekly,2022-7-14T21:00:00.000,options,put
43,1657600500000,2.6,2.6,2.6,2.6,175,23675,31300,weekly,2022-7-14T21:00:00.000,options,put
44,1657600560000,2.6,2.6,2.55,2.55,150,23600,31300,weekly,2022-7-14T21:00:00.000,options,put
45,1657600680000,2.55,2.55,2.55,2.55,75,23450,31300,weekly,2022-7-14T21:00:00.000,options,put
46,1657600740000,2.55,2.55,2.55,2.55,50,23450,31300,weekly,2022-7-14T21:00:00.000,options,put
47,1657600800000,2.55,2.55,2.5,2.5,300,23450,31300,weekly,2022-7-14T21:00:00.000,options,put
48,1657600860000,2.5,2.5,2.5,2.5,500,23450,31300,weekly,2022-7-14T21:00:00.000,options,put
49,1657600920000,2.45,2.45,2.45,2.45,500,23225,31300,weekly,2022-7-14T21:00:00.000,options,put
50,1657600980000,2.45,2.45,2.45,2.45,1050,23225,31300,weekly,2022-7-14T21:00:00.000,options,put
51,1657601040000,2.5,2.5,2.45,2.45,100,23000,31300,weekly,2022-7-14T21:00:00.000,options,put
52,1657601100000,2.45,2.45,2.45,2.45,150,23000,31300,weekly,2022-7-14T21:00:00.000,options,put
53,1657601160000,2.4,2.55,2.4,2.55,300,23000,31300,weekly,2022-7-14T21:00:00.000,options,put
54,1657601220000,2.45,2.45,2.45,2.45,75,22900,31300,weekly,2022-7-14T21:00:00.000,options,put
55,1657601460000,2.5,2.5,2.5,2.5,25,22900,31300,weekly,2022-7-14T21:00:00.000,options,put
56,1657601520000,2.55,2.55,2.55,2.55,25,22900,31300,weekly,2022-7-14T21:00:00.000,options,put
57,1657601820000,2.5,2.5,2.5,2.5,250,22850,31300,weekly,2022-7-14T21:00:00.000,options,put
58,1657602360000,2.55,2.55,2.55,2.55,125,22850,31300,weekly,2022-7-14T21:00:00.000,options,put
59,1657602540000,2.45,2.45,2.45,2.45,75,22850,31300,weekly,2022-7-14T21:00:00.000,options,put
60,1657602600000,2.55,2.55,2.55,2.55,75,22850,31300,weekly,2022-7-14T21:00:00.000,options,put
61,1657602660000,2.55,2.55,2.55,2.55,125,22850,31300,weekly,2022-7-14T21:00:00.000,options,put
62,1657602900000,2.55,2.55,2.45,2.45,50,22700,31300,weekly,2022-7-14T21:00:00.000,options,put
63,1657603020000,2.55,2.55,2.55,2.55,25,22675,31300,weekly,2022-7-14T21:00:00.000,options,put
64,1657603080000,2.5,2.5,2.5,2.5,25,22675,31300,weekly,2022-7-14T21:00:00.000,options,put
65,1657603140000,2.45,2.45,2.45,2.45,250,22675,31300,weekly,2022-7-14T21:00:00.000,options,put
66,1657603200000,2.4,2.45,2.4,2.45,650,22675,31300,weekly,2022-7-14T21:00:00.000,options,put
67,1657603380000,2.35,2.35,2.35,2.35,150,21875,31300,weekly,2022-7-14T21:00:00.000,options,put
68,1657603680000,2.35,2.35,2.35,2.35,100,21875,31300,weekly,2022-7-14T21:00:00.000,options,put
69,1657603740000,2.3,2.4,2.3,2.4,50,21775,31300,weekly,2022-7-14T21:00:00.000,options,put
70,1657603860000,2.35,2.35,2.3,2.3,1450,21775,31300,weekly,2022-7-14T21:00:00.000,options,put
71,1657604280000,2.35,2.35,2.35,2.35,100,21175,31300,weekly,2022-7-14T21:00:00.000,options,put
72,1657604340000,2.35,2.35,2.35,2.35,450,21175,31300,weekly,2022-7-14T21:00:00.000,options,put
73,1657604400000,2.35,2.35,2.35,2.35,50,21175,31300,weekly,2022-7-14T21:00:00.000,options,put
74,1657605300000,2.4,2.4,2.4,2.4,50,20600,31300,weekly,2022-7-14T21:00:00.000,options,put
75,1657605420000,2.4,2.4,2.4,2.4,25,20575,31300,weekly,2022-7-14T21:00:00.000,options,put
76,1657606020000,2.4,2.4,2.4,2.4,50,20575,31300,weekly,2022-7-14T21:00:00.000,options,put
77,1657606200000,2.4,2.45,2.4,2.45,225,20575,31300,weekly,2022-7-14T21:00:00.000,options,put
78,1657606260000,2.35,2.35,2.35,2.35,25,20575,31300,weekly,2022-7-14T21:00:00.000,options,put
79,1657606500000,2.45,2.45,2.4,2.4,175,20375,31300,weekly,2022-7-14T21:00:00.000,options,put
80,1657606740000,2.4,2.4,2.4,2.4,100,20275,31300,weekly,2022-7-14T21:00:00.000,options,put
81,1657606800000,2.4,2.4,2.4,2.4,125,20275,31300,weekly,2022-7-14T21:00:00.000,options,put
82,1657606860000,2.3,2.35,2.3,2.35,150,20375,31300,weekly,2022-7-14T21:00:00.000,options,put
83,1657606920000,2.35,2.35,2.3,2.3,100,20375,31300,weekly,2022-7-14T21:00:00.000,options,put
84,1657606980000,2.3,2.35,2.3,2.35,400,20175,31300,weekly,2022-7-14T21:00:00.000,options,put
85,1657607100000,2.4,2.4,2.4,2.4,75,20175,31300,weekly,2022-7-14T21:00:00.000,options,put
86,1657607400000,2.35,2.4,2.35,2.4,200,20125,31300,weekly,2022-7-14T21:00:00.000,options,put
87,1657607820000,2.4,2.4,2.4,2.4,100,20025,31300,weekly,2022-7-14T21:00:00.000,options,put
88,1657607880000,2.45,2.45,2.45,2.45,50,20025,31300,weekly,2022-7-14T21:00:00.000,options,put
89,1657608240000,2.35,2.35,2.35,2.35,25,20125,31300,weekly,2022-7-14T21:00:00.000,options,put
90,1657608600000,2.45,2.45,2.45,2.45,75,20100,31300,weekly,2022-7-14T21:00:00.000,options,put
91,1657608660000,2.45,2.55,2.45,2.55,250,20025,31300,weekly,2022-7-14T21:00:00.000,options,put
92,1657608900000,2.5,2.5,2.45,2.45,225,20050,31300,weekly,2022-7-14T21:00:00.000,options,put
93,1657608960000,2.5,2.5,2.5,2.5,25,20050,31300,weekly,2022-7-14T21:00:00.000,options,put
94,1657609080000,2.5,2.5,2.5,2.5,50,20050,31300,weekly,2022-7-14T21:00:00.000,options,put
95,1657609260000,2.5,2.5,2.5,2.5,75,20025,31300,weekly,2022-7-14T21:00:00.000,options,put
96,1657609320000,2.45,2.45,2.45,2.45,25,20025,31300,weekly,2022-7-14T21:00:00.000,options,put
97,1657609500000,2.3,2.3,2.2,2.2,25,19975,31300,weekly,2022-7-14T21:00:00.000,options,put
98,1657609560000,2.2,2.2,2.2,2.2,100,19975,31300,weekly,2022-7-14T21:00:00.000,options,put
99,1657609620000,2.2,2.2,2.15,2.15,250,19975,31300,weekly,2022-7-14T21:00:00.000,options,put
100,1657609680000,2.1,2.1,2.1,2.1,750,19975,31300,weekly,2022-7-14T21:00:00.000,options,put
101,1657609740000,2.15,2.15,2.15,2.15,525,19625,31300,weekly,2022-7-14T21:00:00.000,options,put
102,1657609920000,2.15,2.2,2.15,2.2,625,19650,31300,weekly,2022-7-14T21:00:00.000,options,put
103,1657609980000,2.2,2.2,2.15,2.15,700,19650,31300,weekly,2022-7-14T21:00:00.000,options,put
104,1657610220000,2.1,2.1,2.1,2.1,75,19925,31300,weekly,2022-7-14T21:00:00.000,options,put
105,1657610280000,2.2,2.2,2.2,2.2,125,19850,31300,weekly,2022-7-14T21:00:00.000,options,put
106,1657610340000,2.1,2.1,2.1,2.1,75,19850,31300,weekly,2022-7-14T21:00:00.000,options,put
107,1657610400000,2.1,2.1,2.1,2.1,50,19850,31300,weekly,2022-7-14T21:00:00.000,options,put
108,1657610460000,2.15,2.15,2.1,2.1,75,19800,31300,weekly,2022-7-14T21:00:00.000,options,put
109,1657611000000,2.1,2.1,2.1,2.1,75,19750,31300,weekly,2022-7-14T21:00:00.000,options,put
110,1657611180000,2.1,2.1,2.1,2.1,25,19825,31300,weekly,2022-7-14T21:00:00.000,options,put
111,1657611240000,2.1,2.1,2.1,2.1,150,19825,31300,weekly,2022-7-14T21:00:00.000,options,put
112,1657611300000,2.1,2.1,2.1,2.1,200,19825,31300,weekly,2022-7-14T21:00:00.000,options,put
113,1657611360000,2.15,2.15,2.15,2.15,475,19925,31300,weekly,2022-7-14T21:00:00.000,options,put
114,1657611720000,2.1,2.1,2.1,2.1,25,20350,31300,weekly,2022-7-14T21:00:00.000,options,put
115,1657611900000,2.15,2.15,2.15,2.15,525,20325,31300,weekly,2022-7-14T21:00:00.000,options,put
116,1657611960000,2.15,2.15,2.15,2.15,1275,20325,31300,weekly,2022-7-14T21:00:00.000,options,put
117,1657612020000,2.15,2.15,2.15,2.15,1300,20325,31300,weekly,2022-7-14T21:00:00.000,options,put
118,1657612140000,2.2,2.2,2.2,2.2,200,20525,31300,weekly,2022-7-14T21:00:00.000,options,put
119,1657612200000,2.2,2.25,2.2,2.25,525,20525,31300,weekly,2022-7-14T21:00:00.000,options,put
120,1657612260000,2.25,2.25,2.25,2.25,400,19900,31300,weekly,2022-7-14T21:00:00.000,options,put
121,1657612320000,2.25,2.25,2.2,2.25,1500,19900,31300,weekly,2022-7-14T21:00:00.000,options,put
122,1657612380000,2.2,2.25,2.2,2.25,375,19900,31300,weekly,2022-7-14T21:00:00.000,options,put
123,1657612440000,2.3,2.3,2.3,2.3,450,18500,31300,weekly,2022-7-14T21:00:00.000,options,put
124,1657612500000,2.3,2.3,2.3,2.3,850,18500,31300,weekly,2022-7-14T21:00:00.000,options,put
125,1657612560000,2.3,2.3,2.3,2.3,475,18500,31300,weekly,2022-7-14T21:00:00.000,options,put
126,1657612620000,2.3,2.3,2.3,2.3,250,18575,31300,weekly,2022-7-14T21:00:00.000,options,put
127,1657612740000,2.35,2.35,2.3,2.3,1375,18575,31300,weekly,2022-7-14T21:00:00.000,options,put
128,1657612800000,2.3,2.3,2.3,2.3,75,18450,31300,weekly,2022-7-14T21:00:00.000,options,put
129,1657613280000,2.35,2.35,2.35,2.35,300,18400,31300,weekly,2022-7-14T21:00:00.000,options,put
130,1657613340000,2.35,2.35,2.35,2.35,250,18775,31300,weekly,2022-7-14T21:00:00.000,options,put
131,1657613400000,2.35,2.35,2.35,2.35,200,18775,31300,weekly,2022-7-14T21:00:00.000,options,put
132,1657613460000,2.25,2.25,2.25,2.25,250,18775,31300,weekly,2022-7-14T21:00:00.000,options,put
133,1657613820000,2.3,2.3,2.3,2.3,100,18975,31300,weekly,2022-7-14T21:00:00.000,options,put
134,1657613880000,2.3,2.35,2.3,2.35,350,18975,31300,weekly,2022-7-14T21:00:00.000,options,put
135,1657613940000,2.3,2.3,2.25,2.25,175,18975,31300,weekly,2022-7-14T21:00:00.000,options,put
136,1657614900000,2.35,2.35,2.35,2.35,650,18775,31300,weekly,2022-7-14T21:00:00.000,options,put
137,1657614960000,2.3,2.3,2.2,2.2,350,18450,31300,weekly,2022-7-14T21:00:00.000,options,put
138,1657615020000,2.2,2.2,2.2,2.2,25,18450,31300,weekly,2022-7-14T21:00:00.000,options,put
139,1657615260000,2.2,2.2,2.15,2.15,550,18250,31300,weekly,2022-7-14T21:00:00.000,options,put
140,1657615440000,2.25,2.25,2.25,2.25,200,18425,31300,weekly,2022-7-14T21:00:00.000,options,put
141,1657615500000,2.35,2.35,2.35,2.35,350,18550,31300,weekly,2022-7-14T21:00:00.000,options,put
142,1657615680000,2.4,2.4,2.4,2.4,125,18675,31300,weekly,2022-7-14T21:00:00.000,options,put
143,1657615860000,2.3,2.45,2.3,2.45,200,18675,31300,weekly,2022-7-14T21:00:00.000,options,put
144,1657616040000,2.3,2.3,2.3,2.3,25,18725,31300,weekly,2022-7-14T21:00:00.000,options,put
145,1657616160000,2.3,2.3,2.3,2.3,75,18725,31300,weekly,2022-7-14T21:00:00.000,options,put
146,1657616340000,2.35,2.35,2.35,2.35,450,18675,31300,weekly,2022-7-14T21:00:00.000,options,put
147,1657616460000,2.3,2.3,2.25,2.25,150,19125,31300,weekly,2022-7-14T21:00:00.000,options,put
148,1657617000000,2.25,2.25,2.25,2.25,50,19150,31300,weekly,2022-7-14T21:00:00.000,options,put
149,1657617060000,2.3,2.3,2.3,2.3,125,19150,31300,weekly,2022-7-14T21:00:00.000,options,put
150,1657617120000,2.35,2.4,2.35,2.35,950,19150,31300,weekly,2022-7-14T21:00:00.000,options,put
151,1657617180000,2.35,2.4,2.35,2.35,625,19150,31300,weekly,2022-7-14T21:00:00.000,options,put
152,1657617480000,2.4,2.4,2.4,2.4,125,20600,31300,weekly,2022-7-14T21:00:00.000,options,put
153,1657617840000,2.3,2.3,2.3,2.3,275,20525,31300,weekly,2022-7-14T21:00:00.000,options,put
154,1657617960000,2.35,2.35,2.35,2.35,25,20250,31300,weekly,2022-7-14T21:00:00.000,options,put
155,1657618080000,2.4,2.4,2.35,2.35,150,20250,31300,weekly,2022-7-14T21:00:00.000,options,put
156,1657618200000,2.35,2.35,2.3,2.3,400,20225,31300,weekly,2022-7-14T21:00:00.000,options,put
157,1657618260000,2.25,2.3,2.25,2.3,525,20225,31300,weekly,2022-7-14T21:00:00.000,options,put
158,1657618320000,2.25,2.25,2.25,2.25,25,20225,31300,weekly,2022-7-14T21:00:00.000,options,put
159,1657618380000,2.25,2.25,2.25,2.25,100,20275,31300,weekly,2022-7-14T21:00:00.000,options,put
160,1657618440000,2.25,2.25,2.25,2.25,125,20275,31300,weekly,2022-7-14T21:00:00.000,options,put
161,1657618500000,2.25,2.3,2.25,2.3,150,20275,31300,weekly,2022-7-14T21:00:00.000,options,put
162,1657618560000,2.3,2.3,2.2,2.2,850,20000,31300,weekly,2022-7-14T21:00:00.000,options,put
163,1657618620000,2.25,2.25,2.25,2.25,100,20000,31300,weekly,2022-7-14T21:00:00.000,options,put
164,1657618680000,2.25,2.25,2.25,2.25,150,20000,31300,weekly,2022-7-14T21:00:00.000,options,put
165,1657618740000,2.3,2.3,2.25,2.3,1125,19725,31300,weekly,2022-7-14T21:00:00.000,options,put
166,1657618800000,2.25,2.35,2.25,2.35,275,19725,31300,weekly,2022-7-14T21:00:00.000,options,put
167,1657618860000,2.35,2.35,2.3,2.3,500,19725,31300,weekly,2022-7-14T21:00:00.000,options,put
168,1657618920000,2.3,2.4,2.25,2.25,2325,18575,31300,weekly,2022-7-14T21:00:00.000,options,put
169,1657618980000,2.25,2.25,2.1,2.1,1300,18575,31300,weekly,2022-7-14T21:00:00.000,options,put
170,1657619040000,2.1,2.2,2.1,2.1,250,18575,31300,weekly,2022-7-14T21:00:00.000,options,put
171,1657619100000,2.1,2.1,2.1,2.1,225,18300,31300,weekly,2022-7-14T21:00:00.000,options,put
172,1657619160000,2.05,2.05,2.0,2.0,800,18300,31300,weekly,2022-7-14T21:00:00.000,options,put
173,1657619220000,2.1,2.1,1.95,2.05,1225,18300,31300,weekly,2022-7-14T21:00:00.000,options,put
174,1657619280000,2.05,2.05,2.05,2.05,125,19325,31300,weekly,2022-7-14T21:00:00.000,options,put
175,1657619340000,2.1,2.1,2.1,2.1,25,19325,31300,weekly,2022-7-14T21:00:00.000,options,put
176,1657619400000,2.1,2.15,2.05,2.15,1450,19325,31300,weekly,2022-7-14T21:00:00.000,options,put
177,1657619460000,2.1,2.1,2.05,2.05,1000,18050,31300,weekly,2022-7-14T21:00:00.000,options,put
178,1657619520000,2.05,2.1,2.05,2.05,575,18050,31300,weekly,2022-7-14T21:00:00.000,options,put
179,1657619580000,2.1,2.1,2.0,2.0,1775,18050,31300,weekly,2022-7-14T21:00:00.000,options,put
180,1657619640000,2.05,2.1,2.05,2.1,425,15775,31300,weekly,2022-7-14T21:00:00.000,options,put
181,1657619760000,2.15,2.15,2.05,2.05,125,15775,31300,weekly,2022-7-14T21:00:00.000,options,put
182,1657619820000,1.95,1.95,1.95,1.95,100,15775,31300,weekly,2022-7-14T21:00:00.000,options,put
183,1657619880000,1.9,2.1,1.9,2.1,175,15325,31300,weekly,2022-7-14T21:00:00.000,options,put
184,1657619940000,2.0,2.1,2.0,2.05,400,15325,31300,weekly,2022-7-14T21:00:00.000,options,put
