,timestamp,open,high,low,close,volume,open_interest,strike,expiry_type,expiry,instrument,contract_type
0,1547091900000,290.2,317.65,271.35,288.6,1460,,27500,weekly,2019-1-17T21:00:00.000,options,call
1,1547091960000,288.6,300.0,288.6,296.05,3920,,27500,weekly,2019-1-17T21:00:00.000,options,call
2,1547092020000,296.05,296.05,285.0,290.0,1340,,27500,weekly,2019-1-17T21:00:00.000,options,call
3,1547092080000,290.0,298.05,287.45,295.05,540,,27500,weekly,2019-1-17T21:00:00.000,options,call
4,1547092140000,295.3,297.4,291.5,297.4,980,,27500,weekly,2019-1-17T21:00:00.000,options,call
5,1547092200000,297.4,301.65,296.4,301.65,2700,,27500,weekly,2019-1-17T21:00:00.000,options,call
6,1547092260000,301.65,309.45,300.45,305.2,1640,,27500,weekly,2019-1-17T21:00:00.000,options,call
7,1547092320000,305.05,305.05,291.4,295.65,2020,,27500,weekly,2019-1-17T21:00:00.000,options,call
8,1547092380000,295.65,295.65,290.0,293.55,640,,27500,weekly,2019-1-17T21:00:00.000,options,call
9,1547092440000,293.55,298.75,289.05,295.1,1300,,27500,weekly,2019-1-17T21:00:00.000,options,call
10,1547092500000,295.1,301.8,292.75,298.05,1240,,27500,weekly,2019-1-17T21:00:00.000,options,call
11,1547092560000,298.05,298.05,283.95,287.6,1680,,27500,weekly,2019-1-17T21:00:00.000,options,call
12,1547092620000,287.7,291.95,286.8,289.5,940,,27500,weekly,2019-1-17T21:00:00.000,options,call
13,1547092680000,287.75,288.7,282.75,285.55,1000,,27500,weekly,2019-1-17T21:00:00.000,options,call
14,1547092740000,285.55,287.7,282.3,286.4,1240,,27500,weekly,2019-1-17T21:00:00.000,options,call
15,1547092800000,286.4,293.35,285.8,285.8,700,,27500,weekly,2019-1-17T21:00:00.000,options,call
16,1547092860000,285.8,286.05,280.15,280.2,1140,,27500,weekly,2019-1-17T21:00:00.000,options,call
17,1547092920000,280.2,283.95,277.65,278.15,920,,27500,weekly,2019-1-17T21:00:00.000,options,call
18,1547092980000,278.15,283.45,276.95,278.25,2500,,27500,weekly,2019-1-17T21:00:00.000,options,call
19,1547093040000,278.1,281.35,275.0,276.65,1120,,27500,weekly,2019-1-17T21:00:00.000,options,call
20,1547093100000,276.65,277.85,272.8,272.8,660,,27500,weekly,2019-1-17T21:00:00.000,options,call
21,1547093160000,273.05,276.45,272.0,276.45,1560,,27500,weekly,2019-1-17T21:00:00.000,options,call
22,1547093220000,276.45,276.45,262.15,268.0,2300,,27500,weekly,2019-1-17T21:00:00.000,options,call
23,1547093280000,268.0,273.85,267.4,272.45,720,,27500,weekly,2019-1-17T21:00:00.000,options,call
24,1547093340000,272.45,277.4,271.95,276.4,2780,,27500,weekly,2019-1-17T21:00:00.000,options,call
25,1547093400000,276.4,279.8,276.4,279.05,1140,,27500,weekly,2019-1-17T21:00:00.000,options,call
26,1547093460000,279.05,280.5,275.25,276.8,1040,,27500,weekly,2019-1-17T21:00:00.000,options,call
27,1547093520000,276.8,276.8,272.9,273.75,780,,27500,weekly,2019-1-17T21:00:00.000,options,call
28,1547093580000,274.85,277.35,273.75,277.0,520,,27500,weekly,2019-1-17T21:00:00.000,options,call
29,1547093640000,277.0,279.4,273.0,273.0,400,,27500,weekly,2019-1-17T21:00:00.000,options,call
30,1547093700000,273.0,277.25,273.0,277.25,580,,27500,weekly,2019-1-17T21:00:00.000,options,call
31,1547093760000,277.25,278.85,272.75,272.75,920,,27500,weekly,2019-1-17T21:00:00.000,options,call
32,1547093820000,272.75,277.0,272.75,274.4,860,,27500,weekly,2019-1-17T21:00:00.000,options,call
33,1547093880000,274.4,275.15,272.0,275.15,180,,27500,weekly,2019-1-17T21:00:00.000,options,call
34,1547093940000,275.15,277.7,274.0,276.95,1340,,27500,weekly,2019-1-17T21:00:00.000,options,call
35,1547094000000,276.95,278.5,274.0,276.0,2420,,27500,weekly,2019-1-17T21:00:00.000,options,call
36,1547094060000,275.75,277.5,275.75,277.0,800,,27500,weekly,2019-1-17T21:00:00.000,options,call
37,1547094120000,277.0,280.0,275.8,280.0,600,,27500,weekly,2019-1-17T21:00:00.000,options,call
38,1547094180000,280.0,280.65,278.75,279.0,180,,27500,weekly,2019-1-17T21:00:00.000,options,call
39,1547094240000,278.95,283.55,278.95,280.05,1700,,27500,weekly,2019-1-17T21:00:00.000,options,call
40,1547094300000,280.05,280.35,278.55,279.2,680,,27500,weekly,2019-1-17T21:00:00.000,options,call
41,1547094360000,279.2,287.05,279.2,286.35,740,,27500,weekly,2019-1-17T21:00:00.000,options,call
42,1547094420000,286.35,289.9,286.35,287.6,2580,,27500,weekly,2019-1-17T21:00:00.000,options,call
43,1547094480000,287.6,289.45,285.0,285.0,820,,27500,weekly,2019-1-17T21:00:00.000,options,call
44,1547094540000,284.0,284.0,280.15,280.15,300,,27500,weekly,2019-1-17T21:00:00.000,options,call
45,1547094600000,280.9,281.0,278.6,279.9,740,,27500,weekly,2019-1-17T21:00:00.000,options,call
46,1547094660000,279.9,282.5,279.9,279.9,340,,27500,weekly,2019-1-17T21:00:00.000,options,call
47,1547094720000,279.9,279.9,277.6,279.7,60,,27500,weekly,2019-1-17T21:00:00.000,options,call
48,1547094780000,279.6,280.05,274.35,274.35,2040,,27500,weekly,2019-1-17T21:00:00.000,options,call
49,1547094840000,274.85,275.0,272.9,274.35,900,,27500,weekly,2019-1-17T21:00:00.000,options,call
50,1547094900000,274.35,275.95,273.4,275.9,1020,,27500,weekly,2019-1-17T21:00:00.000,options,call
51,1547094960000,275.9,275.9,269.55,272.6,1580,,27500,weekly,2019-1-17T21:00:00.000,options,call
52,1547095020000,272.6,276.7,272.15,275.85,1080,,27500,weekly,2019-1-17T21:00:00.000,options,call
53,1547095080000,275.85,276.3,272.4,274.05,260,,27500,weekly,2019-1-17T21:00:00.000,options,call
54,1547095140000,274.05,275.15,271.55,274.0,180,,27500,weekly,2019-1-17T21:00:00.000,options,call
55,1547095200000,274.0,275.3,273.3,273.3,480,,27500,weekly,2019-1-17T21:00:00.000,options,call
56,1547095260000,273.3,274.5,269.9,273.0,680,,27500,weekly,2019-1-17T21:00:00.000,options,call
57,1547095320000,273.0,277.1,273.0,275.35,420,,27500,weekly,2019-1-17T21:00:00.000,options,call
58,1547095380000,275.35,278.4,275.35,278.0,580,,27500,weekly,2019-1-17T21:00:00.000,options,call
59,1547095440000,278.5,278.5,277.1,277.95,400,,27500,weekly,2019-1-17T21:00:00.000,options,call
60,1547095500000,277.95,277.95,276.3,276.6,260,,27500,weekly,2019-1-17T21:00:00.000,options,call
61,1547095560000,276.6,276.6,272.1,275.0,700,,27500,weekly,2019-1-17T21:00:00.000,options,call
62,1547095620000,275.0,278.3,274.8,278.3,240,,27500,weekly,2019-1-17T21:00:00.000,options,call
63,1547095680000,278.3,278.3,274.0,274.0,60,,27500,weekly,2019-1-17T21:00:00.000,options,call
64,1547095740000,274.0,274.0,273.45,273.45,60,,27500,weekly,2019-1-17T21:00:00.000,options,call
65,1547095800000,273.45,274.45,270.9,274.4,500,,27500,weekly,2019-1-17T21:00:00.000,options,call
66,1547095860000,274.4,280.95,274.4,280.95,1140,,27500,weekly,2019-1-17T21:00:00.000,options,call
67,1547095920000,280.95,283.85,279.8,282.15,1180,,27500,weekly,2019-1-17T21:00:00.000,options,call
68,1547095980000,282.15,292.55,281.25,289.25,2520,,27500,weekly,2019-1-17T21:00:00.000,options,call
69,1547096040000,289.35,291.5,284.7,291.1,2140,,27500,weekly,2019-1-17T21:00:00.000,options,call
70,1547096100000,291.1,292.4,285.55,285.95,1280,,27500,weekly,2019-1-17T21:00:00.000,options,call
71,1547096160000,285.95,290.9,285.95,290.9,1320,,27500,weekly,2019-1-17T21:00:00.000,options,call
72,1547096220000,290.9,294.75,288.3,293.45,1020,,27500,weekly,2019-1-17T21:00:00.000,options,call
73,1547096280000,293.45,293.45,288.65,289.55,240,,27500,weekly,2019-1-17T21:00:00.000,options,call
74,1547096340000,289.55,289.75,287.9,288.75,620,,27500,weekly,2019-1-17T21:00:00.000,options,call
75,1547096400000,288.75,291.3,288.0,289.7,980,,27500,weekly,2019-1-17T21:00:00.000,options,call
76,1547096460000,289.7,295.55,289.7,295.55,680,,27500,weekly,2019-1-17T21:00:00.000,options,call
77,1547096520000,295.55,298.55,295.05,298.55,760,,27500,weekly,2019-1-17T21:00:00.000,options,call
78,1547096580000,298.55,300.0,295.15,295.5,3140,,27500,weekly,2019-1-17T21:00:00.000,options,call
79,1547096640000,295.65,296.5,292.85,294.5,1740,,27500,weekly,2019-1-17T21:00:00.000,options,call
80,1547096700000,293.5,297.9,290.7,290.85,940,,27500,weekly,2019-1-17T21:00:00.000,options,call
81,1547096760000,290.85,294.65,290.85,293.75,720,,27500,weekly,2019-1-17T21:00:00.000,options,call
82,1547096820000,293.75,295.0,292.0,295.0,600,,27500,weekly,2019-1-17T21:00:00.000,options,call
83,1547096880000,295.0,298.0,292.0,294.05,360,,27500,weekly,2019-1-17T21:00:00.000,options,call
84,1547096940000,294.05,296.85,294.0,294.55,1080,,27500,weekly,2019-1-17T21:00:00.000,options,call
85,1547097000000,294.55,299.25,294.55,299.25,480,,27500,weekly,2019-1-17T21:00:00.000,options,call
86,1547097060000,299.25,300.75,292.05,292.05,1240,,27500,weekly,2019-1-17T21:00:00.000,options,call
87,1547097120000,292.05,292.05,279.0,282.3,920,,27500,weekly,2019-1-17T21:00:00.000,options,call
88,1547097180000,281.3,283.1,279.05,282.95,2220,,27500,weekly,2019-1-17T21:00:00.000,options,call
89,1547097240000,282.95,282.95,274.1,277.3,1280,,27500,weekly,2019-1-17T21:00:00.000,options,call
90,1547097300000,277.3,277.3,271.9,276.75,320,,27500,weekly,2019-1-17T21:00:00.000,options,call
91,1547097360000,276.75,278.75,276.75,277.0,1900,,27500,weekly,2019-1-17T21:00:00.000,options,call
92,1547097420000,277.0,280.3,274.8,274.8,820,,27500,weekly,2019-1-17T21:00:00.000,options,call
93,1547097480000,274.8,279.95,274.8,275.7,700,,27500,weekly,2019-1-17T21:00:00.000,options,call
94,1547097540000,275.7,279.5,275.7,279.5,200,,27500,weekly,2019-1-17T21:00:00.000,options,call
95,1547097600000,279.5,282.45,279.5,281.85,380,,27500,weekly,2019-1-17T21:00:00.000,options,call
96,1547097660000,281.85,284.5,278.35,279.05,320,,27500,weekly,2019-1-17T21:00:00.000,options,call
97,1547097720000,279.05,279.7,278.0,278.65,120,,27500,weekly,2019-1-17T21:00:00.000,options,call
98,1547097780000,278.65,280.05,277.3,278.6,240,,27500,weekly,2019-1-17T21:00:00.000,options,call
99,1547097840000,278.6,278.6,274.45,276.25,80,,27500,weekly,2019-1-17T21:00:00.000,options,call
100,1547097900000,276.25,276.65,273.45,273.45,280,,27500,weekly,2019-1-17T21:00:00.000,options,call
101,1547097960000,273.45,277.4,272.2,277.4,860,,27500,weekly,2019-1-17T21:00:00.000,options,call
102,1547098020000,277.4,277.4,273.8,274.8,740,,27500,weekly,2019-1-17T21:00:00.000,options,call
103,1547098080000,274.8,277.3,273.15,273.15,1440,,27500,weekly,2019-1-17T21:00:00.000,options,call
104,1547098140000,273.15,275.65,271.55,273.7,560,,27500,weekly,2019-1-17T21:00:00.000,options,call
105,1547098200000,273.7,273.9,261.05,262.9,1400,,27500,weekly,2019-1-17T21:00:00.000,options,call
106,1547098260000,251.1,259.55,250.0,255.8,6160,,27500,weekly,2019-1-17T21:00:00.000,options,call
107,1547098320000,255.8,259.95,255.0,258.8,1380,,27500,weekly,2019-1-17T21:00:00.000,options,call
108,1547098380000,258.8,261.1,257.1,258.55,2100,,27500,weekly,2019-1-17T21:00:00.000,options,call
109,1547098440000,258.55,258.85,252.5,254.2,3020,,27500,weekly,2019-1-17T21:00:00.000,options,call
110,1547098500000,254.2,255.9,252.25,253.95,1060,,27500,weekly,2019-1-17T21:00:00.000,options,call
111,1547098560000,253.95,259.4,253.3,257.5,1020,,27500,weekly,2019-1-17T21:00:00.000,options,call
112,1547098620000,257.75,260.55,253.95,260.5,1420,,27500,weekly,2019-1-17T21:00:00.000,options,call
113,1547098680000,260.5,260.5,255.15,258.25,860,,27500,weekly,2019-1-17T21:00:00.000,options,call
114,1547098740000,258.25,261.35,258.25,261.0,680,,27500,weekly,2019-1-17T21:00:00.000,options,call
115,1547098800000,261.25,261.4,258.65,258.65,1360,,27500,weekly,2019-1-17T21:00:00.000,options,call
116,1547098860000,257.7,260.4,256.75,257.0,80,,27500,weekly,2019-1-17T21:00:00.000,options,call
117,1547098920000,257.0,260.25,252.7,252.7,1880,,27500,weekly,2019-1-17T21:00:00.000,options,call
118,1547098980000,252.7,256.05,247.8,256.0,3820,,27500,weekly,2019-1-17T21:00:00.000,options,call
119,1547099040000,256.0,260.0,256.0,260.0,2160,,27500,weekly,2019-1-17T21:00:00.000,options,call
120,1547099100000,260.0,260.0,255.1,256.9,2120,,27500,weekly,2019-1-17T21:00:00.000,options,call
121,1547099160000,256.9,260.35,256.9,260.35,480,,27500,weekly,2019-1-17T21:00:00.000,options,call
122,1547099220000,260.35,260.35,254.65,255.65,800,,27500,weekly,2019-1-17T21:00:00.000,options,call
123,1547099280000,255.65,257.9,255.0,256.85,620,,27500,weekly,2019-1-17T21:00:00.000,options,call
124,1547099340000,256.85,259.95,256.3,258.35,620,,27500,weekly,2019-1-17T21:00:00.000,options,call
125,1547099400000,258.35,263.5,257.1,263.5,740,,27500,weekly,2019-1-17T21:00:00.000,options,call
126,1547099460000,263.5,264.65,262.55,264.2,340,,27500,weekly,2019-1-17T21:00:00.000,options,call
127,1547099520000,264.2,264.2,261.5,262.55,180,,27500,weekly,2019-1-17T21:00:00.000,options,call
128,1547099580000,262.55,264.95,262.55,264.95,280,,27500,weekly,2019-1-17T21:00:00.000,options,call
129,1547099640000,264.95,264.95,263.05,263.05,120,,27500,weekly,2019-1-17T21:00:00.000,options,call
130,1547099700000,262.1,262.1,255.25,257.4,200,,27500,weekly,2019-1-17T21:00:00.000,options,call
131,1547099760000,257.4,258.0,255.95,255.95,220,,27500,weekly,2019-1-17T21:00:00.000,options,call
132,1547099820000,255.95,258.0,254.0,256.55,920,,27500,weekly,2019-1-17T21:00:00.000,options,call
133,1547099880000,256.55,260.0,255.8,258.5,260,,27500,weekly,2019-1-17T21:00:00.000,options,call
134,1547099940000,258.5,261.9,257.05,261.0,380,,27500,weekly,2019-1-17T21:00:00.000,options,call
135,1547100000000,261.0,263.7,260.0,263.7,1360,,27500,weekly,2019-1-17T21:00:00.000,options,call
136,1547100060000,263.7,267.5,263.7,267.5,2020,,27500,weekly,2019-1-17T21:00:00.000,options,call
137,1547100120000,267.5,267.5,262.35,263.45,760,,27500,weekly,2019-1-17T21:00:00.000,options,call
138,1547100180000,263.45,267.2,263.2,264.25,1780,,27500,weekly,2019-1-17T21:00:00.000,options,call
139,1547100240000,263.6,264.5,263.4,263.85,360,,27500,weekly,2019-1-17T21:00:00.000,options,call
140,1547100300000,263.85,263.85,258.0,258.0,660,,27500,weekly,2019-1-17T21:00:00.000,options,call
141,1547100360000,258.0,260.4,256.75,260.0,280,,27500,weekly,2019-1-17T21:00:00.000,options,call
142,1547100420000,260.0,263.0,260.0,262.3,240,,27500,weekly,2019-1-17T21:00:00.000,options,call
143,1547100480000,262.3,263.0,260.85,262.25,480,,27500,weekly,2019-1-17T21:00:00.000,options,call
144,1547100540000,262.25,262.25,260.4,260.4,20,,27500,weekly,2019-1-17T21:00:00.000,options,call
145,1547100600000,260.4,264.95,260.4,264.35,460,,27500,weekly,2019-1-17T21:00:00.000,options,call
146,1547100660000,264.35,266.85,264.35,265.05,700,,27500,weekly,2019-1-17T21:00:00.000,options,call
147,1547100720000,265.05,265.75,262.05,262.65,1120,,27500,weekly,2019-1-17T21:00:00.000,options,call
148,1547100780000,262.65,264.6,262.65,262.95,320,,27500,weekly,2019-1-17T21:00:00.000,options,call
149,1547100840000,262.95,262.95,262.75,262.8,60,,27500,weekly,2019-1-17T21:00:00.000,options,call
150,1547100900000,262.8,272.0,262.8,268.95,880,,27500,weekly,2019-1-17T21:00:00.000,options,call
151,1547100960000,268.95,269.95,268.3,268.65,200,,27500,weekly,2019-1-17T21:00:00.000,options,call
152,1547101020000,268.2,268.2,266.95,267.75,2780,,27500,weekly,2019-1-17T21:00:00.000,options,call
153,1547101080000,267.75,267.75,262.85,262.85,420,,27500,weekly,2019-1-17T21:00:00.000,options,call
154,1547101140000,262.85,265.7,262.85,264.55,320,,27500,weekly,2019-1-17T21:00:00.000,options,call
155,1547101200000,264.55,264.55,260.0,260.0,240,,27500,weekly,2019-1-17T21:00:00.000,options,call
156,1547101260000,260.0,261.0,258.0,258.35,2100,,27500,weekly,2019-1-17T21:00:00.000,options,call
157,1547101320000,258.35,259.05,254.75,254.75,600,,27500,weekly,2019-1-17T21:00:00.000,options,call
158,1547101380000,254.7,254.7,252.05,253.7,620,,27500,weekly,2019-1-17T21:00:00.000,options,call
159,1547101440000,253.7,260.65,253.7,256.9,340,,27500,weekly,2019-1-17T21:00:00.000,options,call
160,1547101500000,256.9,260.0,255.65,257.15,1040,,27500,weekly,2019-1-17T21:00:00.000,options,call
161,1547101560000,257.15,258.0,251.15,251.15,1720,,27500,weekly,2019-1-17T21:00:00.000,options,call
162,1547101620000,251.15,256.2,250.9,254.95,1200,,27500,weekly,2019-1-17T21:00:00.000,options,call
163,1547101680000,254.95,260.0,254.95,260.0,1080,,27500,weekly,2019-1-17T21:00:00.000,options,call
164,1547101740000,260.0,260.0,259.5,259.95,140,,27500,weekly,2019-1-17T21:00:00.000,options,call
165,1547101800000,259.95,259.95,254.15,256.7,180,,27500,weekly,2019-1-17T21:00:00.000,options,call
166,1547101860000,256.7,257.15,254.9,254.9,320,,27500,weekly,2019-1-17T21:00:00.000,options,call
167,1547101920000,254.9,258.0,252.1,257.9,860,,27500,weekly,2019-1-17T21:00:00.000,options,call
168,1547101980000,257.9,258.0,253.75,253.75,420,,27500,weekly,2019-1-17T21:00:00.000,options,call
169,1547102040000,253.75,255.8,253.0,253.35,280,,27500,weekly,2019-1-17T21:00:00.000,options,call
170,1547102100000,253.35,255.25,250.9,252.8,480,,27500,weekly,2019-1-17T21:00:00.000,options,call
171,1547102160000,252.8,254.5,248.45,248.45,1940,,27500,weekly,2019-1-17T21:00:00.000,options,call
172,1547102220000,243.6,245.55,236.5,241.7,4460,,27500,weekly,2019-1-17T21:00:00.000,options,call
173,1547102280000,241.35,244.5,237.25,243.7,2180,,27500,weekly,2019-1-17T21:00:00.000,options,call
174,1547102340000,243.7,244.65,241.0,242.2,1340,,27500,weekly,2019-1-17T21:00:00.000,options,call
175,1547102400000,241.4,241.4,223.8,234.8,9660,,27500,weekly,2019-1-17T21:00:00.000,options,call
176,1547102460000,234.8,243.2,233.65,241.55,2120,,27500,weekly,2019-1-17T21:00:00.000,options,call
177,1547102520000,241.55,243.5,241.3,242.5,1720,,27500,weekly,2019-1-17T21:00:00.000,options,call
178,1547102580000,242.5,247.1,241.55,246.75,1180,,27500,weekly,2019-1-17T21:00:00.000,options,call
179,1547102640000,246.75,249.95,246.75,249.9,3460,,27500,weekly,2019-1-17T21:00:00.000,options,call
180,1547102700000,249.9,251.15,245.95,250.1,1820,,27500,weekly,2019-1-17T21:00:00.000,options,call
181,1547102760000,250.15,253.5,250.1,251.25,2580,,27500,weekly,2019-1-17T21:00:00.000,options,call
182,1547102820000,251.25,252.25,248.65,249.1,1160,,27500,weekly,2019-1-17T21:00:00.000,options,call
183,1547102880000,249.1,254.25,249.1,254.05,300,,27500,weekly,2019-1-17T21:00:00.000,options,call
184,1547102940000,255.0,259.0,252.9,252.9,2280,,27500,weekly,2019-1-17T21:00:00.000,options,call
185,1547103000000,252.9,254.05,252.1,253.25,320,,27500,weekly,2019-1-17T21:00:00.000,options,call
186,1547103060000,253.25,253.25,247.0,247.7,1040,,27500,weekly,2019-1-17T21:00:00.000,options,call
187,1547103120000,247.7,252.3,247.0,250.4,1000,,27500,weekly,2019-1-17T21:00:00.000,options,call
188,1547103180000,250.4,250.4,247.0,248.1,920,,27500,weekly,2019-1-17T21:00:00.000,options,call
189,1547103240000,248.1,248.1,245.0,246.1,1000,,27500,weekly,2019-1-17T21:00:00.000,options,call
190,1547103300000,246.1,246.1,244.4,244.4,180,,27500,weekly,2019-1-17T21:00:00.000,options,call
191,1547103360000,244.25,246.45,241.9,244.2,1120,,27500,weekly,2019-1-17T21:00:00.000,options,call
192,1547103420000,244.2,245.15,242.75,242.95,880,,27500,weekly,2019-1-17T21:00:00.000,options,call
193,1547103480000,242.95,246.55,242.95,245.3,980,,27500,weekly,2019-1-17T21:00:00.000,options,call
194,1547103540000,245.3,247.65,244.65,246.55,1040,,27500,weekly,2019-1-17T21:00:00.000,options,call
195,1547103600000,246.55,252.45,245.75,250.7,1720,,27500,weekly,2019-1-17T21:00:00.000,options,call
196,1547103660000,251.75,259.6,251.35,258.5,3560,,27500,weekly,2019-1-17T21:00:00.000,options,call
197,1547103720000,258.5,260.0,255.9,259.65,3080,,27500,weekly,2019-1-17T21:00:00.000,options,call
198,1547103780000,259.65,261.6,258.95,259.7,1800,,27500,weekly,2019-1-17T21:00:00.000,options,call
199,1547103840000,259.7,262.6,259.45,261.1,1560,,27500,weekly,2019-1-17T21:00:00.000,options,call
200,1547103900000,261.1,272.45,261.1,269.2,7840,,27500,weekly,2019-1-17T21:00:00.000,options,call
201,1547103960000,269.95,269.95,265.0,266.45,1300,,27500,weekly,2019-1-17T21:00:00.000,options,call
202,1547104020000,266.45,268.0,265.75,268.0,860,,27500,weekly,2019-1-17T21:00:00.000,options,call
203,1547104080000,268.0,269.9,266.0,268.25,1180,,27500,weekly,2019-1-17T21:00:00.000,options,call
204,1547104140000,268.25,269.1,266.1,266.2,360,,27500,weekly,2019-1-17T21:00:00.000,options,call
205,1547104200000,266.45,277.0,265.65,275.25,2240,,27500,weekly,2019-1-17T21:00:00.000,options,call
206,1547104260000,275.85,286.7,275.85,284.25,3840,,27500,weekly,2019-1-17T21:00:00.000,options,call
207,1547104320000,284.25,288.3,276.1,278.5,5960,,27500,weekly,2019-1-17T21:00:00.000,options,call
208,1547104380000,279.05,279.05,274.45,278.1,1120,,27500,weekly,2019-1-17T21:00:00.000,options,call
209,1547104440000,278.05,280.9,275.45,275.45,1520,,27500,weekly,2019-1-17T21:00:00.000,options,call
210,1547104500000,276.7,277.8,273.7,274.6,2600,,27500,weekly,2019-1-17T21:00:00.000,options,call
211,1547104560000,274.6,275.0,272.1,275.0,840,,27500,weekly,2019-1-17T21:00:00.000,options,call
212,1547104620000,271.15,274.2,267.55,268.65,1940,,27500,weekly,2019-1-17T21:00:00.000,options,call
213,1547104680000,269.2,270.4,268.8,269.85,1060,,27500,weekly,2019-1-17T21:00:00.000,options,call
214,1547104740000,269.85,272.05,268.65,269.75,740,,27500,weekly,2019-1-17T21:00:00.000,options,call
215,1547104800000,269.75,269.75,260.0,261.75,900,,27500,weekly,2019-1-17T21:00:00.000,options,call
216,1547104860000,264.7,269.1,264.7,268.0,360,,27500,weekly,2019-1-17T21:00:00.000,options,call
217,1547104920000,268.0,271.15,268.0,271.15,200,,27500,weekly,2019-1-17T21:00:00.000,options,call
218,1547104980000,271.15,276.25,271.15,276.25,480,,27500,weekly,2019-1-17T21:00:00.000,options,call
219,1547105040000,276.25,276.25,273.5,273.65,680,,27500,weekly,2019-1-17T21:00:00.000,options,call
220,1547105100000,273.65,273.65,265.45,266.6,520,,27500,weekly,2019-1-17T21:00:00.000,options,call
221,1547105160000,266.6,267.05,265.0,266.2,60,,27500,weekly,2019-1-17T21:00:00.000,options,call
222,1547105220000,266.2,266.2,258.95,258.95,380,,27500,weekly,2019-1-17T21:00:00.000,options,call
223,1547105280000,258.95,261.1,257.5,261.1,560,,27500,weekly,2019-1-17T21:00:00.000,options,call
224,1547105340000,261.1,267.95,260.0,265.0,580,,27500,weekly,2019-1-17T21:00:00.000,options,call
225,1547105400000,265.0,268.55,264.15,268.55,1040,,27500,weekly,2019-1-17T21:00:00.000,options,call
226,1547105460000,268.55,271.2,266.95,266.95,620,,27500,weekly,2019-1-17T21:00:00.000,options,call
227,1547105520000,266.95,269.9,266.95,268.65,140,,27500,weekly,2019-1-17T21:00:00.000,options,call
228,1547105580000,268.65,271.75,268.65,269.0,280,,27500,weekly,2019-1-17T21:00:00.000,options,call
229,1547105640000,269.0,269.05,261.1,262.45,1420,,27500,weekly,2019-1-17T21:00:00.000,options,call
230,1547105700000,262.45,267.6,260.9,267.6,620,,27500,weekly,2019-1-17T21:00:00.000,options,call
231,1547105760000,267.6,267.6,263.1,264.75,1480,,27500,weekly,2019-1-17T21:00:00.000,options,call
232,1547105820000,264.75,273.6,264.75,271.85,600,,27500,weekly,2019-1-17T21:00:00.000,options,call
233,1547105880000,272.4,273.1,267.55,268.85,660,,27500,weekly,2019-1-17T21:00:00.000,options,call
234,1547105940000,268.85,268.85,266.0,266.25,400,,27500,weekly,2019-1-17T21:00:00.000,options,call
235,1547106000000,266.25,266.55,264.7,264.9,420,,27500,weekly,2019-1-17T21:00:00.000,options,call
236,1547106060000,264.95,266.65,264.7,264.95,540,,27500,weekly,2019-1-17T21:00:00.000,options,call
237,1547106120000,264.95,264.95,261.45,263.6,320,,27500,weekly,2019-1-17T21:00:00.000,options,call
238,1547106180000,263.6,266.2,262.0,266.2,1140,,27500,weekly,2019-1-17T21:00:00.000,options,call
239,1547106240000,266.2,276.05,266.2,270.05,3020,,27500,weekly,2019-1-17T21:00:00.000,options,call
240,1547106300000,270.05,273.15,268.15,268.15,400,,27500,weekly,2019-1-17T21:00:00.000,options,call
241,1547106360000,268.15,270.2,265.1,266.85,1320,,27500,weekly,2019-1-17T21:00:00.000,options,call
242,1547106420000,266.15,268.0,264.7,266.0,1240,,27500,weekly,2019-1-17T21:00:00.000,options,call
243,1547106480000,266.0,269.0,265.45,267.75,1620,,27500,weekly,2019-1-17T21:00:00.000,options,call
244,1547106540000,268.3,271.5,268.05,270.65,1480,,27500,weekly,2019-1-17T21:00:00.000,options,call
245,1547106600000,271.6,276.3,268.65,275.85,1900,,27500,weekly,2019-1-17T21:00:00.000,options,call
246,1547106660000,275.95,276.4,270.1,270.1,1820,,27500,weekly,2019-1-17T21:00:00.000,options,call
247,1547106720000,270.1,270.4,265.7,265.95,1760,,27500,weekly,2019-1-17T21:00:00.000,options,call
248,1547106780000,265.95,266.5,260.05,260.05,2800,,27500,weekly,2019-1-17T21:00:00.000,options,call
249,1547106840000,261.0,261.35,256.0,259.35,4080,,27500,weekly,2019-1-17T21:00:00.000,options,call
250,1547106900000,259.35,262.85,258.1,261.35,840,,27500,weekly,2019-1-17T21:00:00.000,options,call
251,1547106960000,261.35,262.3,259.75,260.45,440,,27500,weekly,2019-1-17T21:00:00.000,options,call
252,1547107020000,260.45,261.4,243.6,245.0,4140,,27500,weekly,2019-1-17T21:00:00.000,options,call
253,1547107080000,243.15,249.0,241.4,243.0,2700,,27500,weekly,2019-1-17T21:00:00.000,options,call
254,1547107140000,242.7,250.35,239.0,250.0,2260,,27500,weekly,2019-1-17T21:00:00.000,options,call
255,1547107200000,252.0,257.1,251.4,253.05,980,,27500,weekly,2019-1-17T21:00:00.000,options,call
256,1547107260000,253.05,255.0,253.0,253.0,360,,27500,weekly,2019-1-17T21:00:00.000,options,call
257,1547107320000,253.0,255.0,241.95,245.15,4140,,27500,weekly,2019-1-17T21:00:00.000,options,call
258,1547107380000,245.15,247.35,240.6,247.35,2920,,27500,weekly,2019-1-17T21:00:00.000,options,call
259,1547107440000,247.35,252.0,247.1,247.8,1680,,27500,weekly,2019-1-17T21:00:00.000,options,call
260,1547107500000,246.95,247.6,239.0,240.6,2900,,27500,weekly,2019-1-17T21:00:00.000,options,call
261,1547107560000,240.6,241.9,236.15,237.35,3620,,27500,weekly,2019-1-17T21:00:00.000,options,call
262,1547107620000,238.8,241.1,234.05,241.1,5680,,27500,weekly,2019-1-17T21:00:00.000,options,call
263,1547107680000,241.1,248.6,241.1,248.4,3240,,27500,weekly,2019-1-17T21:00:00.000,options,call
264,1547107740000,248.4,250.05,246.95,250.0,2140,,27500,weekly,2019-1-17T21:00:00.000,options,call
265,1547107800000,250.0,253.6,247.3,247.3,1920,,27500,weekly,2019-1-17T21:00:00.000,options,call
266,1547107860000,247.3,247.9,242.0,242.05,960,,27500,weekly,2019-1-17T21:00:00.000,options,call
267,1547107920000,242.05,244.85,241.4,244.85,1180,,27500,weekly,2019-1-17T21:00:00.000,options,call
268,1547107980000,244.65,250.8,244.65,250.0,2040,,27500,weekly,2019-1-17T21:00:00.000,options,call
269,1547108040000,250.0,255.5,250.0,255.45,2040,,27500,weekly,2019-1-17T21:00:00.000,options,call
270,1547108100000,252.6,253.1,250.0,250.7,3540,,27500,weekly,2019-1-17T21:00:00.000,options,call
271,1547108160000,250.7,252.3,248.9,249.95,2900,,27500,weekly,2019-1-17T21:00:00.000,options,call
272,1547108220000,249.95,253.0,249.95,250.45,2440,,27500,weekly,2019-1-17T21:00:00.000,options,call
273,1547108280000,250.45,250.45,240.5,242.95,1780,,27500,weekly,2019-1-17T21:00:00.000,options,call
274,1547108340000,242.95,249.15,242.95,248.95,860,,27500,weekly,2019-1-17T21:00:00.000,options,call
275,1547108400000,248.95,251.7,248.95,249.35,1640,,27500,weekly,2019-1-17T21:00:00.000,options,call
276,1547108460000,249.35,250.3,246.85,248.0,280,,27500,weekly,2019-1-17T21:00:00.000,options,call
277,1547108520000,248.0,249.95,247.1,247.85,820,,27500,weekly,2019-1-17T21:00:00.000,options,call
278,1547108580000,247.85,249.6,246.15,247.0,1240,,27500,weekly,2019-1-17T21:00:00.000,options,call
279,1547108640000,247.0,249.65,246.0,249.3,360,,27500,weekly,2019-1-17T21:00:00.000,options,call
280,1547108700000,248.0,254.05,248.0,254.0,1100,,27500,weekly,2019-1-17T21:00:00.000,options,call
281,1547108760000,254.0,257.6,249.95,257.6,1340,,27500,weekly,2019-1-17T21:00:00.000,options,call
282,1547108820000,257.6,267.2,257.6,260.3,3460,,27500,weekly,2019-1-17T21:00:00.000,options,call
283,1547108880000,260.3,262.95,260.3,261.65,740,,27500,weekly,2019-1-17T21:00:00.000,options,call
284,1547108940000,261.75,261.75,255.0,255.0,1000,,27500,weekly,2019-1-17T21:00:00.000,options,call
285,1547109000000,255.0,260.0,253.25,260.0,1400,,27500,weekly,2019-1-17T21:00:00.000,options,call
286,1547109060000,260.0,262.85,259.9,261.45,760,,27500,weekly,2019-1-17T21:00:00.000,options,call
287,1547109120000,261.45,267.95,261.45,263.0,3020,,27500,weekly,2019-1-17T21:00:00.000,options,call
288,1547109180000,263.0,263.0,255.75,257.55,1100,,27500,weekly,2019-1-17T21:00:00.000,options,call
289,1547109240000,257.55,260.0,255.5,258.9,1260,,27500,weekly,2019-1-17T21:00:00.000,options,call
290,1547109300000,257.5,258.15,254.0,254.0,3200,,27500,weekly,2019-1-17T21:00:00.000,options,call
291,1547109360000,254.0,254.0,250.0,253.0,2440,,27500,weekly,2019-1-17T21:00:00.000,options,call
292,1547109420000,252.95,255.3,252.95,253.85,520,,27500,weekly,2019-1-17T21:00:00.000,options,call
293,1547109480000,253.85,258.8,253.85,258.0,1760,,27500,weekly,2019-1-17T21:00:00.000,options,call
294,1547109540000,257.5,270.6,256.0,268.4,4720,,27500,weekly,2019-1-17T21:00:00.000,options,call
295,1547109600000,268.9,271.6,266.7,268.5,2820,,27500,weekly,2019-1-17T21:00:00.000,options,call
296,1547109660000,268.5,270.0,265.2,265.2,2700,,27500,weekly,2019-1-17T21:00:00.000,options,call
297,1547109720000,265.2,273.0,265.1,273.0,3820,,27500,weekly,2019-1-17T21:00:00.000,options,call
298,1547109780000,274.0,278.9,270.95,274.75,3140,,27500,weekly,2019-1-17T21:00:00.000,options,call
299,1547109840000,274.75,276.2,267.65,269.95,2340,,27500,weekly,2019-1-17T21:00:00.000,options,call
300,1547109900000,270.0,271.85,258.25,258.25,5900,,27500,weekly,2019-1-17T21:00:00.000,options,call
301,1547109960000,258.6,259.05,249.3,250.05,10900,,27500,weekly,2019-1-17T21:00:00.000,options,call
302,1547110020000,250.05,254.25,246.65,249.25,11880,,27500,weekly,2019-1-17T21:00:00.000,options,call
303,1547110080000,249.25,252.15,246.8,250.8,8200,,27500,weekly,2019-1-17T21:00:00.000,options,call
304,1547110140000,250.75,252.25,250.3,252.25,1360,,27500,weekly,2019-1-17T21:00:00.000,options,call
305,1547110200000,252.25,252.9,245.05,245.05,3420,,27500,weekly,2019-1-17T21:00:00.000,options,call
306,1547110260000,244.05,247.7,240.0,242.45,3140,,27500,weekly,2019-1-17T21:00:00.000,options,call
307,1547110320000,242.45,242.45,228.55,230.65,7700,,27500,weekly,2019-1-17T21:00:00.000,options,call
308,1547110380000,230.9,240.85,229.65,235.65,5860,,27500,weekly,2019-1-17T21:00:00.000,options,call
309,1547110440000,235.1,243.05,234.0,239.0,4100,,27500,weekly,2019-1-17T21:00:00.000,options,call
310,1547110500000,239.0,244.45,238.3,242.0,3120,,27500,weekly,2019-1-17T21:00:00.000,options,call
311,1547110560000,242.0,248.15,237.05,237.05,2780,,27500,weekly,2019-1-17T21:00:00.000,options,call
312,1547110620000,238.75,240.8,234.05,240.55,3880,,27500,weekly,2019-1-17T21:00:00.000,options,call
313,1547110680000,239.65,242.5,234.0,235.0,3660,,27500,weekly,2019-1-17T21:00:00.000,options,call
314,1547110740000,234.05,240.0,234.05,235.7,1700,,27500,weekly,2019-1-17T21:00:00.000,options,call
315,1547110800000,235.7,244.95,235.7,244.95,1700,,27500,weekly,2019-1-17T21:00:00.000,options,call
316,1547110860000,244.95,248.3,242.5,245.65,2220,,27500,weekly,2019-1-17T21:00:00.000,options,call
317,1547110920000,245.65,247.95,241.3,245.8,2300,,27500,weekly,2019-1-17T21:00:00.000,options,call
318,1547110980000,245.15,249.7,244.4,247.55,3040,,27500,weekly,2019-1-17T21:00:00.000,options,call
319,1547111040000,247.55,251.0,246.1,249.25,3100,,27500,weekly,2019-1-17T21:00:00.000,options,call
320,1547111100000,249.25,258.55,249.25,251.0,6360,,27500,weekly,2019-1-17T21:00:00.000,options,call
321,1547111160000,251.0,251.0,242.0,244.65,2420,,27500,weekly,2019-1-17T21:00:00.000,options,call
322,1547111220000,245.0,245.8,241.9,242.9,600,,27500,weekly,2019-1-17T21:00:00.000,options,call
323,1547111280000,242.9,246.15,239.15,245.5,4480,,27500,weekly,2019-1-17T21:00:00.000,options,call
324,1547111340000,245.5,250.0,244.0,249.15,2380,,27500,weekly,2019-1-17T21:00:00.000,options,call
325,1547111400000,248.25,254.1,246.1,252.95,2920,,27500,weekly,2019-1-17T21:00:00.000,options,call
326,1547111460000,252.35,254.4,245.35,248.8,2980,,27500,weekly,2019-1-17T21:00:00.000,options,call
327,1547111520000,248.8,251.15,244.4,244.4,1820,,27500,weekly,2019-1-17T21:00:00.000,options,call
328,1547111580000,244.4,248.6,241.95,242.6,3560,,27500,weekly,2019-1-17T21:00:00.000,options,call
329,1547111640000,242.45,245.8,240.2,242.15,3680,,27500,weekly,2019-1-17T21:00:00.000,options,call
330,1547111700000,241.05,243.75,240.1,243.3,3080,,27500,weekly,2019-1-17T21:00:00.000,options,call
331,1547111760000,244.1,244.3,239.0,239.05,3280,,27500,weekly,2019-1-17T21:00:00.000,options,call
332,1547111820000,239.05,240.5,234.75,236.75,2300,,27500,weekly,2019-1-17T21:00:00.000,options,call
333,1547111880000,236.75,242.75,235.7,242.05,2420,,27500,weekly,2019-1-17T21:00:00.000,options,call
334,1547111940000,242.05,244.0,240.15,244.0,4420,,27500,weekly,2019-1-17T21:00:00.000,options,call
335,1547112000000,244.0,249.7,244.0,248.55,2620,,27500,weekly,2019-1-17T21:00:00.000,options,call
336,1547112060000,248.65,252.0,246.1,250.5,4600,,27500,weekly,2019-1-17T21:00:00.000,options,call
337,1547112120000,250.5,251.85,246.0,248.6,3620,,27500,weekly,2019-1-17T21:00:00.000,options,call
338,1547112180000,248.6,252.5,248.6,251.0,1800,,27500,weekly,2019-1-17T21:00:00.000,options,call
339,1547112240000,251.0,258.2,251.0,253.85,3400,,27500,weekly,2019-1-17T21:00:00.000,options,call
340,1547112300000,253.7,254.75,250.0,251.45,3120,,27500,weekly,2019-1-17T21:00:00.000,options,call
341,1547112360000,251.45,258.0,251.45,254.6,4680,,27500,weekly,2019-1-17T21:00:00.000,options,call
342,1547112420000,254.6,256.8,251.55,252.85,2360,,27500,weekly,2019-1-17T21:00:00.000,options,call
343,1547112480000,252.85,253.75,249.65,251.8,2060,,27500,weekly,2019-1-17T21:00:00.000,options,call
344,1547112540000,251.0,259.0,251.0,258.6,5660,,27500,weekly,2019-1-17T21:00:00.000,options,call
345,1547112600000,258.6,260.35,257.05,260.35,7040,,27500,weekly,2019-1-17T21:00:00.000,options,call
346,1547112660000,261.75,267.4,261.6,263.95,8860,,27500,weekly,2019-1-17T21:00:00.000,options,call
347,1547112720000,262.25,265.0,253.45,254.25,4580,,27500,weekly,2019-1-17T21:00:00.000,options,call
348,1547112780000,254.25,254.6,249.05,249.05,6920,,27500,weekly,2019-1-17T21:00:00.000,options,call
349,1547112840000,248.7,250.25,246.3,246.75,6540,,27500,weekly,2019-1-17T21:00:00.000,options,call
350,1547112900000,246.85,248.1,242.75,242.75,2580,,27500,weekly,2019-1-17T21:00:00.000,options,call
351,1547112960000,243.05,246.75,241.45,243.9,5120,,27500,weekly,2019-1-17T21:00:00.000,options,call
352,1547113020000,243.9,251.3,241.35,250.7,6960,,27500,weekly,2019-1-17T21:00:00.000,options,call
353,1547113080000,250.7,250.85,245.0,250.15,3860,,27500,weekly,2019-1-17T21:00:00.000,options,call
354,1547113140000,250.15,252.0,249.5,251.5,5220,,27500,weekly,2019-1-17T21:00:00.000,options,call
355,1547113200000,251.5,253.0,248.35,248.35,6000,,27500,weekly,2019-1-17T21:00:00.000,options,call
356,1547113260000,248.35,250.3,246.5,249.0,4560,,27500,weekly,2019-1-17T21:00:00.000,options,call
357,1547113320000,249.6,249.6,244.85,244.85,4340,,27500,weekly,2019-1-17T21:00:00.000,options,call
358,1547113380000,243.6,248.7,243.6,248.55,4900,,27500,weekly,2019-1-17T21:00:00.000,options,call
359,1547113440000,248.55,250.45,248.0,249.3,2480,,27500,weekly,2019-1-17T21:00:00.000,options,call
360,1547113500000,248.7,250.2,246.7,246.7,4700,,27500,weekly,2019-1-17T21:00:00.000,options,call
361,1547113560000,247.8,248.0,244.1,245.75,6200,,27500,weekly,2019-1-17T21:00:00.000,options,call
362,1547113620000,245.75,250.25,245.75,249.5,4080,,27500,weekly,2019-1-17T21:00:00.000,options,call
363,1547113680000,249.5,251.2,247.45,247.55,3400,,27500,weekly,2019-1-17T21:00:00.000,options,call
364,1547113740000,247.4,248.1,244.95,245.3,6340,,27500,weekly,2019-1-17T21:00:00.000,options,call
365,1547113800000,245.85,246.0,242.25,243.75,13120,,27500,weekly,2019-1-17T21:00:00.000,options,call
366,1547113860000,242.9,244.6,242.0,243.65,7500,,27500,weekly,2019-1-17T21:00:00.000,options,call
367,1547113920000,244.0,244.35,241.1,242.0,12960,,27500,weekly,2019-1-17T21:00:00.000,options,call
368,1547113980000,242.0,243.0,241.4,243.0,4600,,27500,weekly,2019-1-17T21:00:00.000,options,call
369,1547114040000,242.85,246.0,242.25,246.0,4620,,27500,weekly,2019-1-17T21:00:00.000,options,call
370,1547114100000,246.0,247.05,245.0,246.05,5140,,27500,weekly,2019-1-17T21:00:00.000,options,call
371,1547114160000,245.25,247.3,244.0,244.8,5980,,27500,weekly,2019-1-17T21:00:00.000,options,call
372,1547114220000,243.9,246.0,243.9,245.3,5080,,27500,weekly,2019-1-17T21:00:00.000,options,call
373,1547114280000,246.0,248.0,245.85,247.35,6000,,27500,weekly,2019-1-17T21:00:00.000,options,call
374,1547114340000,246.55,250.0,245.35,250.0,12100,,27500,weekly,2019-1-17T21:00:00.000,options,call
