,timestamp,open,high,low,close,volume,open_interest,strike,expiry_type,expiry,instrument,contract_type
0,1630919700000,20.0,20.75,15.65,16.15,58550,593300,17050,weekly,2021-9-16T21:00:00.000,options,put
1,1630919760000,16.2,17.55,16.15,17.55,53950,593300,17050,weekly,2021-9-16T21:00:00.000,options,put
2,1630919820000,17.55,17.55,16.85,16.85,30800,589050,17050,weekly,2021-9-16T21:00:00.000,options,put
3,1630919880000,16.75,16.85,16.2,16.3,32450,589050,17050,weekly,2021-9-16T21:00:00.000,options,put
4,1630919940000,16.3,16.55,16.1,16.15,31800,589050,17050,weekly,2021-9-16T21:00:00.000,options,put
5,1630920000000,16.25,17.55,15.95,17.4,50000,587700,17050,weekly,2021-9-16T21:00:00.000,options,put
6,1630920060000,17.25,17.4,16.4,17.2,49550,587700,17050,weekly,2021-9-16T21:00:00.000,options,put
7,1630920120000,17.15,17.3,16.55,17.0,24300,587700,17050,weekly,2021-9-16T21:00:00.000,options,put
8,1630920180000,17.0,18.25,16.8,18.25,32300,588450,17050,weekly,2021-9-16T21:00:00.000,options,put
9,1630920240000,18.3,18.65,17.7,18.3,21400,588450,17050,weekly,2021-9-16T21:00:00.000,options,put
10,1630920300000,18.25,18.95,18.25,18.75,39800,588450,17050,weekly,2021-9-16T21:00:00.000,options,put
11,1630920360000,18.7,18.7,17.55,17.95,31350,594900,17050,weekly,2021-9-16T21:00:00.000,options,put
12,1630920420000,17.65,18.5,17.45,18.15,25600,594900,17050,weekly,2021-9-16T21:00:00.000,options,put
13,1630920480000,18.15,18.25,17.7,18.05,24550,594900,17050,weekly,2021-9-16T21:00:00.000,options,put
14,1630920540000,18.0,18.15,16.55,16.55,26400,598100,17050,weekly,2021-9-16T21:00:00.000,options,put
15,1630920600000,16.65,17.15,16.3,16.4,43250,598100,17050,weekly,2021-9-16T21:00:00.000,options,put
16,1630920660000,16.55,16.9,16.0,16.0,50350,598100,17050,weekly,2021-9-16T21:00:00.000,options,put
17,1630920720000,16.0,16.4,16.0,16.15,37450,601400,17050,weekly,2021-9-16T21:00:00.000,options,put
18,1630920780000,16.3,16.3,15.4,15.55,60950,601400,17050,weekly,2021-9-16T21:00:00.000,options,put
19,1630920840000,15.55,15.85,15.15,15.15,230500,601400,17050,weekly,2021-9-16T21:00:00.000,options,put
20,1630920900000,15.05,15.7,15.05,15.6,161300,739650,17050,weekly,2021-9-16T21:00:00.000,options,put
21,1630920960000,15.65,15.75,15.2,15.3,31900,739650,17050,weekly,2021-9-16T21:00:00.000,options,put
22,1630921020000,15.3,15.45,14.75,15.3,27650,739650,17050,weekly,2021-9-16T21:00:00.000,options,put
23,1630921080000,15.35,15.35,14.4,14.6,39600,728350,17050,weekly,2021-9-16T21:00:00.000,options,put
24,1630921140000,14.7,14.95,14.3,14.8,68800,728350,17050,weekly,2021-9-16T21:00:00.000,options,put
25,1630921200000,14.8,15.0,14.5,14.95,22650,728350,17050,weekly,2021-9-16T21:00:00.000,options,put
26,1630921260000,14.9,15.05,14.65,14.85,17350,759800,17050,weekly,2021-9-16T21:00:00.000,options,put
27,1630921320000,14.85,15.2,14.8,15.1,13700,759800,17050,weekly,2021-9-16T21:00:00.000,options,put
28,1630921380000,15.1,15.3,14.7,14.9,20800,759800,17050,weekly,2021-9-16T21:00:00.000,options,put
29,1630921440000,14.8,15.6,14.8,15.45,24700,762900,17050,weekly,2021-9-16T21:00:00.000,options,put
30,1630921500000,15.6,16.2,15.3,15.5,37650,762900,17050,weekly,2021-9-16T21:00:00.000,options,put
31,1630921560000,15.55,15.65,14.9,15.45,7600,762900,17050,weekly,2021-9-16T21:00:00.000,options,put
32,1630921620000,15.45,15.75,15.0,15.75,14500,766500,17050,weekly,2021-9-16T21:00:00.000,options,put
33,1630921680000,15.65,16.4,15.65,16.1,23400,766500,17050,weekly,2021-9-16T21:00:00.000,options,put
34,1630921740000,16.2,16.35,15.65,15.9,25450,766500,17050,weekly,2021-9-16T21:00:00.000,options,put
35,1630921800000,15.95,15.95,15.25,15.45,10200,758250,17050,weekly,2021-9-16T21:00:00.000,options,put
36,1630921860000,15.4,16.9,15.25,16.65,27600,758250,17050,weekly,2021-9-16T21:00:00.000,options,put
37,1630921920000,16.8,17.0,15.95,16.3,18350,758250,17050,weekly,2021-9-16T21:00:00.000,options,put
38,1630921980000,16.35,17.55,16.35,17.0,34700,753350,17050,weekly,2021-9-16T21:00:00.000,options,put
39,1630922040000,17.3,17.35,16.95,17.05,11600,753350,17050,weekly,2021-9-16T21:00:00.000,options,put
40,1630922100000,17.2,17.5,16.6,17.25,32700,753350,17050,weekly,2021-9-16T21:00:00.000,options,put
41,1630922160000,17.2,17.5,16.6,16.75,17750,750550,17050,weekly,2021-9-16T21:00:00.000,options,put
42,1630922220000,16.75,16.95,15.65,15.9,16500,750550,17050,weekly,2021-9-16T21:00:00.000,options,put
43,1630922280000,16.15,16.3,15.95,16.0,6500,750550,17050,weekly,2021-9-16T21:00:00.000,options,put
44,1630922340000,16.0,16.15,15.6,15.65,5400,750700,17050,weekly,2021-9-16T21:00:00.000,options,put
45,1630922400000,15.5,15.5,13.95,14.0,41350,750700,17050,weekly,2021-9-16T21:00:00.000,options,put
46,1630922460000,14.1,14.5,13.9,14.45,20350,750700,17050,weekly,2021-9-16T21:00:00.000,options,put
47,1630922520000,14.55,14.9,14.45,14.85,14150,736300,17050,weekly,2021-9-16T21:00:00.000,options,put
48,1630922580000,14.9,15.15,14.85,15.0,5250,736300,17050,weekly,2021-9-16T21:00:00.000,options,put
49,1630922640000,15.0,15.0,14.65,14.8,12800,736300,17050,weekly,2021-9-16T21:00:00.000,options,put
50,1630922700000,14.8,14.9,14.6,14.6,6750,739750,17050,weekly,2021-9-16T21:00:00.000,options,put
51,1630922760000,14.55,14.8,14.45,14.75,7600,739750,17050,weekly,2021-9-16T21:00:00.000,options,put
52,1630922820000,14.9,15.1,14.8,15.05,12500,739750,17050,weekly,2021-9-16T21:00:00.000,options,put
53,1630922880000,15.15,15.3,15.05,15.25,9600,740200,17050,weekly,2021-9-16T21:00:00.000,options,put
54,1630922940000,15.25,15.65,15.2,15.65,6050,740200,17050,weekly,2021-9-16T21:00:00.000,options,put
55,1630923000000,15.65,16.1,15.65,16.1,10550,740200,17050,weekly,2021-9-16T21:00:00.000,options,put
56,1630923060000,16.1,16.7,16.1,16.45,11700,747050,17050,weekly,2021-9-16T21:00:00.000,options,put
57,1630923120000,16.6,16.6,15.5,15.5,18000,747050,17050,weekly,2021-9-16T21:00:00.000,options,put
58,1630923180000,15.5,15.95,15.5,15.8,6400,747050,17050,weekly,2021-9-16T21:00:00.000,options,put
59,1630923240000,15.85,15.9,15.35,15.45,7600,751600,17050,weekly,2021-9-16T21:00:00.000,options,put
60,1630923300000,15.4,16.0,15.25,15.35,9000,751600,17050,weekly,2021-9-16T21:00:00.000,options,put
61,1630923360000,15.35,16.0,15.35,16.0,4050,751600,17050,weekly,2021-9-16T21:00:00.000,options,put
62,1630923420000,16.0,16.45,15.95,16.45,7800,753000,17050,weekly,2021-9-16T21:00:00.000,options,put
63,1630923480000,16.4,16.6,16.2,16.5,7200,753000,17050,weekly,2021-9-16T21:00:00.000,options,put
64,1630923540000,16.5,16.95,16.4,16.75,74300,753000,17050,weekly,2021-9-16T21:00:00.000,options,put
65,1630923600000,16.65,17.0,16.1,17.0,14350,735550,17050,weekly,2021-9-16T21:00:00.000,options,put
66,1630923660000,17.05,18.0,16.85,17.3,80750,735550,17050,weekly,2021-9-16T21:00:00.000,options,put
67,1630923720000,17.35,17.6,17.2,17.35,11500,735550,17050,weekly,2021-9-16T21:00:00.000,options,put
68,1630923780000,17.35,17.7,17.2,17.5,16450,728200,17050,weekly,2021-9-16T21:00:00.000,options,put
69,1630923840000,17.45,17.55,17.0,17.55,23550,728200,17050,weekly,2021-9-16T21:00:00.000,options,put
70,1630923900000,17.6,18.6,16.45,16.95,44150,728200,17050,weekly,2021-9-16T21:00:00.000,options,put
71,1630923960000,17.15,17.95,17.05,17.7,22450,718500,17050,weekly,2021-9-16T21:00:00.000,options,put
72,1630924020000,17.8,18.1,17.3,17.6,17700,718500,17050,weekly,2021-9-16T21:00:00.000,options,put
73,1630924080000,17.6,17.9,17.0,17.9,18200,718500,17050,weekly,2021-9-16T21:00:00.000,options,put
74,1630924140000,17.95,18.15,17.75,18.0,7000,728550,17050,weekly,2021-9-16T21:00:00.000,options,put
75,1630924200000,18.0,18.75,18.0,18.35,18850,728550,17050,weekly,2021-9-16T21:00:00.000,options,put
76,1630924260000,18.75,19.9,18.45,19.45,60300,728550,17050,weekly,2021-9-16T21:00:00.000,options,put
77,1630924320000,19.6,19.6,18.6,18.95,28000,726350,17050,weekly,2021-9-16T21:00:00.000,options,put
78,1630924380000,18.95,20.1,18.85,19.15,50850,726350,17050,weekly,2021-9-16T21:00:00.000,options,put
79,1630924440000,18.9,19.55,18.85,18.9,24050,726350,17050,weekly,2021-9-16T21:00:00.000,options,put
80,1630924500000,19.15,19.3,17.45,17.75,19950,732600,17050,weekly,2021-9-16T21:00:00.000,options,put
81,1630924560000,17.65,18.55,16.8,16.8,25900,732600,17050,weekly,2021-9-16T21:00:00.000,options,put
82,1630924620000,17.0,17.3,16.25,16.3,20050,732600,17050,weekly,2021-9-16T21:00:00.000,options,put
83,1630924680000,16.55,16.95,16.1,16.1,15700,738550,17050,weekly,2021-9-16T21:00:00.000,options,put
84,1630924740000,16.2,17.0,16.2,16.9,21600,738550,17050,weekly,2021-9-16T21:00:00.000,options,put
85,1630924800000,16.75,17.65,16.7,17.5,16350,738550,17050,weekly,2021-9-16T21:00:00.000,options,put
86,1630924860000,17.6,18.15,17.5,17.7,15050,741600,17050,weekly,2021-9-16T21:00:00.000,options,put
87,1630924920000,17.8,18.0,17.4,17.75,9050,741600,17050,weekly,2021-9-16T21:00:00.000,options,put
88,1630924980000,17.85,18.25,17.55,18.0,22150,741600,17050,weekly,2021-9-16T21:00:00.000,options,put
89,1630925040000,18.0,18.4,17.8,18.05,14550,751950,17050,weekly,2021-9-16T21:00:00.000,options,put
90,1630925100000,18.05,18.35,17.95,18.35,10050,751950,17050,weekly,2021-9-16T21:00:00.000,options,put
91,1630925160000,18.15,18.25,17.4,18.15,15000,751950,17050,weekly,2021-9-16T21:00:00.000,options,put
92,1630925220000,18.15,18.8,18.1,18.75,12400,751450,17050,weekly,2021-9-16T21:00:00.000,options,put
93,1630925280000,18.7,18.95,18.4,18.6,26000,751450,17050,weekly,2021-9-16T21:00:00.000,options,put
94,1630925340000,18.6,19.45,18.6,19.3,23750,751450,17050,weekly,2021-9-16T21:00:00.000,options,put
95,1630925400000,19.2,19.55,18.75,18.75,13750,736400,17050,weekly,2021-9-16T21:00:00.000,options,put
96,1630925460000,18.75,18.75,18.3,18.6,9750,736400,17050,weekly,2021-9-16T21:00:00.000,options,put
97,1630925520000,18.6,18.7,18.2,18.7,5750,736400,17050,weekly,2021-9-16T21:00:00.000,options,put
98,1630925580000,18.7,19.3,18.65,18.65,14900,735300,17050,weekly,2021-9-16T21:00:00.000,options,put
99,1630925640000,18.65,18.65,17.55,18.15,23550,735300,17050,weekly,2021-9-16T21:00:00.000,options,put
100,1630925700000,18.1,18.25,16.6,16.8,47900,735300,17050,weekly,2021-9-16T21:00:00.000,options,put
101,1630925760000,16.9,17.4,16.8,17.35,16850,724750,17050,weekly,2021-9-16T21:00:00.000,options,put
102,1630925820000,17.35,17.75,17.35,17.75,5900,724750,17050,weekly,2021-9-16T21:00:00.000,options,put
103,1630925880000,17.8,18.15,17.75,17.95,9550,724750,17050,weekly,2021-9-16T21:00:00.000,options,put
104,1630925940000,17.85,18.0,17.65,17.75,3550,715300,17050,weekly,2021-9-16T21:00:00.000,options,put
105,1630926000000,17.8,17.9,16.85,17.0,4100,715300,17050,weekly,2021-9-16T21:00:00.000,options,put
106,1630926060000,17.15,17.7,16.85,17.55,7650,715300,17050,weekly,2021-9-16T21:00:00.000,options,put
107,1630926120000,17.55,18.1,17.55,17.8,6800,715250,17050,weekly,2021-9-16T21:00:00.000,options,put
108,1630926180000,17.8,17.8,16.65,16.7,9650,715250,17050,weekly,2021-9-16T21:00:00.000,options,put
109,1630926240000,16.8,16.95,15.4,15.6,34250,715250,17050,weekly,2021-9-16T21:00:00.000,options,put
110,1630926300000,15.65,16.3,15.65,16.2,16400,719200,17050,weekly,2021-9-16T21:00:00.000,options,put
111,1630926360000,16.15,16.3,15.15,15.5,38250,719200,17050,weekly,2021-9-16T21:00:00.000,options,put
112,1630926420000,15.4,15.9,15.4,15.75,9250,719200,17050,weekly,2021-9-16T21:00:00.000,options,put
113,1630926480000,15.75,16.25,15.75,16.15,9550,714650,17050,weekly,2021-9-16T21:00:00.000,options,put
114,1630926540000,16.15,16.25,15.9,16.05,7800,714650,17050,weekly,2021-9-16T21:00:00.000,options,put
115,1630926600000,16.05,16.05,15.55,15.9,5050,714650,17050,weekly,2021-9-16T21:00:00.000,options,put
116,1630926660000,15.9,16.0,15.65,15.95,11300,719200,17050,weekly,2021-9-16T21:00:00.000,options,put
117,1630926720000,15.95,16.35,15.95,16.35,11700,719200,17050,weekly,2021-9-16T21:00:00.000,options,put
118,1630926780000,16.4,16.75,16.15,16.7,7900,719200,17050,weekly,2021-9-16T21:00:00.000,options,put
119,1630926840000,16.9,17.2,16.45,17.15,13750,723600,17050,weekly,2021-9-16T21:00:00.000,options,put
120,1630926900000,17.1,17.25,16.55,17.0,11700,723600,17050,weekly,2021-9-16T21:00:00.000,options,put
121,1630926960000,17.05,17.2,16.85,16.95,9650,723600,17050,weekly,2021-9-16T21:00:00.000,options,put
122,1630927020000,16.7,16.9,16.35,16.7,16300,723850,17050,weekly,2021-9-16T21:00:00.000,options,put
123,1630927080000,16.85,17.15,16.8,17.0,5050,723850,17050,weekly,2021-9-16T21:00:00.000,options,put
124,1630927140000,16.65,16.9,16.55,16.8,8750,723850,17050,weekly,2021-9-16T21:00:00.000,options,put
125,1630927200000,16.6,16.7,16.3,16.3,8000,725650,17050,weekly,2021-9-16T21:00:00.000,options,put
126,1630927260000,16.3,16.3,16.0,16.0,5850,725650,17050,weekly,2021-9-16T21:00:00.000,options,put
127,1630927320000,16.0,16.0,15.6,15.9,5100,725650,17050,weekly,2021-9-16T21:00:00.000,options,put
128,1630927380000,15.95,16.25,15.9,16.0,6050,724550,17050,weekly,2021-9-16T21:00:00.000,options,put
129,1630927440000,16.1,16.35,16.0,16.2,3000,724550,17050,weekly,2021-9-16T21:00:00.000,options,put
130,1630927500000,16.2,16.35,16.1,16.25,5550,724550,17050,weekly,2021-9-16T21:00:00.000,options,put
131,1630927560000,16.15,16.35,16.05,16.2,3400,724350,17050,weekly,2021-9-16T21:00:00.000,options,put
132,1630927620000,16.2,16.95,16.15,16.95,6600,724350,17050,weekly,2021-9-16T21:00:00.000,options,put
133,1630927680000,16.75,16.85,16.6,16.8,2350,724350,17050,weekly,2021-9-16T21:00:00.000,options,put
134,1630927740000,16.9,17.0,16.65,16.75,5750,724550,17050,weekly,2021-9-16T21:00:00.000,options,put
135,1630927800000,16.75,17.6,16.75,17.6,17150,724550,17050,weekly,2021-9-16T21:00:00.000,options,put
136,1630927860000,17.55,17.55,17.0,17.0,10700,724550,17050,weekly,2021-9-16T21:00:00.000,options,put
137,1630927920000,17.0,17.55,17.0,17.55,8700,728850,17050,weekly,2021-9-16T21:00:00.000,options,put
138,1630927980000,17.5,17.7,17.35,17.5,8850,728850,17050,weekly,2021-9-16T21:00:00.000,options,put
139,1630928040000,17.7,18.2,17.7,18.0,15500,728850,17050,weekly,2021-9-16T21:00:00.000,options,put
140,1630928100000,18.0,18.7,17.5,17.95,22400,731000,17050,weekly,2021-9-16T21:00:00.000,options,put
141,1630928160000,17.95,18.0,17.5,17.8,10500,731000,17050,weekly,2021-9-16T21:00:00.000,options,put
142,1630928220000,17.8,17.8,17.2,17.5,7550,731000,17050,weekly,2021-9-16T21:00:00.000,options,put
143,1630928280000,17.45,18.3,17.35,18.25,8250,734050,17050,weekly,2021-9-16T21:00:00.000,options,put
144,1630928340000,18.45,19.6,18.4,19.6,28600,734050,17050,weekly,2021-9-16T21:00:00.000,options,put
145,1630928400000,19.7,19.7,18.2,18.5,23200,734050,17050,weekly,2021-9-16T21:00:00.000,options,put
146,1630928460000,18.5,18.5,17.9,18.2,13100,727150,17050,weekly,2021-9-16T21:00:00.000,options,put
147,1630928520000,18.2,18.5,18.05,18.05,6400,727150,17050,weekly,2021-9-16T21:00:00.000,options,put
148,1630928580000,18.0,18.0,17.25,17.55,13500,727150,17050,weekly,2021-9-16T21:00:00.000,options,put
149,1630928640000,17.45,17.95,17.45,17.95,5450,733700,17050,weekly,2021-9-16T21:00:00.000,options,put
150,1630928700000,18.0,18.1,17.0,17.1,14400,733700,17050,weekly,2021-9-16T21:00:00.000,options,put
151,1630928760000,17.15,17.25,16.65,17.1,16850,733700,17050,weekly,2021-9-16T21:00:00.000,options,put
152,1630928820000,17.1,17.35,17.05,17.15,9750,731350,17050,weekly,2021-9-16T21:00:00.000,options,put
153,1630928880000,17.25,18.7,17.25,18.7,11300,731350,17050,weekly,2021-9-16T21:00:00.000,options,put
154,1630928940000,18.7,18.85,17.5,17.55,25300,731350,17050,weekly,2021-9-16T21:00:00.000,options,put
155,1630929000000,17.55,17.55,16.0,16.55,28950,734750,17050,weekly,2021-9-16T21:00:00.000,options,put
156,1630929060000,16.6,16.9,16.4,16.6,8650,734750,17050,weekly,2021-9-16T21:00:00.000,options,put
157,1630929120000,16.6,16.75,16.15,16.5,11150,734750,17050,weekly,2021-9-16T21:00:00.000,options,put
158,1630929180000,16.55,16.55,15.9,16.25,12700,740350,17050,weekly,2021-9-16T21:00:00.000,options,put
159,1630929240000,16.35,16.5,16.15,16.35,4350,740350,17050,weekly,2021-9-16T21:00:00.000,options,put
160,1630929300000,16.4,16.4,15.95,16.0,4450,740350,17050,weekly,2021-9-16T21:00:00.000,options,put
161,1630929360000,15.95,16.05,15.3,15.65,13900,732000,17050,weekly,2021-9-16T21:00:00.000,options,put
162,1630929420000,15.55,15.6,15.3,15.6,18750,732000,17050,weekly,2021-9-16T21:00:00.000,options,put
163,1630929480000,15.6,15.8,15.45,15.7,3950,732000,17050,weekly,2021-9-16T21:00:00.000,options,put
164,1630929540000,15.7,16.0,15.7,15.85,8450,732000,17050,weekly,2021-9-16T21:00:00.000,options,put
165,1630929600000,15.9,15.95,15.7,15.75,5850,730700,17050,weekly,2021-9-16T21:00:00.000,options,put
166,1630929660000,15.8,15.8,15.5,15.65,5300,730700,17050,weekly,2021-9-16T21:00:00.000,options,put
167,1630929720000,15.65,16.0,15.65,16.0,5050,730700,17050,weekly,2021-9-16T21:00:00.000,options,put
168,1630929780000,16.0,16.25,16.0,16.15,6800,734500,17050,weekly,2021-9-16T21:00:00.000,options,put
169,1630929840000,16.25,16.45,16.1,16.15,6250,734500,17050,weekly,2021-9-16T21:00:00.000,options,put
170,1630929900000,16.2,16.8,15.8,16.8,15650,734500,17050,weekly,2021-9-16T21:00:00.000,options,put
171,1630929960000,16.95,17.05,16.45,16.75,13300,739000,17050,weekly,2021-9-16T21:00:00.000,options,put
172,1630930020000,16.75,16.75,15.8,16.1,8450,739000,17050,weekly,2021-9-16T21:00:00.000,options,put
173,1630930080000,16.2,16.2,15.6,16.1,12700,739000,17050,weekly,2021-9-16T21:00:00.000,options,put
174,1630930140000,16.05,16.1,15.75,15.85,5100,741300,17050,weekly,2021-9-16T21:00:00.000,options,put
175,1630930200000,16.0,16.0,15.75,15.95,4100,741300,17050,weekly,2021-9-16T21:00:00.000,options,put
176,1630930260000,15.85,16.4,15.8,16.4,7800,741300,17050,weekly,2021-9-16T21:00:00.000,options,put
177,1630930320000,16.5,16.55,15.95,15.95,6400,745200,17050,weekly,2021-9-16T21:00:00.000,options,put
178,1630930380000,15.95,16.4,15.9,16.4,7500,745200,17050,weekly,2021-9-16T21:00:00.000,options,put
179,1630930440000,16.2,16.6,16.15,16.6,3150,745200,17050,weekly,2021-9-16T21:00:00.000,options,put
180,1630930500000,16.65,16.65,16.25,16.65,8700,742650,17050,weekly,2021-9-16T21:00:00.000,options,put
181,1630930560000,16.65,17.2,16.65,17.0,5450,742650,17050,weekly,2021-9-16T21:00:00.000,options,put
182,1630930620000,16.9,16.9,16.4,16.5,2200,742650,17050,weekly,2021-9-16T21:00:00.000,options,put
183,1630930680000,16.5,16.75,16.4,16.75,2150,742550,17050,weekly,2021-9-16T21:00:00.000,options,put
184,1630930740000,16.7,16.95,16.45,16.85,6750,742550,17050,weekly,2021-9-16T21:00:00.000,options,put
185,1630930800000,16.85,17.4,16.85,17.15,7700,742550,17050,weekly,2021-9-16T21:00:00.000,options,put
186,1630930860000,17.2,17.2,16.7,16.8,6750,741350,17050,weekly,2021-9-16T21:00:00.000,options,put
187,1630930920000,16.75,17.1,16.6,17.1,6600,741350,17050,weekly,2021-9-16T21:00:00.000,options,put
188,1630930980000,17.1,17.55,17.05,17.35,20800,741350,17050,weekly,2021-9-16T21:00:00.000,options,put
189,1630931040000,17.3,17.7,17.05,17.4,8250,738450,17050,weekly,2021-9-16T21:00:00.000,options,put
190,1630931100000,17.35,17.9,17.0,17.0,10400,738450,17050,weekly,2021-9-16T21:00:00.000,options,put
191,1630931160000,17.05,17.2,16.8,17.05,9400,738450,17050,weekly,2021-9-16T21:00:00.000,options,put
192,1630931220000,17.05,17.2,16.95,17.0,3800,742000,17050,weekly,2021-9-16T21:00:00.000,options,put
193,1630931280000,17.0,17.1,16.7,16.8,5750,742000,17050,weekly,2021-9-16T21:00:00.000,options,put
194,1630931340000,16.85,16.95,16.3,16.4,9500,742000,17050,weekly,2021-9-16T21:00:00.000,options,put
195,1630931400000,16.1,16.9,16.0,16.8,16200,742100,17050,weekly,2021-9-16T21:00:00.000,options,put
196,1630931460000,16.9,16.95,16.15,16.2,6650,742100,17050,weekly,2021-9-16T21:00:00.000,options,put
197,1630931520000,16.25,16.35,16.0,16.15,6200,742100,17050,weekly,2021-9-16T21:00:00.000,options,put
198,1630931580000,16.2,16.2,15.6,15.95,8350,738050,17050,weekly,2021-9-16T21:00:00.000,options,put
199,1630931640000,15.95,16.1,15.8,15.85,2400,738050,17050,weekly,2021-9-16T21:00:00.000,options,put
200,1630931700000,15.85,16.1,15.75,15.95,22750,738050,17050,weekly,2021-9-16T21:00:00.000,options,put
201,1630931760000,15.95,16.15,15.85,16.15,12750,735900,17050,weekly,2021-9-16T21:00:00.000,options,put
202,1630931820000,16.05,16.1,15.8,15.85,10000,735900,17050,weekly,2021-9-16T21:00:00.000,options,put
203,1630931880000,15.95,15.95,15.7,15.7,1400,735900,17050,weekly,2021-9-16T21:00:00.000,options,put
204,1630931940000,15.7,16.0,15.7,15.9,22000,741000,17050,weekly,2021-9-16T21:00:00.000,options,put
205,1630932000000,15.9,15.9,15.55,15.7,8800,741000,17050,weekly,2021-9-16T21:00:00.000,options,put
206,1630932060000,15.7,15.7,15.15,15.15,16100,741000,17050,weekly,2021-9-16T21:00:00.000,options,put
207,1630932120000,15.15,15.35,14.7,14.75,31400,749250,17050,weekly,2021-9-16T21:00:00.000,options,put
208,1630932180000,14.7,14.95,14.35,14.9,39700,749250,17050,weekly,2021-9-16T21:00:00.000,options,put
209,1630932240000,14.8,14.9,14.65,14.9,13700,749250,17050,weekly,2021-9-16T21:00:00.000,options,put
210,1630932300000,14.8,15.25,14.75,15.25,18350,756250,17050,weekly,2021-9-16T21:00:00.000,options,put
211,1630932360000,15.2,15.3,15.1,15.15,2600,756250,17050,weekly,2021-9-16T21:00:00.000,options,put
212,1630932420000,15.2,15.35,14.95,15.2,4600,756250,17050,weekly,2021-9-16T21:00:00.000,options,put
213,1630932480000,15.2,15.2,15.0,15.2,6700,752500,17050,weekly,2021-9-16T21:00:00.000,options,put
214,1630932540000,15.2,15.45,15.15,15.25,7550,752500,17050,weekly,2021-9-16T21:00:00.000,options,put
215,1630932600000,15.25,15.3,14.8,15.25,13200,752500,17050,weekly,2021-9-16T21:00:00.000,options,put
216,1630932660000,15.25,15.5,15.15,15.45,10050,751300,17050,weekly,2021-9-16T21:00:00.000,options,put
217,1630932720000,15.4,15.6,15.25,15.5,6050,751300,17050,weekly,2021-9-16T21:00:00.000,options,put
218,1630932780000,15.45,15.45,15.05,15.3,7750,751300,17050,weekly,2021-9-16T21:00:00.000,options,put
219,1630932840000,15.3,15.45,15.2,15.45,3550,750700,17050,weekly,2021-9-16T21:00:00.000,options,put
220,1630932900000,15.3,15.5,15.05,15.15,6500,750700,17050,weekly,2021-9-16T21:00:00.000,options,put
221,1630932960000,15.1,15.45,15.05,15.35,4800,750700,17050,weekly,2021-9-16T21:00:00.000,options,put
222,1630933020000,15.3,15.95,15.25,15.8,19900,751550,17050,weekly,2021-9-16T21:00:00.000,options,put
223,1630933080000,15.8,15.9,15.45,15.65,7400,751550,17050,weekly,2021-9-16T21:00:00.000,options,put
224,1630933140000,15.65,15.75,15.55,15.65,5000,751550,17050,weekly,2021-9-16T21:00:00.000,options,put
225,1630933200000,15.55,15.7,15.55,15.7,6150,753100,17050,weekly,2021-9-16T21:00:00.000,options,put
226,1630933260000,15.6,15.65,15.15,15.3,6750,753100,17050,weekly,2021-9-16T21:00:00.000,options,put
227,1630933320000,15.3,15.3,14.55,14.65,10650,753100,17050,weekly,2021-9-16T21:00:00.000,options,put
228,1630933380000,14.65,14.65,12.8,13.3,57300,748700,17050,weekly,2021-9-16T21:00:00.000,options,put
229,1630933440000,13.3,13.6,13.15,13.45,29600,748700,17050,weekly,2021-9-16T21:00:00.000,options,put
230,1630933500000,13.55,13.65,13.35,13.35,55400,748700,17050,weekly,2021-9-16T21:00:00.000,options,put
231,1630933560000,13.4,13.65,13.4,13.6,20850,736050,17050,weekly,2021-9-16T21:00:00.000,options,put
232,1630933620000,13.65,13.7,13.45,13.6,8700,736050,17050,weekly,2021-9-16T21:00:00.000,options,put
233,1630933680000,13.6,13.8,13.55,13.8,15100,736050,17050,weekly,2021-9-16T21:00:00.000,options,put
234,1630933740000,13.9,13.9,13.6,13.65,18050,729000,17050,weekly,2021-9-16T21:00:00.000,options,put
235,1630933800000,13.65,13.75,13.2,13.45,20600,729000,17050,weekly,2021-9-16T21:00:00.000,options,put
236,1630933860000,13.4,13.6,13.35,13.4,7500,729000,17050,weekly,2021-9-16T21:00:00.000,options,put
237,1630933920000,13.4,13.6,13.4,13.55,7700,725450,17050,weekly,2021-9-16T21:00:00.000,options,put
238,1630933980000,13.55,13.6,13.4,13.55,5550,725450,17050,weekly,2021-9-16T21:00:00.000,options,put
239,1630934040000,13.55,13.65,13.5,13.5,6400,725450,17050,weekly,2021-9-16T21:00:00.000,options,put
240,1630934100000,13.5,13.5,13.3,13.4,13450,724250,17050,weekly,2021-9-16T21:00:00.000,options,put
241,1630934160000,13.45,13.55,13.35,13.5,5350,724250,17050,weekly,2021-9-16T21:00:00.000,options,put
242,1630934220000,13.45,13.45,13.05,13.1,19250,724250,17050,weekly,2021-9-16T21:00:00.000,options,put
243,1630934280000,12.95,13.4,12.95,13.4,26200,724500,17050,weekly,2021-9-16T21:00:00.000,options,put
244,1630934340000,13.3,13.85,13.25,13.85,14700,724500,17050,weekly,2021-9-16T21:00:00.000,options,put
245,1630934400000,13.9,14.6,13.8,14.55,19600,724500,17050,weekly,2021-9-16T21:00:00.000,options,put
246,1630934460000,14.5,14.95,14.5,14.65,11750,728650,17050,weekly,2021-9-16T21:00:00.000,options,put
247,1630934520000,14.7,14.8,13.55,13.7,13500,728650,17050,weekly,2021-9-16T21:00:00.000,options,put
248,1630934580000,13.65,13.65,13.1,13.5,13950,728650,17050,weekly,2021-9-16T21:00:00.000,options,put
249,1630934640000,13.6,13.75,13.4,13.5,4900,732600,17050,weekly,2021-9-16T21:00:00.000,options,put
250,1630934700000,13.65,13.7,13.45,13.5,5800,732600,17050,weekly,2021-9-16T21:00:00.000,options,put
251,1630934760000,13.5,13.55,13.2,13.35,4500,732600,17050,weekly,2021-9-16T21:00:00.000,options,put
252,1630934820000,13.25,13.45,13.25,13.4,8400,730050,17050,weekly,2021-9-16T21:00:00.000,options,put
253,1630934880000,13.5,13.7,13.45,13.6,2350,730050,17050,weekly,2021-9-16T21:00:00.000,options,put
254,1630934940000,13.6,13.6,13.4,13.5,11800,730050,17050,weekly,2021-9-16T21:00:00.000,options,put
255,1630935000000,13.5,13.5,13.35,13.45,3600,728050,17050,weekly,2021-9-16T21:00:00.000,options,put
256,1630935060000,13.4,13.45,13.3,13.35,14750,728050,17050,weekly,2021-9-16T21:00:00.000,options,put
257,1630935120000,13.35,13.75,13.3,13.7,7500,728050,17050,weekly,2021-9-16T21:00:00.000,options,put
258,1630935180000,13.65,13.85,13.65,13.85,6250,726850,17050,weekly,2021-9-16T21:00:00.000,options,put
259,1630935240000,13.9,14.05,13.7,14.05,11400,726850,17050,weekly,2021-9-16T21:00:00.000,options,put
260,1630935300000,14.05,14.5,14.05,14.45,11700,726850,17050,weekly,2021-9-16T21:00:00.000,options,put
261,1630935360000,14.4,14.45,13.85,14.05,6700,727850,17050,weekly,2021-9-16T21:00:00.000,options,put
262,1630935420000,14.0,14.25,14.0,14.2,1350,727850,17050,weekly,2021-9-16T21:00:00.000,options,put
263,1630935480000,14.2,14.35,14.2,14.25,5750,727850,17050,weekly,2021-9-16T21:00:00.000,options,put
264,1630935540000,14.25,14.45,14.05,14.2,9100,726400,17050,weekly,2021-9-16T21:00:00.000,options,put
265,1630935600000,14.15,14.2,13.55,13.9,14450,726400,17050,weekly,2021-9-16T21:00:00.000,options,put
266,1630935660000,13.9,13.9,13.6,13.65,8300,726400,17050,weekly,2021-9-16T21:00:00.000,options,put
267,1630935720000,13.65,13.85,13.55,13.85,2650,724750,17050,weekly,2021-9-16T21:00:00.000,options,put
268,1630935780000,13.85,13.85,13.45,13.6,4250,724750,17050,weekly,2021-9-16T21:00:00.000,options,put
269,1630935840000,13.55,13.85,13.5,13.8,12200,724750,17050,weekly,2021-9-16T21:00:00.000,options,put
270,1630935900000,13.75,14.05,13.75,13.8,6200,720900,17050,weekly,2021-9-16T21:00:00.000,options,put
271,1630935960000,14.05,14.2,14.05,14.2,7250,720900,17050,weekly,2021-9-16T21:00:00.000,options,put
272,1630936020000,14.15,14.6,14.15,14.55,10300,720900,17050,weekly,2021-9-16T21:00:00.000,options,put
273,1630936080000,14.55,14.9,14.45,14.9,18100,714400,17050,weekly,2021-9-16T21:00:00.000,options,put
274,1630936140000,14.85,15.2,14.6,15.0,27550,714400,17050,weekly,2021-9-16T21:00:00.000,options,put
275,1630936200000,15.05,15.2,14.6,14.6,17350,714400,17050,weekly,2021-9-16T21:00:00.000,options,put
276,1630936260000,14.6,14.65,14.3,14.5,8700,717700,17050,weekly,2021-9-16T21:00:00.000,options,put
277,1630936320000,14.35,14.65,14.25,14.45,10500,717700,17050,weekly,2021-9-16T21:00:00.000,options,put
278,1630936380000,14.45,14.85,14.45,14.85,6850,717700,17050,weekly,2021-9-16T21:00:00.000,options,put
279,1630936440000,14.85,15.05,14.55,14.55,4100,712750,17050,weekly,2021-9-16T21:00:00.000,options,put
280,1630936500000,14.65,15.35,14.6,15.2,6800,712750,17050,weekly,2021-9-16T21:00:00.000,options,put
281,1630936560000,15.15,15.2,14.4,14.8,11000,712750,17050,weekly,2021-9-16T21:00:00.000,options,put
282,1630936620000,14.9,15.45,14.85,15.2,4500,712550,17050,weekly,2021-9-16T21:00:00.000,options,put
283,1630936680000,15.25,15.6,15.15,15.6,15200,712550,17050,weekly,2021-9-16T21:00:00.000,options,put
284,1630936740000,15.65,15.85,15.35,15.75,14600,712550,17050,weekly,2021-9-16T21:00:00.000,options,put
285,1630936800000,15.75,16.15,15.45,15.8,40750,714950,17050,weekly,2021-9-16T21:00:00.000,options,put
286,1630936860000,15.8,16.0,14.95,14.95,15550,714950,17050,weekly,2021-9-16T21:00:00.000,options,put
287,1630936920000,14.9,15.3,14.75,14.9,8550,714950,17050,weekly,2021-9-16T21:00:00.000,options,put
288,1630936980000,14.85,15.05,14.8,14.9,4850,714350,17050,weekly,2021-9-16T21:00:00.000,options,put
289,1630937040000,14.6,14.7,14.25,14.4,5650,714350,17050,weekly,2021-9-16T21:00:00.000,options,put
290,1630937100000,14.4,14.4,13.6,13.7,26150,714350,17050,weekly,2021-9-16T21:00:00.000,options,put
291,1630937160000,13.6,13.85,13.25,13.3,24300,708500,17050,weekly,2021-9-16T21:00:00.000,options,put
292,1630937220000,13.2,13.7,13.15,13.3,14500,708500,17050,weekly,2021-9-16T21:00:00.000,options,put
293,1630937280000,13.35,13.8,13.35,13.8,8100,708500,17050,weekly,2021-9-16T21:00:00.000,options,put
294,1630937340000,13.8,13.8,13.55,13.65,13650,702000,17050,weekly,2021-9-16T21:00:00.000,options,put
295,1630937400000,13.6,14.0,13.55,13.85,9300,702000,17050,weekly,2021-9-16T21:00:00.000,options,put
296,1630937460000,13.85,13.85,13.65,13.85,8050,702000,17050,weekly,2021-9-16T21:00:00.000,options,put
297,1630937520000,13.85,14.25,13.85,14.25,3300,698300,17050,weekly,2021-9-16T21:00:00.000,options,put
298,1630937580000,14.3,14.4,14.2,14.2,8800,698300,17050,weekly,2021-9-16T21:00:00.000,options,put
299,1630937640000,14.25,14.25,14.05,14.15,4250,698300,17050,weekly,2021-9-16T21:00:00.000,options,put
300,1630937700000,14.15,14.3,13.7,13.7,10300,697350,17050,weekly,2021-9-16T21:00:00.000,options,put
301,1630937760000,13.75,14.4,13.75,14.4,5950,697350,17050,weekly,2021-9-16T21:00:00.000,options,put
302,1630937820000,14.35,14.35,14.05,14.15,9950,697350,17050,weekly,2021-9-16T21:00:00.000,options,put
303,1630937880000,14.15,14.35,14.0,14.2,14550,700800,17050,weekly,2021-9-16T21:00:00.000,options,put
304,1630937940000,14.25,14.35,13.85,13.85,3200,700800,17050,weekly,2021-9-16T21:00:00.000,options,put
305,1630938000000,13.85,14.05,13.85,13.85,4250,700800,17050,weekly,2021-9-16T21:00:00.000,options,put
306,1630938060000,13.85,14.3,13.75,14.3,8600,694950,17050,weekly,2021-9-16T21:00:00.000,options,put
307,1630938120000,14.3,14.4,14.1,14.2,6000,694950,17050,weekly,2021-9-16T21:00:00.000,options,put
308,1630938180000,14.15,14.15,13.55,13.8,11300,694950,17050,weekly,2021-9-16T21:00:00.000,options,put
309,1630938240000,13.85,14.05,13.7,13.95,8200,696450,17050,weekly,2021-9-16T21:00:00.000,options,put
310,1630938300000,14.0,14.1,13.75,13.85,4950,696450,17050,weekly,2021-9-16T21:00:00.000,options,put
311,1630938360000,14.05,14.4,14.05,14.1,1900,696450,17050,weekly,2021-9-16T21:00:00.000,options,put
312,1630938420000,14.0,14.1,13.75,14.0,4300,696250,17050,weekly,2021-9-16T21:00:00.000,options,put
313,1630938480000,13.95,14.05,13.75,14.0,8450,696250,17050,weekly,2021-9-16T21:00:00.000,options,put
314,1630938540000,14.05,14.3,14.0,14.25,5800,696250,17050,weekly,2021-9-16T21:00:00.000,options,put
315,1630938600000,14.25,14.25,13.75,13.8,12650,695750,17050,weekly,2021-9-16T21:00:00.000,options,put
316,1630938660000,13.75,13.9,13.6,13.6,5200,695750,17050,weekly,2021-9-16T21:00:00.000,options,put
317,1630938720000,13.7,13.85,13.6,13.8,8050,695750,17050,weekly,2021-9-16T21:00:00.000,options,put
318,1630938780000,13.9,13.95,13.35,13.35,10850,693550,17050,weekly,2021-9-16T21:00:00.000,options,put
319,1630938840000,13.2,13.45,13.1,13.45,28100,693550,17050,weekly,2021-9-16T21:00:00.000,options,put
320,1630938900000,13.45,13.7,13.45,13.6,8000,693550,17050,weekly,2021-9-16T21:00:00.000,options,put
321,1630938960000,13.6,13.7,13.45,13.6,13150,696400,17050,weekly,2021-9-16T21:00:00.000,options,put
322,1630939020000,13.55,13.55,13.35,13.4,7600,696400,17050,weekly,2021-9-16T21:00:00.000,options,put
323,1630939080000,13.45,13.55,12.85,12.85,12100,696400,17050,weekly,2021-9-16T21:00:00.000,options,put
324,1630939140000,12.95,13.1,12.8,13.05,16700,696100,17050,weekly,2021-9-16T21:00:00.000,options,put
325,1630939200000,13.05,13.35,13.0,13.35,3600,696100,17050,weekly,2021-9-16T21:00:00.000,options,put
326,1630939260000,13.35,13.35,13.0,13.15,8350,696100,17050,weekly,2021-9-16T21:00:00.000,options,put
327,1630939320000,13.1,13.5,13.1,13.35,9950,696700,17050,weekly,2021-9-16T21:00:00.000,options,put
328,1630939380000,13.35,13.65,13.3,13.6,8900,696700,17050,weekly,2021-9-16T21:00:00.000,options,put
329,1630939440000,13.7,14.0,13.5,13.95,8300,696700,17050,weekly,2021-9-16T21:00:00.000,options,put
330,1630939500000,14.0,14.0,13.3,13.8,17050,695150,17050,weekly,2021-9-16T21:00:00.000,options,put
331,1630939560000,13.7,14.05,13.65,13.85,15500,695150,17050,weekly,2021-9-16T21:00:00.000,options,put
332,1630939620000,13.85,14.25,13.8,14.2,12300,695150,17050,weekly,2021-9-16T21:00:00.000,options,put
333,1630939680000,14.2,14.55,14.15,14.2,28000,689650,17050,weekly,2021-9-16T21:00:00.000,options,put
334,1630939740000,14.0,14.5,13.85,14.45,22900,689650,17050,weekly,2021-9-16T21:00:00.000,options,put
335,1630939800000,14.4,14.45,13.65,13.8,11950,689650,17050,weekly,2021-9-16T21:00:00.000,options,put
336,1630939860000,13.8,13.9,13.45,13.5,7900,686200,17050,weekly,2021-9-16T21:00:00.000,options,put
337,1630939920000,13.5,13.65,13.2,13.65,15700,686200,17050,weekly,2021-9-16T21:00:00.000,options,put
338,1630939980000,13.65,13.65,13.4,13.45,13900,686200,17050,weekly,2021-9-16T21:00:00.000,options,put
339,1630940040000,13.4,13.45,13.15,13.25,12600,692400,17050,weekly,2021-9-16T21:00:00.000,options,put
340,1630940100000,13.25,13.35,13.2,13.25,28350,692400,17050,weekly,2021-9-16T21:00:00.000,options,put
341,1630940160000,13.25,13.25,13.0,13.1,14950,692400,17050,weekly,2021-9-16T21:00:00.000,options,put
342,1630940220000,13.2,13.45,13.15,13.35,13600,708150,17050,weekly,2021-9-16T21:00:00.000,options,put
343,1630940280000,13.35,13.35,12.15,12.55,48700,708150,17050,weekly,2021-9-16T21:00:00.000,options,put
344,1630940340000,12.55,12.9,12.55,12.75,8450,708150,17050,weekly,2021-9-16T21:00:00.000,options,put
345,1630940400000,12.55,13.0,12.55,12.9,21250,702600,17050,weekly,2021-9-16T21:00:00.000,options,put
346,1630940460000,12.9,12.95,12.55,12.65,11700,702600,17050,weekly,2021-9-16T21:00:00.000,options,put
347,1630940520000,12.65,12.65,12.25,12.5,19550,702600,17050,weekly,2021-9-16T21:00:00.000,options,put
348,1630940580000,12.5,12.5,12.0,12.25,35050,699200,17050,weekly,2021-9-16T21:00:00.000,options,put
349,1630940640000,12.3,12.4,12.2,12.3,17150,699200,17050,weekly,2021-9-16T21:00:00.000,options,put
350,1630940700000,12.2,12.65,12.2,12.65,10200,699200,17050,weekly,2021-9-16T21:00:00.000,options,put
351,1630940760000,12.7,12.9,12.65,12.85,9100,697750,17050,weekly,2021-9-16T21:00:00.000,options,put
352,1630940820000,12.8,12.8,12.6,12.7,21200,697750,17050,weekly,2021-9-16T21:00:00.000,options,put
353,1630940880000,12.75,12.75,12.55,12.65,46850,697750,17050,weekly,2021-9-16T21:00:00.000,options,put
354,1630940940000,12.7,12.8,12.6,12.75,11950,716200,17050,weekly,2021-9-16T21:00:00.000,options,put
355,1630941000000,12.8,12.85,12.7,12.85,20300,716200,17050,weekly,2021-9-16T21:00:00.000,options,put
356,1630941060000,12.85,12.85,12.65,12.75,17550,716200,17050,weekly,2021-9-16T21:00:00.000,options,put
357,1630941120000,12.8,13.05,12.7,13.05,31850,723100,17050,weekly,2021-9-16T21:00:00.000,options,put
358,1630941180000,13.1,13.15,12.95,13.1,16300,723100,17050,weekly,2021-9-16T21:00:00.000,options,put
359,1630941240000,13.1,13.2,13.0,13.0,21200,723100,17050,weekly,2021-9-16T21:00:00.000,options,put
360,1630941300000,13.1,13.1,12.8,12.8,16450,732400,17050,weekly,2021-9-16T21:00:00.000,options,put
361,1630941360000,12.8,12.85,12.7,12.75,32100,732400,17050,weekly,2021-9-16T21:00:00.000,options,put
362,1630941420000,12.8,12.9,12.7,12.9,13950,732400,17050,weekly,2021-9-16T21:00:00.000,options,put
363,1630941480000,12.9,13.25,12.9,13.1,24600,740700,17050,weekly,2021-9-16T21:00:00.000,options,put
364,1630941540000,13.2,13.3,13.05,13.15,19500,740700,17050,weekly,2021-9-16T21:00:00.000,options,put
365,1630941600000,13.2,13.25,12.7,12.7,22550,740700,17050,weekly,2021-9-16T21:00:00.000,options,put
366,1630941660000,12.75,12.85,12.5,12.6,24250,730800,17050,weekly,2021-9-16T21:00:00.000,options,put
367,1630941720000,12.65,12.65,12.25,12.5,18050,730800,17050,weekly,2021-9-16T21:00:00.000,options,put
368,1630941780000,12.5,12.8,12.45,12.8,31400,730800,17050,weekly,2021-9-16T21:00:00.000,options,put
369,1630941840000,12.75,12.8,12.5,12.55,25200,728800,17050,weekly,2021-9-16T21:00:00.000,options,put
370,1630941900000,12.55,12.85,12.4,12.4,60250,728800,17050,weekly,2021-9-16T21:00:00.000,options,put
371,1630941960000,12.45,12.75,12.2,12.65,32700,728800,17050,weekly,2021-9-16T21:00:00.000,options,put
372,1630942020000,12.6,12.8,12.45,12.55,29500,746150,17050,weekly,2021-9-16T21:00:00.000,options,put
373,1630942080000,12.5,12.85,12.5,12.7,25950,746150,17050,weekly,2021-9-16T21:00:00.000,options,put
374,1630942140000,12.75,12.75,12.15,12.3,29150,746150,17050,weekly,2021-9-16T21:00:00.000,options,put
