,timestamp,open,high,low,close,volume,open_interest,strike,expiry_type,expiry,instrument,contract_type
0,1586250900000,245.6,256.35,232.4,237.45,4650,,8250,weekly,2020-4-9T21:00:00.000,options,call
1,1586250960000,233.95,237.0,220.0,230.45,4500,,8250,weekly,2020-4-9T21:00:00.000,options,call
2,1586251020000,234.5,236.9,224.95,228.65,3375,,8250,weekly,2020-4-9T21:00:00.000,options,call
3,1586251080000,228.65,228.65,216.6,220.0,1650,,8250,weekly,2020-4-9T21:00:00.000,options,call
4,1586251140000,220.0,223.0,211.7,222.95,4650,,8250,weekly,2020-4-9T21:00:00.000,options,call
5,1586251200000,222.95,234.3,222.95,232.8,3975,,8250,weekly,2020-4-9T21:00:00.000,options,call
6,1586251260000,230.05,239.95,230.05,239.95,4425,,8250,weekly,2020-4-9T21:00:00.000,options,call
7,1586251320000,239.95,247.3,227.7,227.7,5550,,8250,weekly,2020-4-9T21:00:00.000,options,call
8,1586251380000,223.0,226.35,215.65,215.65,2850,,8250,weekly,2020-4-9T21:00:00.000,options,call
9,1586251440000,215.3,217.5,207.95,217.5,2775,,8250,weekly,2020-4-9T21:00:00.000,options,call
10,1586251500000,217.5,227.1,217.5,220.6,2850,,8250,weekly,2020-4-9T21:00:00.000,options,call
11,1586251560000,220.6,220.6,213.45,216.1,3450,,8250,weekly,2020-4-9T21:00:00.000,options,call
12,1586251620000,215.75,215.75,205.6,212.65,3450,,8250,weekly,2020-4-9T21:00:00.000,options,call
13,1586251680000,212.65,212.65,206.55,206.55,1425,,8250,weekly,2020-4-9T21:00:00.000,options,call
14,1586251740000,206.55,209.1,198.35,198.35,1725,,8250,weekly,2020-4-9T21:00:00.000,options,call
15,1586251800000,205.05,209.0,205.05,207.5,2775,,8250,weekly,2020-4-9T21:00:00.000,options,call
16,1586251860000,207.5,216.35,207.5,215.9,2400,,8250,weekly,2020-4-9T21:00:00.000,options,call
17,1586251920000,215.9,221.25,215.15,220.15,1350,,8250,weekly,2020-4-9T21:00:00.000,options,call
18,1586251980000,220.15,221.25,216.2,216.6,675,,8250,weekly,2020-4-9T21:00:00.000,options,call
19,1586252040000,216.6,231.4,216.6,231.4,4950,,8250,weekly,2020-4-9T21:00:00.000,options,call
20,1586252100000,231.4,231.4,226.4,227.85,1200,,8250,weekly,2020-4-9T21:00:00.000,options,call
21,1586252160000,227.85,237.05,227.85,234.1,6225,,8250,weekly,2020-4-9T21:00:00.000,options,call
22,1586252220000,234.1,245.0,234.1,241.35,9450,,8250,weekly,2020-4-9T21:00:00.000,options,call
23,1586252280000,241.35,241.85,240.15,240.15,375,,8250,weekly,2020-4-9T21:00:00.000,options,call
24,1586252340000,240.15,260.55,240.15,260.0,4275,,8250,weekly,2020-4-9T21:00:00.000,options,call
25,1586252400000,259.1,260.95,253.2,255.65,9675,,8250,weekly,2020-4-9T21:00:00.000,options,call
26,1586252460000,255.65,255.65,243.8,248.1,26475,,8250,weekly,2020-4-9T21:00:00.000,options,call
27,1586252520000,249.15,257.45,247.3,254.15,4725,,8250,weekly,2020-4-9T21:00:00.000,options,call
28,1586252580000,254.15,255.0,250.05,254.35,2175,,8250,weekly,2020-4-9T21:00:00.000,options,call
29,1586252640000,254.35,257.25,254.35,257.25,150,,8250,weekly,2020-4-9T21:00:00.000,options,call
30,1586252700000,257.25,257.25,250.05,250.05,1200,,8250,weekly,2020-4-9T21:00:00.000,options,call
31,1586252760000,250.05,250.05,245.05,245.05,750,,8250,weekly,2020-4-9T21:00:00.000,options,call
32,1586252820000,251.1,251.1,244.45,250.85,900,,8250,weekly,2020-4-9T21:00:00.000,options,call
33,1586252880000,250.85,256.9,250.85,252.0,600,,8250,weekly,2020-4-9T21:00:00.000,options,call
34,1586252940000,252.0,255.0,249.65,250.55,300,,8250,weekly,2020-4-9T21:00:00.000,options,call
35,1586253000000,250.55,252.9,249.15,249.15,525,,8250,weekly,2020-4-9T21:00:00.000,options,call
36,1586253060000,249.15,254.0,249.1,251.1,675,,8250,weekly,2020-4-9T21:00:00.000,options,call
37,1586253120000,251.1,251.1,245.4,249.35,975,,8250,weekly,2020-4-9T21:00:00.000,options,call
38,1586253180000,249.35,252.9,249.35,251.85,525,,8250,weekly,2020-4-9T21:00:00.000,options,call
39,1586253240000,251.85,253.05,249.0,253.05,1200,,8250,weekly,2020-4-9T21:00:00.000,options,call
40,1586253300000,253.05,253.9,247.5,247.5,975,,8250,weekly,2020-4-9T21:00:00.000,options,call
41,1586253360000,247.5,250.9,244.9,244.9,900,,8250,weekly,2020-4-9T21:00:00.000,options,call
42,1586253420000,244.9,247.0,238.85,247.0,2850,,8250,weekly,2020-4-9T21:00:00.000,options,call
43,1586253480000,247.0,247.0,243.05,243.05,150,,8250,weekly,2020-4-9T21:00:00.000,options,call
44,1586253540000,243.05,245.5,239.95,243.0,900,,8250,weekly,2020-4-9T21:00:00.000,options,call
45,1586253600000,243.0,243.0,235.0,237.7,975,,8250,weekly,2020-4-9T21:00:00.000,options,call
46,1586253660000,237.7,242.0,236.0,237.85,900,,8250,weekly,2020-4-9T21:00:00.000,options,call
47,1586253720000,237.85,247.0,237.85,247.0,675,,8250,weekly,2020-4-9T21:00:00.000,options,call
48,1586253780000,247.0,247.0,244.35,244.35,900,,8250,weekly,2020-4-9T21:00:00.000,options,call
49,1586253840000,244.35,249.0,244.1,244.1,1875,,8250,weekly,2020-4-9T21:00:00.000,options,call
50,1586253900000,244.1,251.3,244.1,248.2,525,,8250,weekly,2020-4-9T21:00:00.000,options,call
51,1586253960000,248.2,249.3,242.35,243.45,1125,,8250,weekly,2020-4-9T21:00:00.000,options,call
52,1586254020000,243.45,243.45,237.35,237.35,375,,8250,weekly,2020-4-9T21:00:00.000,options,call
53,1586254080000,237.35,237.35,230.0,234.9,975,,8250,weekly,2020-4-9T21:00:00.000,options,call
54,1586254140000,234.9,240.3,234.9,240.3,1575,,8250,weekly,2020-4-9T21:00:00.000,options,call
55,1586254200000,240.3,240.3,236.15,236.15,750,,8250,weekly,2020-4-9T21:00:00.000,options,call
56,1586254260000,236.15,240.5,235.65,237.05,1125,,8250,weekly,2020-4-9T21:00:00.000,options,call
57,1586254320000,237.05,237.05,233.65,233.65,150,,8250,weekly,2020-4-9T21:00:00.000,options,call
58,1586254380000,233.65,233.65,232.0,233.1,600,,8250,weekly,2020-4-9T21:00:00.000,options,call
59,1586254440000,233.1,233.1,221.7,227.5,1575,,8250,weekly,2020-4-9T21:00:00.000,options,call
60,1586254500000,227.5,233.65,227.5,227.9,525,,8250,weekly,2020-4-9T21:00:00.000,options,call
61,1586254560000,227.9,235.6,227.9,231.25,375,,8250,weekly,2020-4-9T21:00:00.000,options,call
62,1586254620000,231.25,231.25,227.9,227.9,900,,8250,weekly,2020-4-9T21:00:00.000,options,call
63,1586254680000,227.9,227.9,215.85,220.25,1650,,8250,weekly,2020-4-9T21:00:00.000,options,call
64,1586254740000,220.25,220.25,214.1,218.45,1350,,8250,weekly,2020-4-9T21:00:00.000,options,call
65,1586254800000,214.75,221.3,214.1,221.3,1800,,8250,weekly,2020-4-9T21:00:00.000,options,call
66,1586254860000,221.3,221.3,216.75,216.75,375,,8250,weekly,2020-4-9T21:00:00.000,options,call
67,1586254920000,216.75,216.75,210.0,210.9,1275,,8250,weekly,2020-4-9T21:00:00.000,options,call
68,1586254980000,210.9,220.0,210.65,219.0,825,,8250,weekly,2020-4-9T21:00:00.000,options,call
69,1586255040000,219.0,225.75,218.3,222.65,1275,,8250,weekly,2020-4-9T21:00:00.000,options,call
70,1586255100000,222.65,230.7,218.85,226.75,1050,,8250,weekly,2020-4-9T21:00:00.000,options,call
71,1586255160000,226.75,226.75,220.7,220.95,900,,8250,weekly,2020-4-9T21:00:00.000,options,call
72,1586255220000,220.95,225.95,220.8,225.35,1350,,8250,weekly,2020-4-9T21:00:00.000,options,call
73,1586255280000,225.35,232.0,225.35,232.0,1275,,8250,weekly,2020-4-9T21:00:00.000,options,call
74,1586255340000,232.0,238.0,231.0,236.5,750,,8250,weekly,2020-4-9T21:00:00.000,options,call
75,1586255400000,236.5,236.5,234.05,234.05,225,,8250,weekly,2020-4-9T21:00:00.000,options,call
76,1586255460000,234.05,234.05,234.05,234.05,75,,8250,weekly,2020-4-9T21:00:00.000,options,call
77,1586255520000,234.05,234.05,225.0,225.0,75,,8250,weekly,2020-4-9T21:00:00.000,options,call
78,1586255580000,225.0,227.05,221.0,227.05,675,,8250,weekly,2020-4-9T21:00:00.000,options,call
79,1586255640000,227.05,227.05,222.25,223.25,375,,8250,weekly,2020-4-9T21:00:00.000,options,call
80,1586255700000,223.25,223.95,217.0,217.0,1800,,8250,weekly,2020-4-9T21:00:00.000,options,call
81,1586255760000,217.0,225.8,217.0,223.9,750,,8250,weekly,2020-4-9T21:00:00.000,options,call
82,1586255880000,223.9,235.65,223.9,229.6,825,,8250,weekly,2020-4-9T21:00:00.000,options,call
83,1586255940000,229.6,235.35,229.6,232.5,525,,8250,weekly,2020-4-9T21:00:00.000,options,call
84,1586256000000,232.5,233.75,231.0,233.75,600,,8250,weekly,2020-4-9T21:00:00.000,options,call
85,1586256060000,233.75,240.85,233.75,236.6,1875,,8250,weekly,2020-4-9T21:00:00.000,options,call
86,1586256120000,236.6,246.0,236.6,241.3,1050,,8250,weekly,2020-4-9T21:00:00.000,options,call
87,1586256180000,241.3,247.85,241.3,243.65,375,,8250,weekly,2020-4-9T21:00:00.000,options,call
88,1586256300000,243.65,243.65,237.15,237.45,600,,8250,weekly,2020-4-9T21:00:00.000,options,call
89,1586256360000,236.65,239.7,236.65,236.7,375,,8250,weekly,2020-4-9T21:00:00.000,options,call
90,1586256420000,236.7,247.0,236.7,247.0,450,,8250,weekly,2020-4-9T21:00:00.000,options,call
91,1586256480000,247.0,247.0,244.15,245.0,675,,8250,weekly,2020-4-9T21:00:00.000,options,call
92,1586256540000,245.0,249.5,244.5,247.15,1125,,8250,weekly,2020-4-9T21:00:00.000,options,call
93,1586256600000,247.15,249.8,246.5,249.0,1125,,8250,weekly,2020-4-9T21:00:00.000,options,call
94,1586256660000,249.0,253.0,249.0,253.0,1500,,8250,weekly,2020-4-9T21:00:00.000,options,call
95,1586256720000,253.0,253.0,249.6,249.6,675,,8250,weekly,2020-4-9T21:00:00.000,options,call
96,1586256780000,249.6,250.9,246.85,246.85,900,,8250,weekly,2020-4-9T21:00:00.000,options,call
97,1586256900000,246.85,248.2,246.85,247.0,225,,8250,weekly,2020-4-9T21:00:00.000,options,call
98,1586256960000,247.0,247.0,246.6,246.6,75,,8250,weekly,2020-4-9T21:00:00.000,options,call
99,1586257020000,246.6,248.4,245.85,248.4,300,,8250,weekly,2020-4-9T21:00:00.000,options,call
100,1586257080000,248.4,251.0,248.4,251.0,75,,8250,weekly,2020-4-9T21:00:00.000,options,call
101,1586257140000,251.0,251.0,243.25,243.25,375,,8250,weekly,2020-4-9T21:00:00.000,options,call
102,1586257200000,243.25,243.55,241.55,243.55,675,,8250,weekly,2020-4-9T21:00:00.000,options,call
103,1586257260000,243.55,244.55,243.55,244.55,150,,8250,weekly,2020-4-9T21:00:00.000,options,call
104,1586257320000,244.55,266.35,244.55,261.85,10800,,8250,weekly,2020-4-9T21:00:00.000,options,call
105,1586257380000,261.85,284.9,261.85,278.0,4875,,8250,weekly,2020-4-9T21:00:00.000,options,call
106,1586257440000,278.0,280.65,274.85,279.85,2250,,8250,weekly,2020-4-9T21:00:00.000,options,call
107,1586257500000,279.85,285.8,279.85,285.8,1650,,8250,weekly,2020-4-9T21:00:00.000,options,call
108,1586257560000,285.8,314.45,285.8,310.1,4650,,8250,weekly,2020-4-9T21:00:00.000,options,call
109,1586257620000,309.7,311.05,300.65,303.55,49650,,8250,weekly,2020-4-9T21:00:00.000,options,call
110,1586257680000,303.55,319.7,303.55,317.4,1800,,8250,weekly,2020-4-9T21:00:00.000,options,call
111,1586257740000,317.4,317.4,307.5,315.05,675,,8250,weekly,2020-4-9T21:00:00.000,options,call
112,1586257800000,315.05,325.0,315.05,320.5,675,,8250,weekly,2020-4-9T21:00:00.000,options,call
113,1586257860000,320.5,328.25,319.3,324.25,2175,,8250,weekly,2020-4-9T21:00:00.000,options,call
114,1586257920000,327.15,327.15,317.55,318.2,1800,,8250,weekly,2020-4-9T21:00:00.000,options,call
115,1586257980000,318.2,318.4,314.35,318.4,1425,,8250,weekly,2020-4-9T21:00:00.000,options,call
116,1586258040000,318.4,318.4,314.95,314.95,1050,,8250,weekly,2020-4-9T21:00:00.000,options,call
117,1586258100000,314.95,333.15,314.95,333.15,750,,8250,weekly,2020-4-9T21:00:00.000,options,call
118,1586258160000,333.15,333.15,325.05,327.1,600,,8250,weekly,2020-4-9T21:00:00.000,options,call
119,1586258220000,327.1,339.5,327.1,331.0,975,,8250,weekly,2020-4-9T21:00:00.000,options,call
120,1586258280000,331.0,340.9,331.0,340.15,2250,,8250,weekly,2020-4-9T21:00:00.000,options,call
121,1586258340000,340.1,340.15,337.5,339.7,2325,,8250,weekly,2020-4-9T21:00:00.000,options,call
122,1586258400000,339.7,339.7,331.3,331.3,750,,8250,weekly,2020-4-9T21:00:00.000,options,call
123,1586258460000,331.3,335.25,331.3,335.25,675,,8250,weekly,2020-4-9T21:00:00.000,options,call
124,1586258520000,335.25,345.0,335.25,340.55,150,,8250,weekly,2020-4-9T21:00:00.000,options,call
125,1586258580000,340.55,340.55,338.0,338.0,225,,8250,weekly,2020-4-9T21:00:00.000,options,call
126,1586258640000,338.0,343.1,337.15,342.6,825,,8250,weekly,2020-4-9T21:00:00.000,options,call
127,1586258700000,342.6,349.15,342.6,345.15,375,,8250,weekly,2020-4-9T21:00:00.000,options,call
128,1586258760000,345.15,345.15,339.3,339.3,75,,8250,weekly,2020-4-9T21:00:00.000,options,call
129,1586258820000,337.75,342.85,337.75,338.85,825,,8250,weekly,2020-4-9T21:00:00.000,options,call
130,1586258880000,338.85,341.75,337.0,341.75,450,,8250,weekly,2020-4-9T21:00:00.000,options,call
131,1586258940000,341.75,347.25,341.75,343.8,300,,8250,weekly,2020-4-9T21:00:00.000,options,call
132,1586259000000,343.8,352.7,337.15,337.15,450,,8250,weekly,2020-4-9T21:00:00.000,options,call
133,1586259060000,337.15,338.0,334.2,334.2,525,,8250,weekly,2020-4-9T21:00:00.000,options,call
134,1586259120000,334.2,334.2,327.6,328.0,675,,8250,weekly,2020-4-9T21:00:00.000,options,call
135,1586259180000,328.0,329.05,328.0,329.05,300,,8250,weekly,2020-4-9T21:00:00.000,options,call
136,1586259240000,329.05,330.0,329.05,330.0,600,,8250,weekly,2020-4-9T21:00:00.000,options,call
137,1586259300000,330.0,330.0,323.95,326.4,975,,8250,weekly,2020-4-9T21:00:00.000,options,call
138,1586259360000,326.4,326.4,324.45,324.8,225,,8250,weekly,2020-4-9T21:00:00.000,options,call
139,1586259780000,324.8,343.85,324.8,343.85,75,,8250,weekly,2020-4-9T21:00:00.000,options,call
140,1586259900000,343.85,358.5,343.85,358.5,600,,8250,weekly,2020-4-9T21:00:00.000,options,call
141,1586260020000,358.5,358.5,349.85,352.25,300,,8250,weekly,2020-4-9T21:00:00.000,options,call
142,1586260080000,352.25,359.25,352.25,357.95,975,,8250,weekly,2020-4-9T21:00:00.000,options,call
143,1586260140000,357.95,362.9,357.95,360.45,375,,8250,weekly,2020-4-9T21:00:00.000,options,call
144,1586260200000,360.45,360.45,356.9,356.9,75,,8250,weekly,2020-4-9T21:00:00.000,options,call
145,1586260260000,356.9,357.9,356.9,357.9,300,,8250,weekly,2020-4-9T21:00:00.000,options,call
146,1586260320000,357.9,361.0,352.55,353.05,750,,8250,weekly,2020-4-9T21:00:00.000,options,call
147,1586260380000,353.05,354.0,353.05,354.0,150,,8250,weekly,2020-4-9T21:00:00.000,options,call
148,1586260440000,354.0,354.0,346.4,346.4,525,,8250,weekly,2020-4-9T21:00:00.000,options,call
149,1586260500000,346.4,346.4,341.6,341.6,375,,8250,weekly,2020-4-9T21:00:00.000,options,call
150,1586260620000,341.6,344.05,335.5,344.05,2775,,8250,weekly,2020-4-9T21:00:00.000,options,call
151,1586260680000,344.05,344.05,339.45,340.0,750,,8250,weekly,2020-4-9T21:00:00.000,options,call
152,1586260740000,340.0,343.55,340.0,343.55,1125,,8250,weekly,2020-4-9T21:00:00.000,options,call
153,1586260800000,343.55,348.65,343.55,348.65,675,,8250,weekly,2020-4-9T21:00:00.000,options,call
154,1586260860000,348.65,348.65,344.8,344.8,150,,8250,weekly,2020-4-9T21:00:00.000,options,call
155,1586260920000,344.8,344.8,338.55,338.55,150,,8250,weekly,2020-4-9T21:00:00.000,options,call
156,1586260980000,338.55,338.75,338.55,338.75,300,,8250,weekly,2020-4-9T21:00:00.000,options,call
157,1586261040000,338.75,344.95,338.75,344.95,375,,8250,weekly,2020-4-9T21:00:00.000,options,call
158,1586261100000,344.95,351.9,344.95,348.6,1050,,8250,weekly,2020-4-9T21:00:00.000,options,call
159,1586261280000,348.6,348.7,348.15,348.7,300,,8250,weekly,2020-4-9T21:00:00.000,options,call
160,1586261340000,348.7,348.75,347.85,348.75,450,,8250,weekly,2020-4-9T21:00:00.000,options,call
161,1586261400000,348.75,350.85,348.75,350.85,150,,8250,weekly,2020-4-9T21:00:00.000,options,call
162,1586261520000,350.85,357.0,350.85,357.0,75,,8250,weekly,2020-4-9T21:00:00.000,options,call
163,1586261640000,357.0,357.0,350.15,350.15,300,,8250,weekly,2020-4-9T21:00:00.000,options,call
164,1586261700000,350.15,354.35,350.15,354.35,600,,8250,weekly,2020-4-9T21:00:00.000,options,call
165,1586261760000,354.35,357.0,354.35,356.15,450,,8250,weekly,2020-4-9T21:00:00.000,options,call
166,1586261820000,356.15,356.15,354.9,354.9,150,,8250,weekly,2020-4-9T21:00:00.000,options,call
167,1586261940000,354.9,366.25,354.9,366.25,300,,8250,weekly,2020-4-9T21:00:00.000,options,call
168,1586262000000,366.25,366.25,362.75,362.75,150,,8250,weekly,2020-4-9T21:00:00.000,options,call
169,1586262060000,362.75,371.0,362.75,371.0,150,,8250,weekly,2020-4-9T21:00:00.000,options,call
170,1586262120000,371.0,375.4,369.0,369.0,450,,8250,weekly,2020-4-9T21:00:00.000,options,call
171,1586262180000,369.0,376.7,369.0,376.65,750,,8250,weekly,2020-4-9T21:00:00.000,options,call
172,1586262300000,376.65,378.05,371.2,371.2,450,,8250,weekly,2020-4-9T21:00:00.000,options,call
173,1586262360000,371.2,372.45,371.2,372.4,225,,8250,weekly,2020-4-9T21:00:00.000,options,call
174,1586262420000,372.4,386.0,372.4,382.25,2100,,8250,weekly,2020-4-9T21:00:00.000,options,call
175,1586262480000,382.25,387.95,381.4,386.2,825,,8250,weekly,2020-4-9T21:00:00.000,options,call
176,1586262540000,386.65,389.5,383.05,384.9,1425,,8250,weekly,2020-4-9T21:00:00.000,options,call
177,1586262600000,384.9,393.8,384.9,393.75,450,,8250,weekly,2020-4-9T21:00:00.000,options,call
178,1586262660000,393.75,397.75,391.7,392.0,675,,8250,weekly,2020-4-9T21:00:00.000,options,call
179,1586262720000,392.0,395.05,392.0,393.5,375,,8250,weekly,2020-4-9T21:00:00.000,options,call
180,1586262780000,393.5,412.35,393.5,412.3,300,,8250,weekly,2020-4-9T21:00:00.000,options,call
181,1586262840000,412.3,417.35,412.3,415.7,375,,8250,weekly,2020-4-9T21:00:00.000,options,call
182,1586262900000,415.7,415.7,405.5,409.45,1875,,8250,weekly,2020-4-9T21:00:00.000,options,call
183,1586262960000,409.45,409.45,395.25,397.6,900,,8250,weekly,2020-4-9T21:00:00.000,options,call
184,1586263020000,397.6,402.8,397.6,399.15,825,,8250,weekly,2020-4-9T21:00:00.000,options,call
185,1586263080000,399.15,409.7,399.15,409.7,300,,8250,weekly,2020-4-9T21:00:00.000,options,call
186,1586263140000,409.7,416.1,405.0,416.1,600,,8250,weekly,2020-4-9T21:00:00.000,options,call
187,1586263200000,416.1,416.1,410.2,410.2,1050,,8250,weekly,2020-4-9T21:00:00.000,options,call
188,1586263260000,410.2,424.6,410.2,424.6,1125,,8250,weekly,2020-4-9T21:00:00.000,options,call
189,1586263320000,424.6,427.5,424.6,426.5,375,,8250,weekly,2020-4-9T21:00:00.000,options,call
190,1586263380000,426.5,426.75,421.7,421.7,600,,8250,weekly,2020-4-9T21:00:00.000,options,call
191,1586263440000,421.7,430.2,421.7,430.0,675,,8250,weekly,2020-4-9T21:00:00.000,options,call
192,1586263500000,430.0,432.4,430.0,432.4,75,,8250,weekly,2020-4-9T21:00:00.000,options,call
193,1586263560000,432.4,437.85,432.4,436.8,225,,8250,weekly,2020-4-9T21:00:00.000,options,call
194,1586263680000,436.8,442.15,436.8,440.75,600,,8250,weekly,2020-4-9T21:00:00.000,options,call
195,1586263740000,440.75,441.4,437.95,437.95,225,,8250,weekly,2020-4-9T21:00:00.000,options,call
196,1586263800000,437.95,437.95,429.65,429.65,1125,,8250,weekly,2020-4-9T21:00:00.000,options,call
197,1586263860000,425.15,430.0,425.15,430.0,525,,8250,weekly,2020-4-9T21:00:00.000,options,call
198,1586263920000,430.0,430.0,428.0,428.0,150,,8250,weekly,2020-4-9T21:00:00.000,options,call
199,1586263980000,428.0,428.0,418.85,419.05,675,,8250,weekly,2020-4-9T21:00:00.000,options,call
200,1586264160000,419.05,421.05,419.05,421.05,300,,8250,weekly,2020-4-9T21:00:00.000,options,call
201,1586264220000,421.05,421.05,407.5,407.5,450,,8250,weekly,2020-4-9T21:00:00.000,options,call
202,1586264280000,407.5,412.2,402.15,402.15,375,,8250,weekly,2020-4-9T21:00:00.000,options,call
203,1586264340000,402.15,412.55,402.15,412.55,225,,8250,weekly,2020-4-9T21:00:00.000,options,call
204,1586264400000,412.55,412.55,411.95,411.95,225,,8250,weekly,2020-4-9T21:00:00.000,options,call
205,1586264460000,411.95,416.1,409.2,414.75,300,,8250,weekly,2020-4-9T21:00:00.000,options,call
206,1586264520000,414.75,414.75,400.3,400.3,75,,8250,weekly,2020-4-9T21:00:00.000,options,call
207,1586264580000,399.9,399.9,397.95,397.95,600,,8250,weekly,2020-4-9T21:00:00.000,options,call
208,1586264640000,397.95,409.5,397.95,409.5,900,,8250,weekly,2020-4-9T21:00:00.000,options,call
209,1586264700000,409.5,409.85,409.5,409.85,75,,8250,weekly,2020-4-9T21:00:00.000,options,call
210,1586264760000,409.85,429.4,409.85,429.4,1425,,8250,weekly,2020-4-9T21:00:00.000,options,call
211,1586264820000,429.4,448.85,429.4,439.6,2025,,8250,weekly,2020-4-9T21:00:00.000,options,call
212,1586264880000,439.6,459.0,439.6,449.35,1050,,8250,weekly,2020-4-9T21:00:00.000,options,call
213,1586264940000,449.35,449.35,446.45,446.45,1200,,8250,weekly,2020-4-9T21:00:00.000,options,call
214,1586265000000,446.45,448.05,446.45,447.35,225,,8250,weekly,2020-4-9T21:00:00.000,options,call
215,1586265060000,447.35,460.85,447.35,460.25,825,,8250,weekly,2020-4-9T21:00:00.000,options,call
216,1586265120000,460.25,460.25,453.5,453.5,600,,8250,weekly,2020-4-9T21:00:00.000,options,call
217,1586265180000,453.5,453.5,438.1,438.1,375,,8250,weekly,2020-4-9T21:00:00.000,options,call
218,1586265240000,438.1,447.25,438.1,447.25,300,,8250,weekly,2020-4-9T21:00:00.000,options,call
219,1586265360000,447.25,453.0,447.25,453.0,525,,8250,weekly,2020-4-9T21:00:00.000,options,call
220,1586265480000,453.0,457.85,453.0,457.85,225,,8250,weekly,2020-4-9T21:00:00.000,options,call
221,1586265540000,457.85,458.0,450.0,458.0,450,,8250,weekly,2020-4-9T21:00:00.000,options,call
222,1586265600000,458.0,465.2,458.0,463.05,525,,8250,weekly,2020-4-9T21:00:00.000,options,call
223,1586265660000,463.05,472.65,463.05,467.45,300,,8250,weekly,2020-4-9T21:00:00.000,options,call
224,1586265840000,467.45,467.45,456.7,456.7,300,,8250,weekly,2020-4-9T21:00:00.000,options,call
225,1586265900000,456.7,463.5,456.7,463.5,300,,8250,weekly,2020-4-9T21:00:00.000,options,call
226,1586265960000,463.5,465.55,462.05,462.05,450,,8250,weekly,2020-4-9T21:00:00.000,options,call
227,1586266020000,462.05,462.05,454.35,454.35,75,,8250,weekly,2020-4-9T21:00:00.000,options,call
228,1586266080000,454.35,456.95,454.35,455.7,300,,8250,weekly,2020-4-9T21:00:00.000,options,call
229,1586266140000,455.7,456.05,442.7,442.7,600,,8250,weekly,2020-4-9T21:00:00.000,options,call
230,1586266200000,442.7,449.8,436.95,436.95,600,,8250,weekly,2020-4-9T21:00:00.000,options,call
231,1586266260000,436.95,443.0,436.95,442.65,600,,8250,weekly,2020-4-9T21:00:00.000,options,call
232,1586266380000,442.65,454.65,442.65,454.65,75,,8250,weekly,2020-4-9T21:00:00.000,options,call
233,1586266440000,454.65,454.65,454.35,454.35,150,,8250,weekly,2020-4-9T21:00:00.000,options,call
234,1586266500000,454.35,465.4,454.35,465.4,75,,8250,weekly,2020-4-9T21:00:00.000,options,call
235,1586266560000,463.35,465.15,463.35,465.15,225,,8250,weekly,2020-4-9T21:00:00.000,options,call
236,1586266620000,465.15,465.15,458.15,458.15,225,,8250,weekly,2020-4-9T21:00:00.000,options,call
237,1586266680000,458.15,471.0,453.9,470.6,525,,8250,weekly,2020-4-9T21:00:00.000,options,call
238,1586266740000,478.15,488.8,474.15,482.3,1500,,8250,weekly,2020-4-9T21:00:00.000,options,call
239,1586266800000,482.3,484.1,482.3,484.1,300,,8250,weekly,2020-4-9T21:00:00.000,options,call
240,1586266860000,484.1,500.4,484.1,498.9,900,,8250,weekly,2020-4-9T21:00:00.000,options,call
241,1586266920000,498.9,504.2,496.25,504.2,2175,,8250,weekly,2020-4-9T21:00:00.000,options,call
242,1586266980000,504.2,515.75,504.2,515.65,450,,8250,weekly,2020-4-9T21:00:00.000,options,call
243,1586267040000,515.65,515.65,501.7,512.85,1875,,8250,weekly,2020-4-9T21:00:00.000,options,call
244,1586267100000,512.85,512.85,504.15,504.15,1050,,8250,weekly,2020-4-9T21:00:00.000,options,call
245,1586267160000,504.15,504.2,493.2,504.2,975,,8250,weekly,2020-4-9T21:00:00.000,options,call
246,1586267220000,504.2,504.95,497.85,504.6,3225,,8250,weekly,2020-4-9T21:00:00.000,options,call
247,1586267280000,501.65,523.0,501.05,518.45,1200,,8250,weekly,2020-4-9T21:00:00.000,options,call
248,1586267340000,518.45,525.0,518.45,525.0,525,,8250,weekly,2020-4-9T21:00:00.000,options,call
249,1586267400000,525.0,545.4,525.0,542.85,825,,8250,weekly,2020-4-9T21:00:00.000,options,call
250,1586267460000,542.85,542.85,526.35,535.4,600,,8250,weekly,2020-4-9T21:00:00.000,options,call
251,1586267520000,536.4,536.4,532.3,533.4,450,,8250,weekly,2020-4-9T21:00:00.000,options,call
252,1586267580000,533.4,543.75,533.4,543.65,600,,8250,weekly,2020-4-9T21:00:00.000,options,call
253,1586267640000,543.65,553.3,543.65,553.3,150,,8250,weekly,2020-4-9T21:00:00.000,options,call
254,1586267700000,553.3,553.3,539.05,541.6,1875,,8250,weekly,2020-4-9T21:00:00.000,options,call
255,1586267760000,541.6,550.6,541.6,548.15,1425,,8250,weekly,2020-4-9T21:00:00.000,options,call
256,1586267820000,546.15,558.25,546.15,556.95,1050,,8250,weekly,2020-4-9T21:00:00.000,options,call
257,1586267880000,556.95,561.5,556.1,561.5,1275,,8250,weekly,2020-4-9T21:00:00.000,options,call
258,1586267940000,561.5,570.0,561.0,570.0,150,,8250,weekly,2020-4-9T21:00:00.000,options,call
259,1586268000000,570.0,570.0,564.15,568.1,1125,,8250,weekly,2020-4-9T21:00:00.000,options,call
260,1586268060000,568.1,568.1,566.45,566.45,75,,8250,weekly,2020-4-9T21:00:00.000,options,call
261,1586268120000,566.45,566.45,554.5,554.5,75,,8250,weekly,2020-4-9T21:00:00.000,options,call
262,1586268180000,554.5,562.9,554.5,562.9,75,,8250,weekly,2020-4-9T21:00:00.000,options,call
263,1586268240000,562.9,577.05,562.9,577.05,150,,8250,weekly,2020-4-9T21:00:00.000,options,call
264,1586268480000,577.05,577.05,554.4,554.4,75,,8250,weekly,2020-4-9T21:00:00.000,options,call
265,1586268600000,554.4,554.4,541.0,541.0,150,,8250,weekly,2020-4-9T21:00:00.000,options,call
266,1586268720000,541.0,541.0,532.7,532.7,450,,8250,weekly,2020-4-9T21:00:00.000,options,call
267,1586268780000,532.7,546.1,532.7,546.1,150,,8250,weekly,2020-4-9T21:00:00.000,options,call
268,1586268960000,546.1,549.1,537.35,549.1,225,,8250,weekly,2020-4-9T21:00:00.000,options,call
269,1586269200000,549.1,553.55,549.1,553.55,75,,8250,weekly,2020-4-9T21:00:00.000,options,call
270,1586269380000,553.55,553.55,540.0,540.0,75,,8250,weekly,2020-4-9T21:00:00.000,options,call
271,1586269440000,540.0,540.0,539.3,539.3,600,,8250,weekly,2020-4-9T21:00:00.000,options,call
272,1586269620000,539.3,543.3,539.3,543.3,300,,8250,weekly,2020-4-9T21:00:00.000,options,call
273,1586269680000,543.3,543.3,525.0,525.0,225,,8250,weekly,2020-4-9T21:00:00.000,options,call
274,1586269740000,525.0,533.7,525.0,533.7,75,,8250,weekly,2020-4-9T21:00:00.000,options,call
275,1586269800000,533.7,547.4,533.7,547.4,600,,8250,weekly,2020-4-9T21:00:00.000,options,call
276,1586269860000,547.4,547.4,545.9,545.9,75,,8250,weekly,2020-4-9T21:00:00.000,options,call
277,1586270400000,545.9,568.25,545.9,568.25,150,,8250,weekly,2020-4-9T21:00:00.000,options,call
278,1586270520000,568.25,574.1,568.25,574.1,300,,8250,weekly,2020-4-9T21:00:00.000,options,call
279,1586270580000,574.1,578.35,574.1,578.35,75,,8250,weekly,2020-4-9T21:00:00.000,options,call
280,1586270640000,578.35,581.05,578.35,581.0,375,,8250,weekly,2020-4-9T21:00:00.000,options,call
281,1586270880000,581.0,592.3,581.0,592.3,225,,8250,weekly,2020-4-9T21:00:00.000,options,call
282,1586270940000,592.3,595.0,589.2,595.0,450,,8250,weekly,2020-4-9T21:00:00.000,options,call
283,1586271000000,595.0,595.0,592.0,592.0,75,,8250,weekly,2020-4-9T21:00:00.000,options,call
284,1586271120000,592.0,600.0,592.0,598.95,150,,8250,weekly,2020-4-9T21:00:00.000,options,call
285,1586271180000,598.95,603.6,598.95,601.65,150,,8250,weekly,2020-4-9T21:00:00.000,options,call
286,1586271240000,607.35,607.35,600.0,600.0,525,,8250,weekly,2020-4-9T21:00:00.000,options,call
287,1586271300000,603.0,603.0,587.85,587.85,300,,8250,weekly,2020-4-9T21:00:00.000,options,call
288,1586271420000,591.4,594.8,591.4,591.75,1350,,8250,weekly,2020-4-9T21:00:00.000,options,call
289,1586271660000,591.75,611.0,591.75,611.0,150,,8250,weekly,2020-4-9T21:00:00.000,options,call
290,1586271900000,611.0,642.6,611.0,630.4,150,,8250,weekly,2020-4-9T21:00:00.000,options,call
291,1586271960000,630.4,630.4,626.6,626.6,75,,8250,weekly,2020-4-9T21:00:00.000,options,call
292,1586272260000,626.6,626.6,617.95,617.95,2925,,8250,weekly,2020-4-9T21:00:00.000,options,call
293,1586272440000,617.95,631.7,617.95,631.65,150,,8250,weekly,2020-4-9T21:00:00.000,options,call
294,1586272500000,631.65,631.65,630.45,630.45,75,,8250,weekly,2020-4-9T21:00:00.000,options,call
295,1586272620000,630.45,630.45,626.2,626.2,75,,8250,weekly,2020-4-9T21:00:00.000,options,call
296,1586272680000,626.2,626.2,626.2,626.2,300,,8250,weekly,2020-4-9T21:00:00.000,options,call
297,1586272800000,626.2,626.2,620.95,620.95,75,,8250,weekly,2020-4-9T21:00:00.000,options,call
298,1586272860000,620.95,626.25,620.95,626.25,150,,8250,weekly,2020-4-9T21:00:00.000,options,call
299,1586273100000,626.25,626.25,601.15,601.35,600,,8250,weekly,2020-4-9T21:00:00.000,options,call
300,1586273220000,601.35,616.8,601.35,616.8,1425,,8250,weekly,2020-4-9T21:00:00.000,options,call
301,1586273340000,616.8,616.8,613.95,613.95,150,,8250,weekly,2020-4-9T21:00:00.000,options,call
