,timestamp,open,high,low,close,volume,open_interest,strike,expiry_type,expiry,instrument,contract_type
0,1636535700000,39.9,39.9,24.9,28.9,785250,4589350,18100,weekly,2021-11-11T21:00:00.000,options,call
1,1636535760000,28.7,28.7,24.95,27.9,697600,4589350,18100,weekly,2021-11-11T21:00:00.000,options,call
2,1636535820000,27.75,28.25,24.7,25.55,668850,4803550,18100,weekly,2021-11-11T21:00:00.000,options,call
3,1636535880000,25.3,26.45,24.8,25.25,483700,4803550,18100,weekly,2021-11-11T21:00:00.000,options,call
4,1636535940000,25.35,26.15,24.5,24.5,641000,4803550,18100,weekly,2021-11-11T21:00:00.000,options,call
5,1636536000000,24.4,25.55,23.25,23.75,680800,5080850,18100,weekly,2021-11-11T21:00:00.000,options,call
6,1636536060000,23.55,24.95,22.7,24.65,486950,5080850,18100,weekly,2021-11-11T21:00:00.000,options,call
7,1636536120000,24.55,25.8,23.6,25.0,448700,5080850,18100,weekly,2021-11-11T21:00:00.000,options,call
8,1636536180000,24.95,26.65,24.9,26.65,329300,5269600,18100,weekly,2021-11-11T21:00:00.000,options,call
9,1636536240000,26.55,26.65,25.95,26.45,370250,5269600,18100,weekly,2021-11-11T21:00:00.000,options,call
10,1636536300000,26.35,26.35,24.25,24.95,478250,5269600,18100,weekly,2021-11-11T21:00:00.000,options,call
11,1636536360000,25.0,25.6,24.4,25.4,300200,5555000,18100,weekly,2021-11-11T21:00:00.000,options,call
12,1636536420000,25.4,26.3,24.85,26.25,255800,5555000,18100,weekly,2021-11-11T21:00:00.000,options,call
13,1636536480000,26.15,26.85,25.4,26.75,239400,5555000,18100,weekly,2021-11-11T21:00:00.000,options,call
14,1636536540000,26.8,27.4,25.85,26.8,255700,5641400,18100,weekly,2021-11-11T21:00:00.000,options,call
15,1636536600000,26.95,28.05,26.6,27.7,289150,5641400,18100,weekly,2021-11-11T21:00:00.000,options,call
16,1636536660000,27.75,27.95,26.9,27.6,250500,5641400,18100,weekly,2021-11-11T21:00:00.000,options,call
17,1636536720000,27.65,27.7,26.25,27.35,234400,5741900,18100,weekly,2021-11-11T21:00:00.000,options,call
18,1636536780000,27.4,27.4,26.05,26.3,208450,5741900,18100,weekly,2021-11-11T21:00:00.000,options,call
19,1636536840000,26.35,26.35,24.7,25.95,301350,5741900,18100,weekly,2021-11-11T21:00:00.000,options,call
20,1636536900000,26.2,26.4,25.3,25.35,199850,5827250,18100,weekly,2021-11-11T21:00:00.000,options,call
21,1636536960000,25.4,26.8,25.25,26.6,143900,5827250,18100,weekly,2021-11-11T21:00:00.000,options,call
22,1636537020000,26.6,27.5,26.35,27.1,171750,5827250,18100,weekly,2021-11-11T21:00:00.000,options,call
23,1636537080000,27.25,28.0,26.45,26.5,241400,5857000,18100,weekly,2021-11-11T21:00:00.000,options,call
24,1636537140000,26.45,27.6,26.45,27.4,189950,5857000,18100,weekly,2021-11-11T21:00:00.000,options,call
25,1636537200000,27.5,27.9,26.95,27.4,208200,5857000,18100,weekly,2021-11-11T21:00:00.000,options,call
26,1636537260000,27.45,27.45,25.95,26.0,222650,5899950,18100,weekly,2021-11-11T21:00:00.000,options,call
27,1636537320000,26.35,26.4,25.3,25.45,212200,5899950,18100,weekly,2021-11-11T21:00:00.000,options,call
28,1636537380000,25.55,25.75,24.25,24.45,339250,5899950,18100,weekly,2021-11-11T21:00:00.000,options,call
29,1636537440000,24.5,25.1,24.0,25.0,227950,6015500,18100,weekly,2021-11-11T21:00:00.000,options,call
30,1636537500000,24.9,24.9,22.85,23.6,390500,6015500,18100,weekly,2021-11-11T21:00:00.000,options,call
31,1636537560000,23.7,24.35,23.2,23.7,257300,6015500,18100,weekly,2021-11-11T21:00:00.000,options,call
32,1636537620000,23.6,24.3,23.55,24.3,161300,6105700,18100,weekly,2021-11-11T21:00:00.000,options,call
33,1636537680000,24.25,25.1,24.05,25.0,223350,6105700,18100,weekly,2021-11-11T21:00:00.000,options,call
34,1636537740000,24.95,25.4,24.65,24.65,180200,6105700,18100,weekly,2021-11-11T21:00:00.000,options,call
35,1636537800000,24.65,25.5,24.55,25.2,199600,6150800,18100,weekly,2021-11-11T21:00:00.000,options,call
36,1636537860000,25.2,25.75,24.4,24.9,210650,6150800,18100,weekly,2021-11-11T21:00:00.000,options,call
37,1636537920000,24.9,25.5,24.7,25.05,172500,6150800,18100,weekly,2021-11-11T21:00:00.000,options,call
38,1636537980000,25.0,25.25,23.5,23.75,203150,6224600,18100,weekly,2021-11-11T21:00:00.000,options,call
39,1636538040000,24.1,24.6,23.45,23.7,209050,6224600,18100,weekly,2021-11-11T21:00:00.000,options,call
40,1636538100000,23.85,24.1,23.35,24.0,205050,6224600,18100,weekly,2021-11-11T21:00:00.000,options,call
41,1636538160000,23.9,25.3,23.9,25.25,185050,6240350,18100,weekly,2021-11-11T21:00:00.000,options,call
42,1636538220000,25.3,25.45,24.35,25.15,182550,6240350,18100,weekly,2021-11-11T21:00:00.000,options,call
43,1636538280000,25.05,25.2,24.65,24.95,160050,6240350,18100,weekly,2021-11-11T21:00:00.000,options,call
44,1636538340000,25.0,25.0,23.4,24.35,222200,6257700,18100,weekly,2021-11-11T21:00:00.000,options,call
45,1636538400000,24.15,24.2,23.3,23.9,139400,6257700,18100,weekly,2021-11-11T21:00:00.000,options,call
46,1636538460000,24.05,24.5,23.65,24.25,104600,6257700,18100,weekly,2021-11-11T21:00:00.000,options,call
47,1636538520000,24.25,24.75,24.25,24.45,101250,6322100,18100,weekly,2021-11-11T21:00:00.000,options,call
48,1636538580000,24.35,24.9,24.0,24.85,114950,6322100,18100,weekly,2021-11-11T21:00:00.000,options,call
49,1636538640000,24.9,25.95,24.75,25.4,240700,6322100,18100,weekly,2021-11-11T21:00:00.000,options,call
50,1636538700000,25.55,25.85,24.8,25.4,157900,6318250,18100,weekly,2021-11-11T21:00:00.000,options,call
51,1636538760000,25.55,26.1,25.55,25.9,163800,6318250,18100,weekly,2021-11-11T21:00:00.000,options,call
52,1636538820000,25.95,27.5,25.95,26.75,353750,6318250,18100,weekly,2021-11-11T21:00:00.000,options,call
53,1636538880000,26.85,27.0,25.85,26.5,206000,6321450,18100,weekly,2021-11-11T21:00:00.000,options,call
54,1636538940000,26.6,27.35,25.3,26.1,228650,6321450,18100,weekly,2021-11-11T21:00:00.000,options,call
55,1636539000000,26.1,26.3,24.7,24.7,166600,6321450,18100,weekly,2021-11-11T21:00:00.000,options,call
56,1636539060000,24.75,25.2,24.7,24.9,103100,6351500,18100,weekly,2021-11-11T21:00:00.000,options,call
57,1636539120000,25.0,25.8,24.05,25.6,158050,6351500,18100,weekly,2021-11-11T21:00:00.000,options,call
58,1636539180000,25.45,26.65,25.4,25.95,131900,6351500,18100,weekly,2021-11-11T21:00:00.000,options,call
59,1636539240000,26.0,26.2,25.1,25.5,121750,6352800,18100,weekly,2021-11-11T21:00:00.000,options,call
60,1636539300000,25.5,25.95,25.25,25.7,86050,6352800,18100,weekly,2021-11-11T21:00:00.000,options,call
61,1636539360000,25.6,25.75,24.5,24.65,119050,6352800,18100,weekly,2021-11-11T21:00:00.000,options,call
62,1636539420000,24.6,24.6,23.6,24.05,186550,6368600,18100,weekly,2021-11-11T21:00:00.000,options,call
63,1636539480000,24.05,25.2,23.95,25.2,124800,6368600,18100,weekly,2021-11-11T21:00:00.000,options,call
64,1636539540000,25.35,25.35,24.6,25.0,80250,6368600,18100,weekly,2021-11-11T21:00:00.000,options,call
65,1636539600000,25.05,25.05,24.1,24.9,89250,6395550,18100,weekly,2021-11-11T21:00:00.000,options,call
66,1636539660000,25.0,25.25,24.3,24.65,79100,6395550,18100,weekly,2021-11-11T21:00:00.000,options,call
67,1636539720000,24.7,25.3,24.4,25.05,85300,6395550,18100,weekly,2021-11-11T21:00:00.000,options,call
68,1636539780000,25.15,25.45,24.75,24.9,60750,6400650,18100,weekly,2021-11-11T21:00:00.000,options,call
69,1636539840000,24.85,25.15,24.1,25.05,88600,6400650,18100,weekly,2021-11-11T21:00:00.000,options,call
70,1636539900000,25.05,25.9,24.95,25.7,117350,6400650,18100,weekly,2021-11-11T21:00:00.000,options,call
71,1636539960000,25.65,25.85,24.85,25.0,81300,6420800,18100,weekly,2021-11-11T21:00:00.000,options,call
72,1636540020000,25.0,25.95,24.6,25.85,139150,6420800,18100,weekly,2021-11-11T21:00:00.000,options,call
73,1636540080000,25.7,25.85,24.5,24.85,115900,6420800,18100,weekly,2021-11-11T21:00:00.000,options,call
74,1636540140000,24.8,24.9,24.05,24.4,101750,6455300,18100,weekly,2021-11-11T21:00:00.000,options,call
75,1636540200000,24.4,25.3,24.25,25.25,77400,6455300,18100,weekly,2021-11-11T21:00:00.000,options,call
76,1636540260000,25.4,26.0,25.15,25.9,155850,6455300,18100,weekly,2021-11-11T21:00:00.000,options,call
77,1636540320000,25.9,26.15,25.0,25.7,146100,6452700,18100,weekly,2021-11-11T21:00:00.000,options,call
78,1636540380000,25.75,25.9,24.95,25.2,96950,6452700,18100,weekly,2021-11-11T21:00:00.000,options,call
79,1636540440000,25.25,25.3,24.15,24.25,116700,6452700,18100,weekly,2021-11-11T21:00:00.000,options,call
80,1636540500000,24.15,24.15,22.35,22.5,347150,6511850,18100,weekly,2021-11-11T21:00:00.000,options,call
81,1636540560000,22.65,23.5,22.4,23.45,214800,6511850,18100,weekly,2021-11-11T21:00:00.000,options,call
82,1636540620000,23.45,23.55,23.0,23.05,109750,6511850,18100,weekly,2021-11-11T21:00:00.000,options,call
83,1636540680000,22.95,23.5,22.75,23.35,107150,6557750,18100,weekly,2021-11-11T21:00:00.000,options,call
84,1636540740000,23.3,23.8,23.0,23.65,78900,6557750,18100,weekly,2021-11-11T21:00:00.000,options,call
85,1636540800000,23.45,23.5,22.7,22.9,101450,6557750,18100,weekly,2021-11-11T21:00:00.000,options,call
86,1636540860000,22.95,23.2,22.8,23.0,58850,6601350,18100,weekly,2021-11-11T21:00:00.000,options,call
87,1636540920000,22.95,23.15,22.45,23.1,163100,6601350,18100,weekly,2021-11-11T21:00:00.000,options,call
88,1636540980000,23.1,23.15,22.5,22.5,93600,6601350,18100,weekly,2021-11-11T21:00:00.000,options,call
89,1636541040000,22.65,22.8,22.0,22.6,144200,6640150,18100,weekly,2021-11-11T21:00:00.000,options,call
90,1636541100000,22.55,22.6,21.0,21.25,235400,6640150,18100,weekly,2021-11-11T21:00:00.000,options,call
91,1636541160000,21.4,21.75,20.45,21.75,253300,6640150,18100,weekly,2021-11-11T21:00:00.000,options,call
92,1636541220000,21.6,22.4,21.45,22.2,146800,6624600,18100,weekly,2021-11-11T21:00:00.000,options,call
93,1636541280000,22.3,23.0,22.1,23.0,127400,6624600,18100,weekly,2021-11-11T21:00:00.000,options,call
94,1636541340000,22.95,23.2,22.55,23.0,143250,6624600,18100,weekly,2021-11-11T21:00:00.000,options,call
95,1636541400000,23.0,23.05,22.25,22.45,108350,6625150,18100,weekly,2021-11-11T21:00:00.000,options,call
96,1636541460000,22.3,22.75,22.2,22.7,87550,6625150,18100,weekly,2021-11-11T21:00:00.000,options,call
97,1636541520000,22.75,22.8,21.65,22.15,134000,6625150,18100,weekly,2021-11-11T21:00:00.000,options,call
98,1636541580000,22.1,22.1,21.45,21.8,119100,6652000,18100,weekly,2021-11-11T21:00:00.000,options,call
99,1636541640000,21.8,22.6,21.6,22.3,76050,6652000,18100,weekly,2021-11-11T21:00:00.000,options,call
100,1636541700000,22.3,22.55,22.0,22.25,61000,6652000,18100,weekly,2021-11-11T21:00:00.000,options,call
101,1636541760000,22.25,22.75,22.1,22.55,61300,6652550,18100,weekly,2021-11-11T21:00:00.000,options,call
102,1636541820000,22.65,22.65,22.2,22.5,46300,6652550,18100,weekly,2021-11-11T21:00:00.000,options,call
103,1636541880000,22.45,22.8,22.25,22.5,64600,6652550,18100,weekly,2021-11-11T21:00:00.000,options,call
104,1636541940000,22.45,22.95,22.1,22.1,92200,6642100,18100,weekly,2021-11-11T21:00:00.000,options,call
105,1636542000000,22.15,22.2,21.8,22.1,77350,6642100,18100,weekly,2021-11-11T21:00:00.000,options,call
106,1636542060000,22.15,23.05,22.0,23.0,118400,6642100,18100,weekly,2021-11-11T21:00:00.000,options,call
107,1636542120000,23.0,23.45,22.9,22.95,146600,6625100,18100,weekly,2021-11-11T21:00:00.000,options,call
108,1636542180000,23.1,23.5,22.8,23.5,132900,6625100,18100,weekly,2021-11-11T21:00:00.000,options,call
109,1636542240000,23.45,23.55,22.9,23.15,107700,6625100,18100,weekly,2021-11-11T21:00:00.000,options,call
110,1636542300000,23.15,24.35,22.75,24.25,167350,6580250,18100,weekly,2021-11-11T21:00:00.000,options,call
111,1636542360000,24.4,24.75,23.45,24.1,160800,6580250,18100,weekly,2021-11-11T21:00:00.000,options,call
112,1636542420000,24.15,24.5,23.6,24.0,100050,6580250,18100,weekly,2021-11-11T21:00:00.000,options,call
113,1636542480000,24.0,24.2,23.15,23.15,67800,6579000,18100,weekly,2021-11-11T21:00:00.000,options,call
114,1636542540000,23.05,23.35,22.65,23.1,80100,6579000,18100,weekly,2021-11-11T21:00:00.000,options,call
115,1636542600000,23.15,24.25,22.85,24.1,136950,6579000,18100,weekly,2021-11-11T21:00:00.000,options,call
116,1636542660000,24.05,24.15,23.2,24.0,68300,6537750,18100,weekly,2021-11-11T21:00:00.000,options,call
117,1636542720000,24.1,24.25,23.7,23.8,65600,6537750,18100,weekly,2021-11-11T21:00:00.000,options,call
118,1636542780000,23.75,24.4,23.7,24.3,68900,6537750,18100,weekly,2021-11-11T21:00:00.000,options,call
119,1636542840000,24.25,24.9,24.2,24.7,133900,6505100,18100,weekly,2021-11-11T21:00:00.000,options,call
120,1636542900000,24.7,25.7,24.7,25.3,267550,6505100,18100,weekly,2021-11-11T21:00:00.000,options,call
121,1636542960000,25.2,26.0,24.55,25.75,200700,6505100,18100,weekly,2021-11-11T21:00:00.000,options,call
122,1636543020000,25.7,25.9,24.55,25.2,176150,6489900,18100,weekly,2021-11-11T21:00:00.000,options,call
123,1636543080000,25.1,25.35,24.25,24.85,87950,6489900,18100,weekly,2021-11-11T21:00:00.000,options,call
124,1636543140000,25.1,25.45,25.05,25.35,86600,6489900,18100,weekly,2021-11-11T21:00:00.000,options,call
125,1636543200000,25.35,26.0,24.75,25.4,151150,6486050,18100,weekly,2021-11-11T21:00:00.000,options,call
126,1636543260000,25.4,25.65,23.6,23.65,171300,6486050,18100,weekly,2021-11-11T21:00:00.000,options,call
127,1636543320000,23.45,24.5,23.45,24.5,79150,6486050,18100,weekly,2021-11-11T21:00:00.000,options,call
128,1636543380000,24.5,25.0,24.2,24.8,69000,6486050,18100,weekly,2021-11-11T21:00:00.000,options,call
129,1636543440000,24.8,24.85,24.2,24.55,62650,6476200,18100,weekly,2021-11-11T21:00:00.000,options,call
130,1636543500000,24.5,24.95,24.3,24.3,44050,6476200,18100,weekly,2021-11-11T21:00:00.000,options,call
131,1636543560000,24.3,24.6,23.3,23.45,131100,6476200,18100,weekly,2021-11-11T21:00:00.000,options,call
132,1636543620000,23.5,23.9,22.85,22.85,104450,6483200,18100,weekly,2021-11-11T21:00:00.000,options,call
133,1636543680000,22.85,23.4,22.8,23.1,98750,6483200,18100,weekly,2021-11-11T21:00:00.000,options,call
134,1636543740000,23.1,23.3,22.9,23.15,69500,6483200,18100,weekly,2021-11-11T21:00:00.000,options,call
135,1636543800000,23.0,23.1,22.15,22.75,105650,6492400,18100,weekly,2021-11-11T21:00:00.000,options,call
136,1636543860000,22.7,23.3,22.45,23.0,93800,6492400,18100,weekly,2021-11-11T21:00:00.000,options,call
137,1636543920000,23.05,23.05,21.85,22.45,129800,6492400,18100,weekly,2021-11-11T21:00:00.000,options,call
138,1636543980000,22.45,23.35,22.45,23.1,159300,6519800,18100,weekly,2021-11-11T21:00:00.000,options,call
139,1636544040000,23.15,23.4,22.9,23.3,66100,6519800,18100,weekly,2021-11-11T21:00:00.000,options,call
140,1636544100000,23.4,23.45,23.0,23.2,43300,6519800,18100,weekly,2021-11-11T21:00:00.000,options,call
141,1636544160000,23.25,23.85,22.95,23.65,81500,6500600,18100,weekly,2021-11-11T21:00:00.000,options,call
142,1636544220000,23.55,23.95,23.1,23.7,96100,6500600,18100,weekly,2021-11-11T21:00:00.000,options,call
143,1636544280000,23.7,24.3,23.7,23.85,104150,6500600,18100,weekly,2021-11-11T21:00:00.000,options,call
144,1636544340000,23.9,23.9,23.2,23.55,42600,6499750,18100,weekly,2021-11-11T21:00:00.000,options,call
145,1636544400000,23.55,24.6,23.55,24.35,114500,6499750,18100,weekly,2021-11-11T21:00:00.000,options,call
146,1636544460000,24.25,24.45,24.0,24.1,45300,6499750,18100,weekly,2021-11-11T21:00:00.000,options,call
147,1636544520000,24.2,24.65,23.8,24.0,64100,6476800,18100,weekly,2021-11-11T21:00:00.000,options,call
148,1636544580000,24.4,24.4,23.35,23.55,62600,6476800,18100,weekly,2021-11-11T21:00:00.000,options,call
149,1636544640000,23.35,23.7,23.15,23.7,51400,6476800,18100,weekly,2021-11-11T21:00:00.000,options,call
150,1636544700000,23.55,23.7,23.0,23.7,47600,6474250,18100,weekly,2021-11-11T21:00:00.000,options,call
151,1636544760000,23.7,23.7,23.1,23.6,66150,6474250,18100,weekly,2021-11-11T21:00:00.000,options,call
152,1636544820000,23.5,23.65,23.0,23.0,45500,6474250,18100,weekly,2021-11-11T21:00:00.000,options,call
153,1636544880000,23.05,24.15,23.05,23.95,59950,6492350,18100,weekly,2021-11-11T21:00:00.000,options,call
154,1636544940000,24.1,24.9,23.95,24.9,104850,6492350,18100,weekly,2021-11-11T21:00:00.000,options,call
155,1636545000000,24.9,24.95,23.15,23.2,112300,6492350,18100,weekly,2021-11-11T21:00:00.000,options,call
156,1636545060000,23.2,23.35,22.1,22.7,151350,6502550,18100,weekly,2021-11-11T21:00:00.000,options,call
157,1636545120000,22.7,23.35,22.7,22.9,56750,6502550,18100,weekly,2021-11-11T21:00:00.000,options,call
158,1636545180000,22.8,23.2,22.55,22.9,58700,6502550,18100,weekly,2021-11-11T21:00:00.000,options,call
159,1636545240000,22.85,23.0,22.4,22.4,72050,6503050,18100,weekly,2021-11-11T21:00:00.000,options,call
160,1636545300000,22.45,22.65,21.7,21.8,164950,6503050,18100,weekly,2021-11-11T21:00:00.000,options,call
161,1636545360000,21.75,21.95,21.1,21.1,190300,6503050,18100,weekly,2021-11-11T21:00:00.000,options,call
162,1636545420000,21.1,21.85,20.65,21.7,268400,6540350,18100,weekly,2021-11-11T21:00:00.000,options,call
163,1636545480000,21.7,22.0,21.45,21.75,86750,6540350,18100,weekly,2021-11-11T21:00:00.000,options,call
164,1636545540000,21.8,22.15,21.5,21.95,92350,6540350,18100,weekly,2021-11-11T21:00:00.000,options,call
165,1636545600000,21.85,22.1,21.35,21.5,73000,6512450,18100,weekly,2021-11-11T21:00:00.000,options,call
166,1636545660000,21.5,21.7,20.75,21.05,99450,6512450,18100,weekly,2021-11-11T21:00:00.000,options,call
167,1636545720000,21.0,21.6,21.0,21.3,93050,6512450,18100,weekly,2021-11-11T21:00:00.000,options,call
168,1636545840000,21.4,21.5,21.1,21.35,29250,6512650,18100,weekly,2021-11-11T21:00:00.000,options,call
169,1636545900000,21.35,21.35,20.8,21.05,93100,6512650,18100,weekly,2021-11-11T21:00:00.000,options,call
170,1636545960000,21.2,21.55,21.05,21.5,81850,6512850,18100,weekly,2021-11-11T21:00:00.000,options,call
171,1636546020000,21.45,22.1,21.35,21.75,121250,6512850,18100,weekly,2021-11-11T21:00:00.000,options,call
172,1636546080000,21.9,22.35,21.8,22.35,80750,6512850,18100,weekly,2021-11-11T21:00:00.000,options,call
173,1636546140000,22.35,22.4,21.85,22.25,70200,6487000,18100,weekly,2021-11-11T21:00:00.000,options,call
174,1636546200000,22.25,22.4,22.1,22.25,48250,6487000,18100,weekly,2021-11-11T21:00:00.000,options,call
175,1636546260000,22.15,22.2,21.85,21.95,57900,6487000,18100,weekly,2021-11-11T21:00:00.000,options,call
176,1636546320000,22.05,22.25,21.7,21.95,90900,6486050,18100,weekly,2021-11-11T21:00:00.000,options,call
177,1636546380000,22.0,22.2,21.55,21.6,61750,6486050,18100,weekly,2021-11-11T21:00:00.000,options,call
178,1636546440000,21.8,22.15,21.45,21.8,92950,6486050,18100,weekly,2021-11-11T21:00:00.000,options,call
179,1636546500000,21.75,22.0,21.5,21.65,98350,6512800,18100,weekly,2021-11-11T21:00:00.000,options,call
180,1636546560000,21.8,21.85,21.4,21.7,40600,6512800,18100,weekly,2021-11-11T21:00:00.000,options,call
181,1636546620000,21.7,21.75,20.95,21.0,81650,6512800,18100,weekly,2021-11-11T21:00:00.000,options,call
182,1636546680000,21.0,21.05,20.3,20.8,98500,6529000,18100,weekly,2021-11-11T21:00:00.000,options,call
183,1636546740000,20.55,21.5,20.55,21.35,73300,6529000,18100,weekly,2021-11-11T21:00:00.000,options,call
184,1636546800000,21.35,22.8,21.35,22.2,251450,6529000,18100,weekly,2021-11-11T21:00:00.000,options,call
185,1636546860000,22.1,26.2,22.1,26.2,541500,6502400,18100,weekly,2021-11-11T21:00:00.000,options,call
186,1636546920000,25.8,29.0,24.65,28.0,695400,6502400,18100,weekly,2021-11-11T21:00:00.000,options,call
187,1636546980000,27.95,28.2,25.65,26.3,376900,6502400,18100,weekly,2021-11-11T21:00:00.000,options,call
188,1636547040000,26.5,27.0,25.45,25.45,205950,6287500,18100,weekly,2021-11-11T21:00:00.000,options,call
189,1636547100000,25.35,26.3,25.35,26.05,187500,6287500,18100,weekly,2021-11-11T21:00:00.000,options,call
190,1636547160000,26.15,26.9,26.15,26.35,145450,6287500,18100,weekly,2021-11-11T21:00:00.000,options,call
191,1636547220000,26.3,26.85,24.75,25.15,174900,6319700,18100,weekly,2021-11-11T21:00:00.000,options,call
192,1636547280000,25.25,25.6,24.35,24.85,162200,6319700,18100,weekly,2021-11-11T21:00:00.000,options,call
193,1636547340000,24.8,25.9,24.7,25.15,120800,6319700,18100,weekly,2021-11-11T21:00:00.000,options,call
194,1636547400000,25.45,25.85,24.25,24.45,113550,6292600,18100,weekly,2021-11-11T21:00:00.000,options,call
195,1636547460000,23.7,24.1,22.7,23.55,210250,6292600,18100,weekly,2021-11-11T21:00:00.000,options,call
196,1636547520000,23.55,23.65,22.6,23.2,114650,6292600,18100,weekly,2021-11-11T21:00:00.000,options,call
197,1636547580000,23.35,24.0,23.1,23.65,90100,6283400,18100,weekly,2021-11-11T21:00:00.000,options,call
198,1636547640000,23.5,23.7,23.0,23.1,81600,6283400,18100,weekly,2021-11-11T21:00:00.000,options,call
199,1636547700000,23.0,24.35,23.0,24.0,88900,6283400,18100,weekly,2021-11-11T21:00:00.000,options,call
200,1636547760000,23.9,24.5,23.8,24.1,83050,6300500,18100,weekly,2021-11-11T21:00:00.000,options,call
201,1636547820000,24.1,24.45,23.65,24.3,95500,6300500,18100,weekly,2021-11-11T21:00:00.000,options,call
202,1636547880000,24.45,25.45,24.35,25.2,141750,6300500,18100,weekly,2021-11-11T21:00:00.000,options,call
203,1636547940000,25.15,25.35,24.5,25.35,137400,6291300,18100,weekly,2021-11-11T21:00:00.000,options,call
204,1636548000000,25.4,25.5,24.85,25.3,101450,6291300,18100,weekly,2021-11-11T21:00:00.000,options,call
205,1636548060000,25.4,25.45,23.6,24.05,130050,6291300,18100,weekly,2021-11-11T21:00:00.000,options,call
206,1636548120000,24.1,24.5,23.6,24.35,65600,6283800,18100,weekly,2021-11-11T21:00:00.000,options,call
207,1636548180000,24.25,24.45,23.7,24.0,44900,6283800,18100,weekly,2021-11-11T21:00:00.000,options,call
208,1636548240000,23.95,24.05,22.8,22.85,160650,6283800,18100,weekly,2021-11-11T21:00:00.000,options,call
209,1636548300000,22.85,23.05,21.75,22.15,171000,6305450,18100,weekly,2021-11-11T21:00:00.000,options,call
210,1636548360000,22.15,22.75,21.7,21.85,106650,6305450,18100,weekly,2021-11-11T21:00:00.000,options,call
211,1636548420000,21.75,23.65,21.75,23.65,122900,6305450,18100,weekly,2021-11-11T21:00:00.000,options,call
212,1636548480000,23.7,25.2,23.5,25.2,136350,6321250,18100,weekly,2021-11-11T21:00:00.000,options,call
213,1636548540000,25.25,25.25,24.5,25.0,124950,6321250,18100,weekly,2021-11-11T21:00:00.000,options,call
214,1636548600000,25.0,25.25,24.3,24.55,144700,6321250,18100,weekly,2021-11-11T21:00:00.000,options,call
215,1636548660000,24.6,24.6,23.2,23.4,87950,6337150,18100,weekly,2021-11-11T21:00:00.000,options,call
216,1636548720000,23.35,24.25,23.3,23.6,78050,6337150,18100,weekly,2021-11-11T21:00:00.000,options,call
217,1636548780000,23.65,23.95,23.35,23.5,61800,6337150,18100,weekly,2021-11-11T21:00:00.000,options,call
218,1636548840000,23.5,23.7,22.8,23.65,83700,6378150,18100,weekly,2021-11-11T21:00:00.000,options,call
219,1636548900000,23.65,23.8,23.1,23.5,48650,6378150,18100,weekly,2021-11-11T21:00:00.000,options,call
220,1636548960000,23.45,24.0,22.6,22.6,99100,6378150,18100,weekly,2021-11-11T21:00:00.000,options,call
221,1636549020000,22.65,23.5,22.6,23.1,70100,6383150,18100,weekly,2021-11-11T21:00:00.000,options,call
222,1636549080000,23.0,23.35,22.45,22.5,76550,6383150,18100,weekly,2021-11-11T21:00:00.000,options,call
223,1636549140000,22.6,22.65,18.3,18.85,603900,6383150,18100,weekly,2021-11-11T21:00:00.000,options,call
224,1636549200000,19.1,21.1,19.0,20.75,299800,6390250,18100,weekly,2021-11-11T21:00:00.000,options,call
225,1636549260000,20.7,21.4,20.55,21.0,142850,6390250,18100,weekly,2021-11-11T21:00:00.000,options,call
226,1636549320000,20.9,21.15,20.5,20.5,123150,6390250,18100,weekly,2021-11-11T21:00:00.000,options,call
227,1636549380000,20.5,22.0,20.5,21.7,171300,6410900,18100,weekly,2021-11-11T21:00:00.000,options,call
228,1636549440000,21.75,22.35,21.7,22.25,103100,6410900,18100,weekly,2021-11-11T21:00:00.000,options,call
229,1636549500000,22.05,22.45,21.4,21.8,91350,6410900,18100,weekly,2021-11-11T21:00:00.000,options,call
230,1636549560000,22.1,22.45,21.95,22.3,66650,6415650,18100,weekly,2021-11-11T21:00:00.000,options,call
231,1636549620000,22.2,22.6,21.75,22.6,68800,6415650,18100,weekly,2021-11-11T21:00:00.000,options,call
232,1636549680000,22.65,23.6,22.6,22.8,204950,6415650,18100,weekly,2021-11-11T21:00:00.000,options,call
233,1636549740000,22.9,23.85,22.9,23.25,127800,6417600,18100,weekly,2021-11-11T21:00:00.000,options,call
234,1636549800000,23.35,23.6,22.4,23.3,94850,6417600,18100,weekly,2021-11-11T21:00:00.000,options,call
235,1636549860000,23.35,23.6,23.0,23.4,73950,6417600,18100,weekly,2021-11-11T21:00:00.000,options,call
236,1636549920000,23.4,23.6,22.7,23.0,68700,6434450,18100,weekly,2021-11-11T21:00:00.000,options,call
237,1636549980000,23.0,23.25,22.3,22.8,78950,6434450,18100,weekly,2021-11-11T21:00:00.000,options,call
238,1636550040000,23.0,25.25,22.9,24.9,292150,6434450,18100,weekly,2021-11-11T21:00:00.000,options,call
239,1636550100000,24.8,25.9,23.2,23.2,292900,6367000,18100,weekly,2021-11-11T21:00:00.000,options,call
240,1636550160000,23.25,23.85,22.7,23.0,119950,6367000,18100,weekly,2021-11-11T21:00:00.000,options,call
241,1636550220000,23.0,23.45,22.65,22.75,106900,6367000,18100,weekly,2021-11-11T21:00:00.000,options,call
242,1636550280000,22.8,23.75,22.4,23.6,105200,6421050,18100,weekly,2021-11-11T21:00:00.000,options,call
243,1636550340000,23.65,24.0,23.45,23.85,56700,6421050,18100,weekly,2021-11-11T21:00:00.000,options,call
244,1636550400000,23.8,24.8,23.8,24.6,141150,6421050,18100,weekly,2021-11-11T21:00:00.000,options,call
245,1636550460000,24.7,25.25,24.7,25.05,151150,6421400,18100,weekly,2021-11-11T21:00:00.000,options,call
246,1636550520000,25.1,25.1,22.5,22.5,290150,6421400,18100,weekly,2021-11-11T21:00:00.000,options,call
247,1636550580000,22.8,24.8,22.8,24.45,92550,6421400,18100,weekly,2021-11-11T21:00:00.000,options,call
248,1636550640000,24.5,24.6,23.45,23.55,63700,6428950,18100,weekly,2021-11-11T21:00:00.000,options,call
249,1636550700000,23.55,23.9,21.95,22.35,164500,6428950,18100,weekly,2021-11-11T21:00:00.000,options,call
250,1636550760000,22.3,23.3,22.3,22.95,99750,6428950,18100,weekly,2021-11-11T21:00:00.000,options,call
251,1636550820000,22.95,23.65,22.8,22.9,82250,6438350,18100,weekly,2021-11-11T21:00:00.000,options,call
252,1636550880000,23.2,23.5,22.9,23.3,47300,6438350,18100,weekly,2021-11-11T21:00:00.000,options,call
253,1636550940000,23.3,24.3,23.3,24.05,160550,6438350,18100,weekly,2021-11-11T21:00:00.000,options,call
254,1636551000000,24.0,28.1,23.95,27.5,424150,6402050,18100,weekly,2021-11-11T21:00:00.000,options,call
255,1636551060000,27.9,36.9,27.9,32.45,1428050,6402050,18100,weekly,2021-11-11T21:00:00.000,options,call
256,1636551120000,32.3,35.35,30.45,30.45,608300,6402050,18100,weekly,2021-11-11T21:00:00.000,options,call
257,1636551180000,29.9,30.65,28.1,29.1,526600,6004550,18100,weekly,2021-11-11T21:00:00.000,options,call
258,1636551240000,29.35,30.0,27.0,28.4,356600,6004550,18100,weekly,2021-11-11T21:00:00.000,options,call
259,1636551300000,28.4,31.45,28.2,31.45,342950,6004550,18100,weekly,2021-11-11T21:00:00.000,options,call
260,1636551360000,31.45,33.95,30.5,33.8,469850,6002050,18100,weekly,2021-11-11T21:00:00.000,options,call
261,1636551420000,33.9,34.25,32.0,33.25,371200,6002050,18100,weekly,2021-11-11T21:00:00.000,options,call
262,1636551480000,33.4,34.9,32.4,33.8,319150,6002050,18100,weekly,2021-11-11T21:00:00.000,options,call
263,1636551540000,33.9,40.0,33.3,39.45,690700,5921850,18100,weekly,2021-11-11T21:00:00.000,options,call
264,1636551600000,39.7,46.5,39.7,45.5,1146650,5921850,18100,weekly,2021-11-11T21:00:00.000,options,call
265,1636551660000,45.2,48.8,43.65,46.0,1009450,5921850,18100,weekly,2021-11-11T21:00:00.000,options,call
266,1636551720000,46.0,46.2,41.95,43.1,756450,5537850,18100,weekly,2021-11-11T21:00:00.000,options,call
267,1636551780000,43.85,43.85,39.5,40.95,519700,5537850,18100,weekly,2021-11-11T21:00:00.000,options,call
268,1636551840000,40.9,40.9,37.6,38.7,445600,5537850,18100,weekly,2021-11-11T21:00:00.000,options,call
269,1636551900000,38.8,43.1,38.8,42.15,527700,5506550,18100,weekly,2021-11-11T21:00:00.000,options,call
270,1636551960000,41.7,42.45,40.8,41.6,294250,5506550,18100,weekly,2021-11-11T21:00:00.000,options,call
271,1636552020000,41.65,42.25,40.65,40.75,234800,5506550,18100,weekly,2021-11-11T21:00:00.000,options,call
272,1636552080000,40.55,42.6,40.5,42.25,240500,5531100,18100,weekly,2021-11-11T21:00:00.000,options,call
273,1636552140000,42.15,44.3,40.95,43.85,322450,5531100,18100,weekly,2021-11-11T21:00:00.000,options,call
274,1636552200000,43.85,45.35,43.8,45.1,416050,5531100,18100,weekly,2021-11-11T21:00:00.000,options,call
275,1636552260000,44.95,51.0,44.6,49.9,759200,5456050,18100,weekly,2021-11-11T21:00:00.000,options,call
276,1636552320000,49.8,50.5,46.1,48.05,574450,5456050,18100,weekly,2021-11-11T21:00:00.000,options,call
277,1636552380000,48.25,50.6,47.55,48.25,531850,5456050,18100,weekly,2021-11-11T21:00:00.000,options,call
278,1636552440000,48.4,49.25,45.45,46.9,363750,5430250,18100,weekly,2021-11-11T21:00:00.000,options,call
279,1636552500000,46.6,47.1,43.85,44.1,383550,5430250,18100,weekly,2021-11-11T21:00:00.000,options,call
280,1636552560000,44.2,46.15,42.85,45.75,307450,5430250,18100,weekly,2021-11-11T21:00:00.000,options,call
281,1636552620000,45.7,48.8,45.15,47.85,345700,5357350,18100,weekly,2021-11-11T21:00:00.000,options,call
282,1636552680000,47.95,49.55,47.7,47.8,331600,5357350,18100,weekly,2021-11-11T21:00:00.000,options,call
283,1636552740000,47.2,48.65,46.45,46.45,274150,5357350,18100,weekly,2021-11-11T21:00:00.000,options,call
284,1636552800000,46.8,50.25,46.8,48.55,517750,5252200,18100,weekly,2021-11-11T21:00:00.000,options,call
285,1636552860000,48.75,52.0,46.65,51.75,482500,5252200,18100,weekly,2021-11-11T21:00:00.000,options,call
286,1636552920000,52.0,55.0,50.25,53.6,700700,5252200,18100,weekly,2021-11-11T21:00:00.000,options,call
287,1636552980000,53.25,57.2,52.7,54.9,736550,5142150,18100,weekly,2021-11-11T21:00:00.000,options,call
288,1636553040000,55.55,56.3,53.1,54.15,451800,5142150,18100,weekly,2021-11-11T21:00:00.000,options,call
289,1636553100000,54.35,54.55,49.8,51.45,465200,5142150,18100,weekly,2021-11-11T21:00:00.000,options,call
290,1636553160000,51.6,55.0,50.3,54.0,372550,5173800,18100,weekly,2021-11-11T21:00:00.000,options,call
291,1636553220000,53.8,54.45,51.2,51.7,395700,5173800,18100,weekly,2021-11-11T21:00:00.000,options,call
292,1636553280000,51.9,52.75,50.4,52.75,278200,5173800,18100,weekly,2021-11-11T21:00:00.000,options,call
293,1636553340000,51.9,54.95,51.15,53.95,439900,5223650,18100,weekly,2021-11-11T21:00:00.000,options,call
294,1636553400000,54.15,56.0,53.05,54.05,506650,5223650,18100,weekly,2021-11-11T21:00:00.000,options,call
295,1636553460000,53.9,54.15,51.25,52.4,365850,5223650,18100,weekly,2021-11-11T21:00:00.000,options,call
296,1636553520000,52.15,52.45,50.6,51.0,300850,5259600,18100,weekly,2021-11-11T21:00:00.000,options,call
297,1636553580000,49.8,51.8,49.55,51.05,347050,5259600,18100,weekly,2021-11-11T21:00:00.000,options,call
298,1636553640000,51.15,53.45,50.0,50.0,296300,5259600,18100,weekly,2021-11-11T21:00:00.000,options,call
299,1636553700000,49.75,51.15,47.05,47.3,405500,5260650,18100,weekly,2021-11-11T21:00:00.000,options,call
300,1636553760000,47.25,47.4,42.35,42.35,538250,5260650,18100,weekly,2021-11-11T21:00:00.000,options,call
301,1636553820000,41.9,45.3,41.1,43.55,518400,5260650,18100,weekly,2021-11-11T21:00:00.000,options,call
302,1636553880000,43.6,44.45,42.65,44.35,279200,5067850,18100,weekly,2021-11-11T21:00:00.000,options,call
303,1636553940000,44.6,46.8,44.5,46.25,266850,5067850,18100,weekly,2021-11-11T21:00:00.000,options,call
304,1636554000000,46.25,46.85,45.2,45.5,205650,5067850,18100,weekly,2021-11-11T21:00:00.000,options,call
305,1636554060000,45.4,45.75,44.2,44.2,189400,5076450,18100,weekly,2021-11-11T21:00:00.000,options,call
306,1636554120000,44.3,45.9,42.95,43.4,250500,5076450,18100,weekly,2021-11-11T21:00:00.000,options,call
307,1636554180000,43.45,43.45,40.75,42.1,336400,5076450,18100,weekly,2021-11-11T21:00:00.000,options,call
308,1636554240000,42.15,43.8,41.9,42.3,214750,5076250,18100,weekly,2021-11-11T21:00:00.000,options,call
309,1636554300000,42.2,44.75,41.7,44.75,186900,5076250,18100,weekly,2021-11-11T21:00:00.000,options,call
310,1636554360000,44.75,46.95,44.35,46.7,353250,5076250,18100,weekly,2021-11-11T21:00:00.000,options,call
311,1636554420000,46.65,47.1,45.65,46.35,210500,5087750,18100,weekly,2021-11-11T21:00:00.000,options,call
312,1636554480000,46.4,48.95,46.4,47.55,329950,5087750,18100,weekly,2021-11-11T21:00:00.000,options,call
313,1636554540000,47.9,48.25,45.05,46.0,225700,5087750,18100,weekly,2021-11-11T21:00:00.000,options,call
314,1636554600000,46.0,47.95,45.3,46.1,177850,5140950,18100,weekly,2021-11-11T21:00:00.000,options,call
315,1636554660000,46.15,47.85,45.7,47.5,162600,5140950,18100,weekly,2021-11-11T21:00:00.000,options,call
316,1636554720000,47.55,48.85,47.55,48.45,218700,5140950,18100,weekly,2021-11-11T21:00:00.000,options,call
317,1636554780000,48.45,48.45,46.4,47.1,166000,5166350,18100,weekly,2021-11-11T21:00:00.000,options,call
318,1636554840000,46.9,47.35,45.25,45.45,182950,5166350,18100,weekly,2021-11-11T21:00:00.000,options,call
319,1636554900000,45.25,47.4,44.65,44.65,204950,5166350,18100,weekly,2021-11-11T21:00:00.000,options,call
320,1636554960000,44.95,45.85,44.45,45.15,170650,5195850,18100,weekly,2021-11-11T21:00:00.000,options,call
321,1636555020000,45.15,45.35,42.65,44.1,233050,5195850,18100,weekly,2021-11-11T21:00:00.000,options,call
322,1636555080000,44.2,44.5,42.05,42.05,206750,5195850,18100,weekly,2021-11-11T21:00:00.000,options,call
323,1636555140000,41.8,42.2,33.8,34.5,807600,5099400,18100,weekly,2021-11-11T21:00:00.000,options,call
324,1636555200000,34.7,36.55,34.55,34.85,503050,5099400,18100,weekly,2021-11-11T21:00:00.000,options,call
325,1636555260000,35.0,36.8,34.55,36.15,349850,5099400,18100,weekly,2021-11-11T21:00:00.000,options,call
326,1636555320000,36.05,37.1,35.8,36.2,322650,5007250,18100,weekly,2021-11-11T21:00:00.000,options,call
327,1636555380000,36.25,36.6,30.75,30.85,441700,5007250,18100,weekly,2021-11-11T21:00:00.000,options,call
328,1636555440000,30.6,30.7,27.25,28.5,814250,5007250,18100,weekly,2021-11-11T21:00:00.000,options,call
329,1636555500000,28.55,28.6,25.7,28.55,725600,4899900,18100,weekly,2021-11-11T21:00:00.000,options,call
330,1636555560000,28.7,29.9,26.45,27.1,585150,4899900,18100,weekly,2021-11-11T21:00:00.000,options,call
331,1636555620000,26.95,28.75,26.8,27.6,344450,4899900,18100,weekly,2021-11-11T21:00:00.000,options,call
332,1636555680000,27.75,29.4,27.75,28.85,330850,5065700,18100,weekly,2021-11-11T21:00:00.000,options,call
333,1636555740000,29.0,30.3,26.45,30.15,470950,5065700,18100,weekly,2021-11-11T21:00:00.000,options,call
334,1636555800000,30.05,31.0,28.3,29.05,437900,5065700,18100,weekly,2021-11-11T21:00:00.000,options,call
335,1636555860000,29.05,29.05,26.5,26.5,347700,5166900,18100,weekly,2021-11-11T21:00:00.000,options,call
336,1636555920000,26.4,28.15,25.55,27.3,398350,5166900,18100,weekly,2021-11-11T21:00:00.000,options,call
337,1636555980000,27.2,27.65,26.65,27.2,255950,5166900,18100,weekly,2021-11-11T21:00:00.000,options,call
338,1636556040000,27.5,30.3,27.4,30.3,328300,5239950,18100,weekly,2021-11-11T21:00:00.000,options,call
339,1636556100000,30.25,33.55,30.2,32.2,502900,5239950,18100,weekly,2021-11-11T21:00:00.000,options,call
340,1636556160000,32.2,32.35,30.25,31.4,261000,5239950,18100,weekly,2021-11-11T21:00:00.000,options,call
341,1636556220000,31.25,32.05,30.9,31.95,54000,5239950,18100,weekly,2021-11-11T21:00:00.000,options,call
