,timestamp,open,high,low,close,volume,open_interest,strike,expiry_type,expiry,instrument,contract_type
0,1576574100000,219.7,221.15,219.7,221.1,120,,32300,weekly,2019-12-26T21:00:00.000,options,call
1,1576574160000,220.6,224.1,218.35,219.35,1040,,32300,weekly,2019-12-26T21:00:00.000,options,call
2,1576574220000,216.25,219.3,214.5,219.3,640,,32300,weekly,2019-12-26T21:00:00.000,options,call
3,1576574280000,222.7,222.7,212.25,217.1,980,,32300,weekly,2019-12-26T21:00:00.000,options,call
4,1576574340000,217.1,221.25,217.1,220.75,580,,32300,weekly,2019-12-26T21:00:00.000,options,call
5,1576574400000,220.75,228.15,220.0,220.0,1240,,32300,weekly,2019-12-26T21:00:00.000,options,call
6,1576574460000,220.9,226.0,218.9,223.15,1080,,32300,weekly,2019-12-26T21:00:00.000,options,call
7,1576574520000,225.45,230.0,224.4,224.9,400,,32300,weekly,2019-12-26T21:00:00.000,options,call
8,1576574580000,224.55,232.25,224.55,232.25,300,,32300,weekly,2019-12-26T21:00:00.000,options,call
9,1576574640000,231.85,233.7,231.0,231.0,620,,32300,weekly,2019-12-26T21:00:00.000,options,call
10,1576574700000,235.4,240.0,234.3,238.45,960,,32300,weekly,2019-12-26T21:00:00.000,options,call
11,1576574760000,238.65,239.0,228.6,233.0,1320,,32300,weekly,2019-12-26T21:00:00.000,options,call
12,1576574820000,235.0,238.0,235.0,238.0,1080,,32300,weekly,2019-12-26T21:00:00.000,options,call
13,1576574880000,238.6,242.35,238.6,239.45,880,,32300,weekly,2019-12-26T21:00:00.000,options,call
14,1576574940000,238.7,242.0,238.0,242.0,800,,32300,weekly,2019-12-26T21:00:00.000,options,call
15,1576575000000,245.0,247.9,245.0,247.7,1020,,32300,weekly,2019-12-26T21:00:00.000,options,call
16,1576575060000,247.95,250.0,247.65,249.25,320,,32300,weekly,2019-12-26T21:00:00.000,options,call
17,1576575120000,250.8,254.95,248.3,248.35,640,,32300,weekly,2019-12-26T21:00:00.000,options,call
18,1576575180000,249.0,249.0,247.0,247.0,180,,32300,weekly,2019-12-26T21:00:00.000,options,call
19,1576575240000,247.3,248.0,245.0,245.2,900,,32300,weekly,2019-12-26T21:00:00.000,options,call
20,1576575300000,245.0,247.25,245.0,247.25,360,,32300,weekly,2019-12-26T21:00:00.000,options,call
21,1576575360000,248.4,249.0,247.25,249.0,980,,32300,weekly,2019-12-26T21:00:00.000,options,call
22,1576575420000,248.45,249.95,247.85,249.85,360,,32300,weekly,2019-12-26T21:00:00.000,options,call
23,1576575480000,251.85,251.85,248.75,248.85,180,,32300,weekly,2019-12-26T21:00:00.000,options,call
24,1576575540000,250.5,256.8,250.5,253.95,420,,32300,weekly,2019-12-26T21:00:00.000,options,call
25,1576575600000,256.5,256.5,249.65,249.65,600,,32300,weekly,2019-12-26T21:00:00.000,options,call
26,1576575660000,250.85,255.0,250.4,255.0,280,,32300,weekly,2019-12-26T21:00:00.000,options,call
27,1576575720000,256.1,258.2,253.35,255.4,440,,32300,weekly,2019-12-26T21:00:00.000,options,call
28,1576575780000,254.2,255.0,251.15,251.15,1220,,32300,weekly,2019-12-26T21:00:00.000,options,call
29,1576575840000,251.85,252.7,250.75,251.35,340,,32300,weekly,2019-12-26T21:00:00.000,options,call
30,1576575900000,251.35,257.7,251.2,255.25,300,,32300,weekly,2019-12-26T21:00:00.000,options,call
31,1576575960000,256.25,265.6,255.75,262.2,1860,,32300,weekly,2019-12-26T21:00:00.000,options,call
32,1576576020000,262.4,264.5,262.4,263.4,380,,32300,weekly,2019-12-26T21:00:00.000,options,call
33,1576576080000,265.0,268.95,265.0,268.3,580,,32300,weekly,2019-12-26T21:00:00.000,options,call
34,1576576140000,268.0,270.0,266.35,268.65,660,,32300,weekly,2019-12-26T21:00:00.000,options,call
35,1576576200000,267.85,281.15,266.7,279.1,2840,,32300,weekly,2019-12-26T21:00:00.000,options,call
36,1576576260000,280.95,290.25,280.95,288.3,860,,32300,weekly,2019-12-26T21:00:00.000,options,call
37,1576576320000,288.9,288.9,284.1,285.0,480,,32300,weekly,2019-12-26T21:00:00.000,options,call
38,1576576380000,286.5,295.75,286.5,295.25,5860,,32300,weekly,2019-12-26T21:00:00.000,options,call
39,1576576440000,293.95,303.15,293.95,294.0,5520,,32300,weekly,2019-12-26T21:00:00.000,options,call
40,1576576500000,294.0,295.0,285.55,285.55,1120,,32300,weekly,2019-12-26T21:00:00.000,options,call
41,1576576560000,285.2,285.5,281.0,282.6,1220,,32300,weekly,2019-12-26T21:00:00.000,options,call
42,1576576620000,283.0,283.0,275.55,276.95,400,,32300,weekly,2019-12-26T21:00:00.000,options,call
43,1576576680000,275.95,285.15,275.95,285.1,440,,32300,weekly,2019-12-26T21:00:00.000,options,call
44,1576576740000,285.55,289.0,285.4,285.4,500,,32300,weekly,2019-12-26T21:00:00.000,options,call
45,1576576800000,289.1,289.1,282.3,282.3,260,,32300,weekly,2019-12-26T21:00:00.000,options,call
46,1576576860000,285.1,285.1,280.0,280.0,260,,32300,weekly,2019-12-26T21:00:00.000,options,call
47,1576576920000,276.35,281.55,276.35,281.55,180,,32300,weekly,2019-12-26T21:00:00.000,options,call
48,1576576980000,282.25,282.25,279.15,279.5,100,,32300,weekly,2019-12-26T21:00:00.000,options,call
49,1576577040000,279.75,285.0,278.55,285.0,120,,32300,weekly,2019-12-26T21:00:00.000,options,call
50,1576577100000,285.5,292.0,285.5,291.7,440,,32300,weekly,2019-12-26T21:00:00.000,options,call
51,1576577160000,287.65,287.65,282.95,284.45,160,,32300,weekly,2019-12-26T21:00:00.000,options,call
52,1576577220000,282.85,283.6,278.9,282.9,600,,32300,weekly,2019-12-26T21:00:00.000,options,call
53,1576577280000,282.0,282.0,279.55,279.55,320,,32300,weekly,2019-12-26T21:00:00.000,options,call
54,1576577340000,282.0,287.35,282.0,284.3,300,,32300,weekly,2019-12-26T21:00:00.000,options,call
55,1576577400000,284.65,286.0,284.65,285.5,200,,32300,weekly,2019-12-26T21:00:00.000,options,call
56,1576577460000,289.8,289.8,289.0,289.0,300,,32300,weekly,2019-12-26T21:00:00.000,options,call
57,1576577520000,288.45,288.45,285.0,285.0,40,,32300,weekly,2019-12-26T21:00:00.000,options,call
58,1576577580000,285.75,285.75,281.15,282.55,220,,32300,weekly,2019-12-26T21:00:00.000,options,call
59,1576577640000,280.05,280.05,276.7,277.2,220,,32300,weekly,2019-12-26T21:00:00.000,options,call
60,1576577700000,280.0,280.0,278.3,279.0,200,,32300,weekly,2019-12-26T21:00:00.000,options,call
61,1576577760000,280.5,280.5,278.55,278.55,100,,32300,weekly,2019-12-26T21:00:00.000,options,call
62,1576577820000,279.3,279.55,278.6,279.55,160,,32300,weekly,2019-12-26T21:00:00.000,options,call
63,1576577880000,280.0,281.4,280.0,280.4,400,,32300,weekly,2019-12-26T21:00:00.000,options,call
64,1576577940000,280.85,282.7,278.8,278.8,560,,32300,weekly,2019-12-26T21:00:00.000,options,call
65,1576578060000,278.25,279.35,278.25,279.35,40,,32300,weekly,2019-12-26T21:00:00.000,options,call
66,1576578180000,283.25,290.7,283.25,290.5,700,,32300,weekly,2019-12-26T21:00:00.000,options,call
67,1576578240000,290.5,290.5,283.2,287.3,980,,32300,weekly,2019-12-26T21:00:00.000,options,call
68,1576578300000,287.35,307.0,287.35,300.0,1660,,32300,weekly,2019-12-26T21:00:00.000,options,call
69,1576578360000,300.0,305.4,299.7,302.8,1180,,32300,weekly,2019-12-26T21:00:00.000,options,call
70,1576578420000,302.8,303.2,296.85,298.35,960,,32300,weekly,2019-12-26T21:00:00.000,options,call
71,1576578480000,296.0,296.0,292.3,293.0,560,,32300,weekly,2019-12-26T21:00:00.000,options,call
72,1576578540000,298.5,298.5,298.5,298.5,20,,32300,weekly,2019-12-26T21:00:00.000,options,call
73,1576578600000,298.2,298.2,296.85,296.85,140,,32300,weekly,2019-12-26T21:00:00.000,options,call
74,1576578660000,297.1,300.1,297.0,297.65,300,,32300,weekly,2019-12-26T21:00:00.000,options,call
75,1576578720000,296.0,296.0,294.05,295.95,520,,32300,weekly,2019-12-26T21:00:00.000,options,call
76,1576578780000,295.55,296.45,294.05,294.05,80,,32300,weekly,2019-12-26T21:00:00.000,options,call
77,1576578840000,293.0,293.0,286.35,288.7,560,,32300,weekly,2019-12-26T21:00:00.000,options,call
78,1576578900000,288.65,290.25,287.1,287.2,120,,32300,weekly,2019-12-26T21:00:00.000,options,call
79,1576578960000,289.95,289.95,285.0,285.0,80,,32300,weekly,2019-12-26T21:00:00.000,options,call
80,1576579020000,285.0,286.0,283.75,286.0,200,,32300,weekly,2019-12-26T21:00:00.000,options,call
81,1576579080000,288.3,288.3,288.3,288.3,20,,32300,weekly,2019-12-26T21:00:00.000,options,call
82,1576579140000,288.15,288.35,286.5,287.05,340,,32300,weekly,2019-12-26T21:00:00.000,options,call
83,1576579200000,292.0,293.0,292.0,293.0,300,,32300,weekly,2019-12-26T21:00:00.000,options,call
84,1576579260000,294.0,294.05,293.0,293.75,300,,32300,weekly,2019-12-26T21:00:00.000,options,call
85,1576579320000,293.0,293.0,291.35,291.35,160,,32300,weekly,2019-12-26T21:00:00.000,options,call
86,1576579380000,290.45,295.0,290.45,293.6,380,,32300,weekly,2019-12-26T21:00:00.000,options,call
87,1576579440000,294.3,294.9,293.0,293.1,200,,32300,weekly,2019-12-26T21:00:00.000,options,call
88,1576579500000,295.0,297.65,295.0,295.0,420,,32300,weekly,2019-12-26T21:00:00.000,options,call
89,1576579560000,295.9,296.3,295.0,295.0,180,,32300,weekly,2019-12-26T21:00:00.000,options,call
90,1576579620000,294.8,294.8,293.3,293.3,100,,32300,weekly,2019-12-26T21:00:00.000,options,call
91,1576579680000,291.15,293.3,291.15,293.3,100,,32300,weekly,2019-12-26T21:00:00.000,options,call
92,1576579740000,292.0,292.0,290.8,290.8,80,,32300,weekly,2019-12-26T21:00:00.000,options,call
93,1576579800000,290.45,290.45,285.6,289.9,920,,32300,weekly,2019-12-26T21:00:00.000,options,call
94,1576579860000,287.55,287.85,286.3,287.85,240,,32300,weekly,2019-12-26T21:00:00.000,options,call
95,1576579920000,286.45,286.45,286.45,286.45,40,,32300,weekly,2019-12-26T21:00:00.000,options,call
96,1576579980000,289.4,290.95,289.4,290.95,80,,32300,weekly,2019-12-26T21:00:00.000,options,call
97,1576580040000,293.95,293.95,293.95,293.95,20,,32300,weekly,2019-12-26T21:00:00.000,options,call
98,1576580100000,290.6,292.95,289.6,290.5,260,,32300,weekly,2019-12-26T21:00:00.000,options,call
99,1576580160000,290.5,290.5,287.55,287.55,920,,32300,weekly,2019-12-26T21:00:00.000,options,call
100,1576580280000,289.5,289.5,287.55,287.65,240,,32300,weekly,2019-12-26T21:00:00.000,options,call
101,1576580400000,285.1,287.3,283.7,286.3,760,,32300,weekly,2019-12-26T21:00:00.000,options,call
102,1576580460000,286.3,288.95,286.3,288.95,60,,32300,weekly,2019-12-26T21:00:00.000,options,call
103,1576580520000,285.0,285.0,285.0,285.0,20,,32300,weekly,2019-12-26T21:00:00.000,options,call
104,1576580580000,280.3,285.0,280.3,280.55,120,,32300,weekly,2019-12-26T21:00:00.000,options,call
105,1576580640000,280.55,282.5,280.55,282.5,100,,32300,weekly,2019-12-26T21:00:00.000,options,call
106,1576580700000,282.9,285.15,282.9,285.1,160,,32300,weekly,2019-12-26T21:00:00.000,options,call
107,1576580760000,283.65,284.25,283.65,284.0,160,,32300,weekly,2019-12-26T21:00:00.000,options,call
108,1576580820000,284.0,284.0,284.0,284.0,40,,32300,weekly,2019-12-26T21:00:00.000,options,call
109,1576580940000,287.5,287.5,287.5,287.5,100,,32300,weekly,2019-12-26T21:00:00.000,options,call
110,1576581000000,285.05,285.05,285.0,285.0,80,,32300,weekly,2019-12-26T21:00:00.000,options,call
111,1576581060000,285.5,287.35,284.4,287.35,120,,32300,weekly,2019-12-26T21:00:00.000,options,call
112,1576581120000,287.0,288.25,287.0,288.25,100,,32300,weekly,2019-12-26T21:00:00.000,options,call
113,1576581180000,287.2,287.2,286.8,286.8,40,,32300,weekly,2019-12-26T21:00:00.000,options,call
114,1576581240000,285.55,286.75,284.85,286.75,140,,32300,weekly,2019-12-26T21:00:00.000,options,call
115,1576581300000,287.25,287.5,284.2,286.35,280,,32300,weekly,2019-12-26T21:00:00.000,options,call
116,1576581360000,285.0,292.45,285.0,289.25,660,,32300,weekly,2019-12-26T21:00:00.000,options,call
117,1576581420000,290.0,290.2,286.75,286.75,440,,32300,weekly,2019-12-26T21:00:00.000,options,call
118,1576581480000,290.0,290.0,290.0,290.0,20,,32300,weekly,2019-12-26T21:00:00.000,options,call
119,1576581540000,287.35,287.35,287.35,287.35,20,,32300,weekly,2019-12-26T21:00:00.000,options,call
120,1576581600000,287.35,287.35,285.1,285.1,120,,32300,weekly,2019-12-26T21:00:00.000,options,call
121,1576581660000,287.55,287.55,287.0,287.0,200,,32300,weekly,2019-12-26T21:00:00.000,options,call
122,1576581720000,286.6,291.2,286.6,291.2,60,,32300,weekly,2019-12-26T21:00:00.000,options,call
123,1576581780000,289.0,289.0,289.0,289.0,180,,32300,weekly,2019-12-26T21:00:00.000,options,call
124,1576581840000,291.85,291.85,291.85,291.85,20,,32300,weekly,2019-12-26T21:00:00.000,options,call
125,1576581900000,289.1,289.1,289.1,289.1,80,,32300,weekly,2019-12-26T21:00:00.000,options,call
126,1576582080000,286.0,287.2,286.0,287.2,40,,32300,weekly,2019-12-26T21:00:00.000,options,call
127,1576582200000,285.05,292.85,285.05,292.85,220,,32300,weekly,2019-12-26T21:00:00.000,options,call
128,1576582260000,291.7,291.7,290.7,290.7,40,,32300,weekly,2019-12-26T21:00:00.000,options,call
129,1576582320000,290.6,292.65,290.55,290.55,680,,32300,weekly,2019-12-26T21:00:00.000,options,call
130,1576582380000,290.55,293.0,288.7,288.7,580,,32300,weekly,2019-12-26T21:00:00.000,options,call
131,1576582500000,285.15,285.15,262.3,269.85,3560,,32300,weekly,2019-12-26T21:00:00.000,options,call
132,1576582560000,271.65,273.6,270.05,272.1,160,,32300,weekly,2019-12-26T21:00:00.000,options,call
133,1576582620000,275.0,275.0,270.55,270.55,120,,32300,weekly,2019-12-26T21:00:00.000,options,call
134,1576582680000,271.9,271.9,265.3,267.5,380,,32300,weekly,2019-12-26T21:00:00.000,options,call
135,1576582740000,265.3,268.0,265.3,267.5,80,,32300,weekly,2019-12-26T21:00:00.000,options,call
136,1576582800000,267.0,271.2,267.0,271.2,180,,32300,weekly,2019-12-26T21:00:00.000,options,call
137,1576582860000,271.65,271.65,268.0,268.0,600,,32300,weekly,2019-12-26T21:00:00.000,options,call
138,1576582920000,269.0,269.7,269.0,269.7,80,,32300,weekly,2019-12-26T21:00:00.000,options,call
139,1576582980000,270.0,270.0,270.0,270.0,20,,32300,weekly,2019-12-26T21:00:00.000,options,call
140,1576583040000,270.0,270.0,269.95,269.95,680,,32300,weekly,2019-12-26T21:00:00.000,options,call
141,1576583160000,272.8,273.5,272.8,273.5,60,,32300,weekly,2019-12-26T21:00:00.000,options,call
142,1576583220000,273.5,273.5,273.45,273.45,140,,32300,weekly,2019-12-26T21:00:00.000,options,call
143,1576583280000,273.5,273.5,271.0,271.1,300,,32300,weekly,2019-12-26T21:00:00.000,options,call
144,1576583340000,272.1,272.1,272.1,272.1,20,,32300,weekly,2019-12-26T21:00:00.000,options,call
145,1576583400000,271.95,271.95,267.9,269.0,280,,32300,weekly,2019-12-26T21:00:00.000,options,call
146,1576583460000,272.1,272.1,272.1,272.1,20,,32300,weekly,2019-12-26T21:00:00.000,options,call
147,1576583520000,273.5,273.5,273.5,273.5,20,,32300,weekly,2019-12-26T21:00:00.000,options,call
148,1576583580000,273.5,273.5,273.45,273.45,220,,32300,weekly,2019-12-26T21:00:00.000,options,call
149,1576583640000,273.2,275.0,273.2,275.0,120,,32300,weekly,2019-12-26T21:00:00.000,options,call
150,1576583700000,276.65,276.65,275.0,275.0,60,,32300,weekly,2019-12-26T21:00:00.000,options,call
151,1576583760000,277.0,277.0,277.0,277.0,20,,32300,weekly,2019-12-26T21:00:00.000,options,call
152,1576583820000,278.6,278.6,278.6,278.6,20,,32300,weekly,2019-12-26T21:00:00.000,options,call
153,1576583880000,275.0,275.0,275.0,275.0,40,,32300,weekly,2019-12-26T21:00:00.000,options,call
154,1576583940000,273.25,274.0,273.25,274.0,40,,32300,weekly,2019-12-26T21:00:00.000,options,call
155,1576584000000,274.15,274.15,273.3,273.3,120,,32300,weekly,2019-12-26T21:00:00.000,options,call
156,1576584060000,272.3,273.1,272.3,273.1,200,,32300,weekly,2019-12-26T21:00:00.000,options,call
157,1576584120000,273.3,274.2,272.6,272.6,80,,32300,weekly,2019-12-26T21:00:00.000,options,call
158,1576584180000,272.6,273.4,270.0,273.4,580,,32300,weekly,2019-12-26T21:00:00.000,options,call
159,1576584240000,271.0,271.0,271.0,271.0,200,,32300,weekly,2019-12-26T21:00:00.000,options,call
160,1576584300000,266.05,268.75,266.05,268.15,340,,32300,weekly,2019-12-26T21:00:00.000,options,call
161,1576584360000,268.15,268.15,256.05,260.4,940,,32300,weekly,2019-12-26T21:00:00.000,options,call
162,1576584420000,260.5,266.0,260.5,265.3,820,,32300,weekly,2019-12-26T21:00:00.000,options,call
163,1576584480000,267.0,268.85,267.0,268.85,200,,32300,weekly,2019-12-26T21:00:00.000,options,call
164,1576584540000,267.45,267.45,265.0,265.0,480,,32300,weekly,2019-12-26T21:00:00.000,options,call
165,1576584600000,269.0,270.45,267.85,270.0,380,,32300,weekly,2019-12-26T21:00:00.000,options,call
166,1576584660000,272.0,272.0,270.15,270.15,300,,32300,weekly,2019-12-26T21:00:00.000,options,call
167,1576584720000,270.15,270.15,270.0,270.0,140,,32300,weekly,2019-12-26T21:00:00.000,options,call
168,1576584840000,271.0,273.0,271.0,273.0,120,,32300,weekly,2019-12-26T21:00:00.000,options,call
169,1576584900000,273.15,273.15,273.15,273.15,600,,32300,weekly,2019-12-26T21:00:00.000,options,call
170,1576585020000,272.75,272.75,272.75,272.75,20,,32300,weekly,2019-12-26T21:00:00.000,options,call
171,1576585080000,274.65,274.65,272.85,273.35,60,,32300,weekly,2019-12-26T21:00:00.000,options,call
172,1576585140000,273.35,278.2,273.0,276.4,5660,,32300,weekly,2019-12-26T21:00:00.000,options,call
173,1576585200000,275.25,276.9,275.0,276.9,440,,32300,weekly,2019-12-26T21:00:00.000,options,call
174,1576585320000,278.6,279.85,278.6,278.65,180,,32300,weekly,2019-12-26T21:00:00.000,options,call
175,1576585380000,281.3,281.3,278.75,278.75,80,,32300,weekly,2019-12-26T21:00:00.000,options,call
176,1576585440000,282.05,282.05,280.0,280.0,140,,32300,weekly,2019-12-26T21:00:00.000,options,call
177,1576585500000,278.4,278.4,278.4,278.4,200,,32300,weekly,2019-12-26T21:00:00.000,options,call
178,1576585560000,276.05,276.2,273.0,276.2,400,,32300,weekly,2019-12-26T21:00:00.000,options,call
179,1576585620000,274.6,274.6,274.6,274.6,100,,32300,weekly,2019-12-26T21:00:00.000,options,call
180,1576585680000,274.35,274.35,273.25,273.25,60,,32300,weekly,2019-12-26T21:00:00.000,options,call
181,1576585740000,274.6,274.6,274.6,274.6,20,,32300,weekly,2019-12-26T21:00:00.000,options,call
182,1576585800000,280.0,280.0,276.35,276.9,620,,32300,weekly,2019-12-26T21:00:00.000,options,call
183,1576585920000,280.0,280.5,279.4,280.5,220,,32300,weekly,2019-12-26T21:00:00.000,options,call
184,1576585980000,282.0,289.0,282.0,286.4,880,,32300,weekly,2019-12-26T21:00:00.000,options,call
185,1576586040000,286.4,289.75,286.4,287.75,120,,32300,weekly,2019-12-26T21:00:00.000,options,call
186,1576586100000,287.75,287.75,285.7,287.0,100,,32300,weekly,2019-12-26T21:00:00.000,options,call
187,1576586160000,285.7,285.7,282.45,283.0,440,,32300,weekly,2019-12-26T21:00:00.000,options,call
188,1576586220000,284.9,284.9,284.75,284.75,40,,32300,weekly,2019-12-26T21:00:00.000,options,call
189,1576586280000,283.2,286.3,283.2,284.75,120,,32300,weekly,2019-12-26T21:00:00.000,options,call
190,1576586460000,286.0,287.35,286.0,287.35,160,,32300,weekly,2019-12-26T21:00:00.000,options,call
191,1576586520000,287.5,287.5,283.05,286.3,140,,32300,weekly,2019-12-26T21:00:00.000,options,call
192,1576586580000,282.5,282.65,282.5,282.65,40,,32300,weekly,2019-12-26T21:00:00.000,options,call
193,1576586640000,284.0,284.25,282.4,282.4,120,,32300,weekly,2019-12-26T21:00:00.000,options,call
194,1576586760000,285.15,285.15,282.55,282.55,400,,32300,weekly,2019-12-26T21:00:00.000,options,call
195,1576586820000,282.4,282.4,277.15,277.15,360,,32300,weekly,2019-12-26T21:00:00.000,options,call
196,1576586940000,278.0,279.85,278.0,279.85,40,,32300,weekly,2019-12-26T21:00:00.000,options,call
197,1576587000000,278.6,278.6,277.0,277.05,260,,32300,weekly,2019-12-26T21:00:00.000,options,call
198,1576587180000,278.0,278.0,278.0,278.0,20,,32300,weekly,2019-12-26T21:00:00.000,options,call
199,1576587240000,279.0,279.0,279.0,279.0,20,,32300,weekly,2019-12-26T21:00:00.000,options,call
200,1576587420000,283.9,283.9,283.9,283.9,20,,32300,weekly,2019-12-26T21:00:00.000,options,call
201,1576587480000,283.8,284.0,283.8,284.0,20,,32300,weekly,2019-12-26T21:00:00.000,options,call
202,1576587540000,284.0,285.0,284.0,285.0,160,,32300,weekly,2019-12-26T21:00:00.000,options,call
203,1576587600000,285.4,286.05,285.1,285.6,240,,32300,weekly,2019-12-26T21:00:00.000,options,call
204,1576587660000,285.6,288.0,285.6,288.0,240,,32300,weekly,2019-12-26T21:00:00.000,options,call
205,1576587720000,288.0,288.0,284.0,284.0,240,,32300,weekly,2019-12-26T21:00:00.000,options,call
206,1576587780000,281.7,281.7,277.4,277.4,60,,32300,weekly,2019-12-26T21:00:00.000,options,call
207,1576587840000,278.0,278.0,278.0,278.0,40,,32300,weekly,2019-12-26T21:00:00.000,options,call
208,1576587900000,282.0,283.0,280.0,280.0,880,,32300,weekly,2019-12-26T21:00:00.000,options,call
209,1576587960000,280.0,281.0,280.0,281.0,40,,32300,weekly,2019-12-26T21:00:00.000,options,call
210,1576588020000,282.6,282.6,282.6,282.6,60,,32300,weekly,2019-12-26T21:00:00.000,options,call
211,1576588140000,280.0,280.0,278.85,278.85,40,,32300,weekly,2019-12-26T21:00:00.000,options,call
212,1576588200000,279.4,279.75,277.15,277.15,120,,32300,weekly,2019-12-26T21:00:00.000,options,call
213,1576588260000,277.0,278.35,277.0,278.0,80,,32300,weekly,2019-12-26T21:00:00.000,options,call
214,1576588320000,278.0,279.0,270.35,270.35,420,,32300,weekly,2019-12-26T21:00:00.000,options,call
215,1576588380000,272.0,272.0,272.0,272.0,20,,32300,weekly,2019-12-26T21:00:00.000,options,call
216,1576588500000,280.2,280.2,280.2,280.2,20,,32300,weekly,2019-12-26T21:00:00.000,options,call
217,1576588620000,279.45,279.45,279.45,279.45,20,,32300,weekly,2019-12-26T21:00:00.000,options,call
218,1576588740000,280.0,282.45,280.0,280.5,160,,32300,weekly,2019-12-26T21:00:00.000,options,call
219,1576588800000,280.7,280.7,280.7,280.7,40,,32300,weekly,2019-12-26T21:00:00.000,options,call
220,1576588860000,280.0,280.0,280.0,280.0,20,,32300,weekly,2019-12-26T21:00:00.000,options,call
221,1576588920000,281.6,281.6,281.6,281.6,20,,32300,weekly,2019-12-26T21:00:00.000,options,call
222,1576588980000,281.8,281.8,281.35,281.35,120,,32300,weekly,2019-12-26T21:00:00.000,options,call
223,1576589040000,284.95,285.0,284.0,284.15,780,,32300,weekly,2019-12-26T21:00:00.000,options,call
224,1576589100000,285.8,285.8,281.35,281.35,100,,32300,weekly,2019-12-26T21:00:00.000,options,call
225,1576589160000,281.35,281.35,281.35,281.35,20,,32300,weekly,2019-12-26T21:00:00.000,options,call
226,1576589220000,283.2,283.2,283.2,283.2,20,,32300,weekly,2019-12-26T21:00:00.000,options,call
227,1576589340000,283.15,283.15,281.7,281.7,20,,32300,weekly,2019-12-26T21:00:00.000,options,call
228,1576589400000,281.7,281.7,281.7,281.7,20,,32300,weekly,2019-12-26T21:00:00.000,options,call
229,1576589460000,281.2,281.2,281.2,281.2,20,,32300,weekly,2019-12-26T21:00:00.000,options,call
230,1576589520000,280.1,280.1,280.1,280.1,20,,32300,weekly,2019-12-26T21:00:00.000,options,call
231,1576589640000,276.85,276.85,270.0,270.0,340,,32300,weekly,2019-12-26T21:00:00.000,options,call
232,1576589700000,265.25,265.25,264.0,265.0,720,,32300,weekly,2019-12-26T21:00:00.000,options,call
233,1576589760000,269.6,269.6,267.3,267.3,40,,32300,weekly,2019-12-26T21:00:00.000,options,call
234,1576589820000,268.0,268.55,266.95,268.15,400,,32300,weekly,2019-12-26T21:00:00.000,options,call
235,1576589880000,269.15,269.75,268.3,268.3,80,,32300,weekly,2019-12-26T21:00:00.000,options,call
236,1576589940000,268.3,268.3,264.5,264.5,100,,32300,weekly,2019-12-26T21:00:00.000,options,call
237,1576590060000,270.05,270.05,270.05,270.05,20,,32300,weekly,2019-12-26T21:00:00.000,options,call
238,1576590180000,273.55,273.55,271.8,271.8,60,,32300,weekly,2019-12-26T21:00:00.000,options,call
239,1576590360000,269.75,269.75,269.75,269.75,240,,32300,weekly,2019-12-26T21:00:00.000,options,call
240,1576590420000,264.05,264.05,257.6,259.1,700,,32300,weekly,2019-12-26T21:00:00.000,options,call
241,1576590480000,259.1,269.1,259.1,269.1,280,,32300,weekly,2019-12-26T21:00:00.000,options,call
242,1576590600000,267.0,267.0,267.0,267.0,140,,32300,weekly,2019-12-26T21:00:00.000,options,call
243,1576590660000,267.65,269.15,265.8,265.8,40,,32300,weekly,2019-12-26T21:00:00.000,options,call
244,1576590720000,265.8,265.8,265.65,265.65,40,,32300,weekly,2019-12-26T21:00:00.000,options,call
245,1576590780000,265.75,271.1,265.75,271.1,240,,32300,weekly,2019-12-26T21:00:00.000,options,call
246,1576590840000,270.1,270.1,268.0,268.0,300,,32300,weekly,2019-12-26T21:00:00.000,options,call
247,1576590900000,270.1,272.0,270.1,272.0,20,,32300,weekly,2019-12-26T21:00:00.000,options,call
248,1576590960000,271.7,271.7,271.3,271.3,140,,32300,weekly,2019-12-26T21:00:00.000,options,call
249,1576591020000,271.65,271.65,271.65,271.65,100,,32300,weekly,2019-12-26T21:00:00.000,options,call
250,1576591200000,254.0,254.0,238.0,246.2,2300,,32300,weekly,2019-12-26T21:00:00.000,options,call
251,1576591260000,246.2,258.0,246.2,247.75,1560,,32300,weekly,2019-12-26T21:00:00.000,options,call
252,1576591320000,245.8,250.0,244.45,248.25,300,,32300,weekly,2019-12-26T21:00:00.000,options,call
253,1576591380000,248.25,250.25,248.25,248.25,140,,32300,weekly,2019-12-26T21:00:00.000,options,call
254,1576591440000,250.8,250.8,250.5,250.5,140,,32300,weekly,2019-12-26T21:00:00.000,options,call
255,1576591500000,251.25,253.3,251.25,252.55,160,,32300,weekly,2019-12-26T21:00:00.000,options,call
256,1576591560000,254.1,259.05,254.1,257.3,540,,32300,weekly,2019-12-26T21:00:00.000,options,call
257,1576591620000,258.15,260.0,256.75,256.75,1140,,32300,weekly,2019-12-26T21:00:00.000,options,call
258,1576591740000,260.85,260.85,250.05,250.05,380,,32300,weekly,2019-12-26T21:00:00.000,options,call
259,1576591800000,250.05,252.6,250.0,250.0,960,,32300,weekly,2019-12-26T21:00:00.000,options,call
260,1576591860000,248.0,248.0,248.0,248.0,560,,32300,weekly,2019-12-26T21:00:00.000,options,call
261,1576591980000,254.85,254.85,254.85,254.85,20,,32300,weekly,2019-12-26T21:00:00.000,options,call
262,1576592040000,254.85,254.85,254.85,254.85,20,,32300,weekly,2019-12-26T21:00:00.000,options,call
263,1576592100000,252.0,252.0,252.0,252.0,20,,32300,weekly,2019-12-26T21:00:00.000,options,call
264,1576592220000,252.0,252.8,252.0,252.8,60,,32300,weekly,2019-12-26T21:00:00.000,options,call
265,1576592280000,248.0,248.0,243.75,243.75,60,,32300,weekly,2019-12-26T21:00:00.000,options,call
266,1576592340000,250.0,250.0,249.45,249.45,120,,32300,weekly,2019-12-26T21:00:00.000,options,call
267,1576592400000,248.0,248.0,245.95,247.0,260,,32300,weekly,2019-12-26T21:00:00.000,options,call
268,1576592460000,247.0,250.55,247.0,250.55,120,,32300,weekly,2019-12-26T21:00:00.000,options,call
269,1576592520000,248.75,251.55,248.75,251.15,160,,32300,weekly,2019-12-26T21:00:00.000,options,call
270,1576592580000,248.35,249.2,248.35,249.2,220,,32300,weekly,2019-12-26T21:00:00.000,options,call
271,1576592640000,252.3,252.3,252.3,252.3,20,,32300,weekly,2019-12-26T21:00:00.000,options,call
272,1576592700000,249.0,249.0,248.95,248.95,60,,32300,weekly,2019-12-26T21:00:00.000,options,call
273,1576592760000,252.8,252.8,251.5,252.8,300,,32300,weekly,2019-12-26T21:00:00.000,options,call
274,1576592820000,256.0,261.25,256.0,258.25,260,,32300,weekly,2019-12-26T21:00:00.000,options,call
275,1576592880000,262.95,265.0,260.6,261.45,420,,32300,weekly,2019-12-26T21:00:00.000,options,call
276,1576592940000,261.55,261.55,260.65,260.65,160,,32300,weekly,2019-12-26T21:00:00.000,options,call
277,1576593000000,260.55,262.0,260.05,260.05,300,,32300,weekly,2019-12-26T21:00:00.000,options,call
278,1576593060000,259.55,259.55,259.55,259.55,20,,32300,weekly,2019-12-26T21:00:00.000,options,call
279,1576593120000,261.0,261.05,257.45,257.45,580,,32300,weekly,2019-12-26T21:00:00.000,options,call
280,1576593180000,260.1,260.1,257.7,260.0,300,,32300,weekly,2019-12-26T21:00:00.000,options,call
281,1576593240000,255.45,255.45,250.0,250.0,420,,32300,weekly,2019-12-26T21:00:00.000,options,call
282,1576593300000,246.8,248.45,244.95,248.4,220,,32300,weekly,2019-12-26T21:00:00.000,options,call
283,1576593360000,248.65,248.65,248.65,248.65,200,,32300,weekly,2019-12-26T21:00:00.000,options,call
284,1576593420000,248.0,249.0,245.9,247.5,340,,32300,weekly,2019-12-26T21:00:00.000,options,call
285,1576593480000,244.05,247.0,242.4,245.35,800,,32300,weekly,2019-12-26T21:00:00.000,options,call
286,1576593540000,245.5,247.1,245.5,247.1,160,,32300,weekly,2019-12-26T21:00:00.000,options,call
287,1576593600000,249.95,249.95,248.05,249.5,280,,32300,weekly,2019-12-26T21:00:00.000,options,call
288,1576593660000,250.2,252.0,249.15,252.0,240,,32300,weekly,2019-12-26T21:00:00.000,options,call
289,1576593720000,257.05,257.05,256.4,256.4,140,,32300,weekly,2019-12-26T21:00:00.000,options,call
290,1576593780000,255.5,255.5,253.6,255.15,200,,32300,weekly,2019-12-26T21:00:00.000,options,call
291,1576593840000,252.5,256.25,252.5,256.25,60,,32300,weekly,2019-12-26T21:00:00.000,options,call
292,1576593900000,253.5,254.05,250.5,252.2,620,,32300,weekly,2019-12-26T21:00:00.000,options,call
293,1576593960000,251.9,255.0,251.2,251.2,400,,32300,weekly,2019-12-26T21:00:00.000,options,call
294,1576594020000,251.25,252.6,246.25,247.05,400,,32300,weekly,2019-12-26T21:00:00.000,options,call
295,1576594080000,249.55,249.55,249.55,249.55,20,,32300,weekly,2019-12-26T21:00:00.000,options,call
296,1576594140000,247.65,249.55,247.65,249.55,40,,32300,weekly,2019-12-26T21:00:00.000,options,call
297,1576594260000,243.1,245.75,243.1,245.75,60,,32300,weekly,2019-12-26T21:00:00.000,options,call
298,1576594320000,245.75,247.35,245.75,246.85,200,,32300,weekly,2019-12-26T21:00:00.000,options,call
299,1576594380000,246.85,249.7,246.85,249.7,60,,32300,weekly,2019-12-26T21:00:00.000,options,call
300,1576594500000,250.55,250.55,249.55,249.55,40,,32300,weekly,2019-12-26T21:00:00.000,options,call
301,1576594560000,250.1,255.95,250.1,255.95,160,,32300,weekly,2019-12-26T21:00:00.000,options,call
302,1576594620000,254.4,254.4,251.05,251.05,60,,32300,weekly,2019-12-26T21:00:00.000,options,call
303,1576594680000,254.7,256.0,254.7,256.0,40,,32300,weekly,2019-12-26T21:00:00.000,options,call
304,1576594740000,256.55,256.55,256.55,256.55,20,,32300,weekly,2019-12-26T21:00:00.000,options,call
305,1576594800000,263.95,264.6,260.9,264.6,260,,32300,weekly,2019-12-26T21:00:00.000,options,call
306,1576594860000,264.6,264.6,258.0,258.0,520,,32300,weekly,2019-12-26T21:00:00.000,options,call
307,1576594920000,255.0,256.05,254.65,255.65,160,,32300,weekly,2019-12-26T21:00:00.000,options,call
308,1576594980000,258.0,258.0,256.5,257.0,440,,32300,weekly,2019-12-26T21:00:00.000,options,call
309,1576595040000,260.0,260.55,260.0,260.55,520,,32300,weekly,2019-12-26T21:00:00.000,options,call
310,1576595100000,263.85,263.85,261.15,261.5,200,,32300,weekly,2019-12-26T21:00:00.000,options,call
311,1576595160000,265.0,265.0,260.95,260.95,320,,32300,weekly,2019-12-26T21:00:00.000,options,call
312,1576595220000,255.0,255.0,255.0,255.0,20,,32300,weekly,2019-12-26T21:00:00.000,options,call
313,1576595280000,252.6,256.0,252.5,256.0,360,,32300,weekly,2019-12-26T21:00:00.000,options,call
314,1576595340000,256.1,256.1,254.05,255.3,120,,32300,weekly,2019-12-26T21:00:00.000,options,call
315,1576595400000,255.85,256.0,255.0,255.2,420,,32300,weekly,2019-12-26T21:00:00.000,options,call
316,1576595460000,254.9,254.9,252.0,253.0,160,,32300,weekly,2019-12-26T21:00:00.000,options,call
317,1576595520000,255.0,256.0,255.0,256.0,400,,32300,weekly,2019-12-26T21:00:00.000,options,call
318,1576595580000,257.55,258.8,256.75,258.8,640,,32300,weekly,2019-12-26T21:00:00.000,options,call
319,1576595640000,258.8,259.55,257.05,257.05,80,,32300,weekly,2019-12-26T21:00:00.000,options,call
320,1576595700000,257.0,257.5,254.1,254.1,620,,32300,weekly,2019-12-26T21:00:00.000,options,call
321,1576595760000,256.45,256.45,253.0,253.0,100,,32300,weekly,2019-12-26T21:00:00.000,options,call
322,1576595820000,252.25,254.2,252.1,254.2,200,,32300,weekly,2019-12-26T21:00:00.000,options,call
323,1576595880000,254.0,254.0,252.0,252.0,240,,32300,weekly,2019-12-26T21:00:00.000,options,call
324,1576595940000,254.5,254.5,251.55,251.55,860,,32300,weekly,2019-12-26T21:00:00.000,options,call
325,1576596000000,252.95,254.4,250.6,254.0,340,,32300,weekly,2019-12-26T21:00:00.000,options,call
326,1576596060000,254.0,258.7,250.0,251.55,1440,,32300,weekly,2019-12-26T21:00:00.000,options,call
327,1576596120000,253.0,253.25,252.0,252.65,1020,,32300,weekly,2019-12-26T21:00:00.000,options,call
328,1576596180000,251.4,253.25,251.0,253.25,220,,32300,weekly,2019-12-26T21:00:00.000,options,call
329,1576596240000,252.95,254.95,252.95,254.95,1700,,32300,weekly,2019-12-26T21:00:00.000,options,call
330,1576596300000,254.95,256.0,254.95,256.0,440,,32300,weekly,2019-12-26T21:00:00.000,options,call
331,1576596360000,256.0,256.95,255.05,256.95,580,,32300,weekly,2019-12-26T21:00:00.000,options,call
332,1576596420000,256.0,256.9,253.65,254.85,1260,,32300,weekly,2019-12-26T21:00:00.000,options,call
333,1576596480000,254.85,258.7,254.35,257.4,600,,32300,weekly,2019-12-26T21:00:00.000,options,call
334,1576596540000,259.0,260.0,253.1,260.0,720,,32300,weekly,2019-12-26T21:00:00.000,options,call
