,timestamp,open,high,low,close,volume,open_interest,strike,expiry_type,expiry,instrument,contract_type
0,1539162960000,27.0,27.0,27.0,27.0,40,,25700,weekly,2018-10-17T21:00:00.000,options,call
1,1539163080000,22.0,22.0,22.0,22.0,40,,25700,weekly,2018-10-17T21:00:00.000,options,call
2,1539163140000,22.0,22.0,22.0,22.0,40,,25700,weekly,2018-10-17T21:00:00.000,options,call
3,1539163200000,22.0,22.0,22.0,22.0,40,,25700,weekly,2018-10-17T21:00:00.000,options,call
4,1539163320000,22.6,22.6,22.5,22.5,80,,25700,weekly,2018-10-17T21:00:00.000,options,call
5,1539163380000,22.8,22.8,22.8,22.8,120,,25700,weekly,2018-10-17T21:00:00.000,options,call
6,1539163500000,22.7,22.7,22.7,22.7,40,,25700,weekly,2018-10-17T21:00:00.000,options,call
7,1539163560000,22.8,22.8,22.8,22.8,160,,25700,weekly,2018-10-17T21:00:00.000,options,call
8,1539163680000,23.25,23.25,23.25,23.25,40,,25700,weekly,2018-10-17T21:00:00.000,options,call
9,1539163740000,25.05,25.05,25.05,25.05,200,,25700,weekly,2018-10-17T21:00:00.000,options,call
10,1539163980000,25.2,25.2,25.2,25.2,40,,25700,weekly,2018-10-17T21:00:00.000,options,call
11,1539164040000,25.25,26.7,25.25,26.7,200,,25700,weekly,2018-10-17T21:00:00.000,options,call
12,1539164100000,25.2,25.2,25.2,25.2,120,,25700,weekly,2018-10-17T21:00:00.000,options,call
13,1539164400000,30.55,32.6,29.3,29.3,1320,,25700,weekly,2018-10-17T21:00:00.000,options,call
14,1539164460000,27.35,27.35,27.0,27.0,6000,,25700,weekly,2018-10-17T21:00:00.000,options,call
15,1539164520000,27.0,27.0,26.95,27.0,600,,25700,weekly,2018-10-17T21:00:00.000,options,call
16,1539164580000,27.0,29.2,27.0,29.2,3720,,25700,weekly,2018-10-17T21:00:00.000,options,call
17,1539164640000,29.3,29.3,27.9,27.9,80,,25700,weekly,2018-10-17T21:00:00.000,options,call
18,1539164700000,29.05,29.05,27.05,27.3,2200,,25700,weekly,2018-10-17T21:00:00.000,options,call
19,1539164760000,29.0,30.1,28.45,29.7,1480,,25700,weekly,2018-10-17T21:00:00.000,options,call
20,1539164820000,30.15,31.2,29.2,31.2,280,,25700,weekly,2018-10-17T21:00:00.000,options,call
21,1539164940000,30.4,30.45,30.4,30.45,160,,25700,weekly,2018-10-17T21:00:00.000,options,call
22,1539165000000,27.95,27.95,27.95,27.95,80,,25700,weekly,2018-10-17T21:00:00.000,options,call
23,1539165120000,27.4,27.4,27.4,27.4,40,,25700,weekly,2018-10-17T21:00:00.000,options,call
24,1539165180000,26.65,28.0,26.65,27.3,1560,,25700,weekly,2018-10-17T21:00:00.000,options,call
25,1539165300000,29.7,30.45,29.25,30.45,440,,25700,weekly,2018-10-17T21:00:00.000,options,call
26,1539165360000,29.2,29.2,29.2,29.2,40,,25700,weekly,2018-10-17T21:00:00.000,options,call
27,1539165420000,29.0,29.0,29.0,29.0,360,,25700,weekly,2018-10-17T21:00:00.000,options,call
28,1539165540000,30.45,31.0,30.45,31.0,240,,25700,weekly,2018-10-17T21:00:00.000,options,call
29,1539165600000,32.0,32.0,32.0,32.0,80,,25700,weekly,2018-10-17T21:00:00.000,options,call
30,1539165660000,36.4,39.5,36.4,39.5,280,,25700,weekly,2018-10-17T21:00:00.000,options,call
31,1539165720000,37.05,37.05,37.0,37.0,120,,25700,weekly,2018-10-17T21:00:00.000,options,call
32,1539165780000,37.05,37.6,37.05,37.6,120,,25700,weekly,2018-10-17T21:00:00.000,options,call
33,1539165840000,40.0,40.0,40.0,40.0,120,,25700,weekly,2018-10-17T21:00:00.000,options,call
34,1539165900000,39.45,39.45,36.95,36.95,80,,25700,weekly,2018-10-17T21:00:00.000,options,call
35,1539165960000,39.65,39.65,39.65,39.65,80,,25700,weekly,2018-10-17T21:00:00.000,options,call
36,1539166020000,38.05,38.05,38.05,38.05,200,,25700,weekly,2018-10-17T21:00:00.000,options,call
37,1539166080000,36.2,37.0,36.2,37.0,80,,25700,weekly,2018-10-17T21:00:00.000,options,call
38,1539166320000,37.5,37.5,37.5,37.5,40,,25700,weekly,2018-10-17T21:00:00.000,options,call
39,1539166380000,37.5,37.5,35.8,35.8,80,,25700,weekly,2018-10-17T21:00:00.000,options,call
40,1539166440000,35.85,35.85,35.85,35.85,40,,25700,weekly,2018-10-17T21:00:00.000,options,call
41,1539166500000,38.4,38.4,38.4,38.4,40,,25700,weekly,2018-10-17T21:00:00.000,options,call
42,1539166560000,40.15,40.15,40.15,40.15,120,,25700,weekly,2018-10-17T21:00:00.000,options,call
43,1539166620000,38.45,39.05,38.45,39.05,160,,25700,weekly,2018-10-17T21:00:00.000,options,call
44,1539166680000,40.0,40.0,40.0,40.0,40,,25700,weekly,2018-10-17T21:00:00.000,options,call
45,1539166740000,42.95,42.95,40.4,40.4,80,,25700,weekly,2018-10-17T21:00:00.000,options,call
46,1539166800000,40.75,40.75,40.75,40.75,40,,25700,weekly,2018-10-17T21:00:00.000,options,call
47,1539166860000,41.8,41.8,41.8,41.8,120,,25700,weekly,2018-10-17T21:00:00.000,options,call
48,1539166920000,40.8,41.65,40.8,41.65,120,,25700,weekly,2018-10-17T21:00:00.000,options,call
49,1539167040000,41.35,41.35,40.95,40.95,120,,25700,weekly,2018-10-17T21:00:00.000,options,call
50,1539167160000,38.55,40.0,38.55,38.6,400,,25700,weekly,2018-10-17T21:00:00.000,options,call
51,1539167280000,40.2,40.2,40.2,40.2,40,,25700,weekly,2018-10-17T21:00:00.000,options,call
52,1539167340000,40.1,40.1,40.1,40.1,40,,25700,weekly,2018-10-17T21:00:00.000,options,call
53,1539167640000,39.65,44.6,39.65,44.6,760,,25700,weekly,2018-10-17T21:00:00.000,options,call
54,1539167700000,45.55,49.0,44.15,44.15,800,,25700,weekly,2018-10-17T21:00:00.000,options,call
55,1539167760000,49.0,49.0,47.25,48.0,320,,25700,weekly,2018-10-17T21:00:00.000,options,call
56,1539167820000,48.0,48.0,47.1,47.1,400,,25700,weekly,2018-10-17T21:00:00.000,options,call
57,1539167880000,48.5,51.75,48.5,50.0,480,,25700,weekly,2018-10-17T21:00:00.000,options,call
58,1539167940000,48.65,48.85,48.6,48.6,320,,25700,weekly,2018-10-17T21:00:00.000,options,call
59,1539168000000,49.0,49.0,48.0,48.0,80,,25700,weekly,2018-10-17T21:00:00.000,options,call
60,1539168060000,50.0,50.0,49.05,49.05,320,,25700,weekly,2018-10-17T21:00:00.000,options,call
61,1539168120000,48.0,48.05,48.0,48.05,120,,25700,weekly,2018-10-17T21:00:00.000,options,call
62,1539168180000,48.05,48.05,48.05,48.05,40,,25700,weekly,2018-10-17T21:00:00.000,options,call
63,1539168240000,50.0,50.8,50.0,50.8,80,,25700,weekly,2018-10-17T21:00:00.000,options,call
64,1539168300000,50.6,50.6,50.6,50.6,120,,25700,weekly,2018-10-17T21:00:00.000,options,call
65,1539168360000,51.0,52.6,50.9,50.9,200,,25700,weekly,2018-10-17T21:00:00.000,options,call
66,1539168420000,54.4,54.4,54.1,54.1,120,,25700,weekly,2018-10-17T21:00:00.000,options,call
67,1539168480000,54.0,57.3,53.5,54.35,1320,,25700,weekly,2018-10-17T21:00:00.000,options,call
68,1539168540000,57.35,57.35,55.15,56.0,1680,,25700,weekly,2018-10-17T21:00:00.000,options,call
69,1539168600000,56.8,57.35,55.0,55.0,280,,25700,weekly,2018-10-17T21:00:00.000,options,call
70,1539168660000,55.0,55.05,55.0,55.05,240,,25700,weekly,2018-10-17T21:00:00.000,options,call
71,1539168720000,54.8,54.8,54.8,54.8,40,,25700,weekly,2018-10-17T21:00:00.000,options,call
72,1539168780000,53.65,53.65,53.65,53.65,40,,25700,weekly,2018-10-17T21:00:00.000,options,call
73,1539168840000,57.0,57.0,56.1,56.1,160,,25700,weekly,2018-10-17T21:00:00.000,options,call
74,1539168900000,56.9,56.9,56.2,56.2,120,,25700,weekly,2018-10-17T21:00:00.000,options,call
75,1539168960000,56.25,56.25,56.25,56.25,80,,25700,weekly,2018-10-17T21:00:00.000,options,call
76,1539169020000,55.45,56.8,55.45,55.5,120,,25700,weekly,2018-10-17T21:00:00.000,options,call
77,1539169080000,57.1,57.1,54.2,54.2,320,,25700,weekly,2018-10-17T21:00:00.000,options,call
78,1539169140000,55.1,55.8,53.7,53.7,160,,25700,weekly,2018-10-17T21:00:00.000,options,call
79,1539169200000,52.0,54.15,52.0,54.15,600,,25700,weekly,2018-10-17T21:00:00.000,options,call
80,1539169260000,54.8,54.8,54.8,54.8,40,,25700,weekly,2018-10-17T21:00:00.000,options,call
81,1539169380000,55.0,55.0,54.85,55.0,520,,25700,weekly,2018-10-17T21:00:00.000,options,call
82,1539169440000,56.0,56.0,56.0,56.0,320,,25700,weekly,2018-10-17T21:00:00.000,options,call
83,1539169500000,56.35,60.0,56.35,60.0,1240,,25700,weekly,2018-10-17T21:00:00.000,options,call
84,1539169560000,60.0,60.1,60.0,60.0,3600,,25700,weekly,2018-10-17T21:00:00.000,options,call
85,1539169620000,61.0,61.05,61.0,61.0,3000,,25700,weekly,2018-10-17T21:00:00.000,options,call
86,1539169680000,61.0,61.0,58.9,61.0,1840,,25700,weekly,2018-10-17T21:00:00.000,options,call
87,1539169740000,65.5,65.5,61.75,61.75,1320,,25700,weekly,2018-10-17T21:00:00.000,options,call
88,1539169800000,63.25,64.85,62.25,64.85,1320,,25700,weekly,2018-10-17T21:00:00.000,options,call
89,1539169860000,60.25,60.25,59.55,59.55,80,,25700,weekly,2018-10-17T21:00:00.000,options,call
90,1539169920000,58.45,58.45,58.45,58.45,40,,25700,weekly,2018-10-17T21:00:00.000,options,call
91,1539169980000,63.45,64.5,63.45,64.5,160,,25700,weekly,2018-10-17T21:00:00.000,options,call
92,1539170040000,65.0,65.0,63.15,63.15,360,,25700,weekly,2018-10-17T21:00:00.000,options,call
93,1539170100000,63.05,63.7,63.05,63.7,80,,25700,weekly,2018-10-17T21:00:00.000,options,call
94,1539170280000,60.0,60.1,60.0,60.1,160,,25700,weekly,2018-10-17T21:00:00.000,options,call
95,1539170340000,59.25,60.0,59.05,59.05,280,,25700,weekly,2018-10-17T21:00:00.000,options,call
96,1539170400000,58.65,59.55,58.05,59.1,240,,25700,weekly,2018-10-17T21:00:00.000,options,call
97,1539170520000,61.4,62.05,61.4,62.05,480,,25700,weekly,2018-10-17T21:00:00.000,options,call
98,1539170580000,62.05,62.05,61.25,61.25,920,,25700,weekly,2018-10-17T21:00:00.000,options,call
99,1539170640000,62.3,62.3,61.1,61.85,240,,25700,weekly,2018-10-17T21:00:00.000,options,call
100,1539170700000,62.0,62.65,62.0,62.65,160,,25700,weekly,2018-10-17T21:00:00.000,options,call
101,1539170760000,62.05,62.6,62.05,62.6,160,,25700,weekly,2018-10-17T21:00:00.000,options,call
102,1539170820000,62.9,62.9,62.65,62.65,360,,25700,weekly,2018-10-17T21:00:00.000,options,call
103,1539170880000,62.05,69.0,61.4,68.0,1200,,25700,weekly,2018-10-17T21:00:00.000,options,call
104,1539170940000,68.2,68.2,67.55,68.2,160,,25700,weekly,2018-10-17T21:00:00.000,options,call
105,1539171000000,70.0,78.2,70.0,78.2,960,,25700,weekly,2018-10-17T21:00:00.000,options,call
106,1539171060000,77.5,81.0,77.5,80.0,1000,,25700,weekly,2018-10-17T21:00:00.000,options,call
107,1539171120000,83.45,85.2,83.1,83.1,280,,25700,weekly,2018-10-17T21:00:00.000,options,call
108,1539171180000,91.7,98.65,91.7,98.65,240,,25700,weekly,2018-10-17T21:00:00.000,options,call
109,1539171240000,99.0,101.0,91.3,99.05,2160,,25700,weekly,2018-10-17T21:00:00.000,options,call
110,1539171300000,97.7,99.65,94.05,97.0,4680,,25700,weekly,2018-10-17T21:00:00.000,options,call
111,1539171360000,96.7,100.65,96.25,96.8,760,,25700,weekly,2018-10-17T21:00:00.000,options,call
112,1539171420000,96.25,97.6,93.0,93.0,920,,25700,weekly,2018-10-17T21:00:00.000,options,call
113,1539171480000,90.55,92.3,88.15,88.15,600,,25700,weekly,2018-10-17T21:00:00.000,options,call
114,1539171540000,88.75,90.0,88.75,90.0,320,,25700,weekly,2018-10-17T21:00:00.000,options,call
115,1539171600000,93.35,94.2,92.2,92.2,520,,25700,weekly,2018-10-17T21:00:00.000,options,call
116,1539171660000,94.05,94.45,92.4,94.45,1400,,25700,weekly,2018-10-17T21:00:00.000,options,call
117,1539171720000,93.1,93.4,92.05,92.7,320,,25700,weekly,2018-10-17T21:00:00.000,options,call
118,1539171780000,90.1,90.75,90.1,90.75,120,,25700,weekly,2018-10-17T21:00:00.000,options,call
119,1539171840000,93.95,93.95,88.05,88.05,360,,25700,weekly,2018-10-17T21:00:00.000,options,call
120,1539171900000,88.0,88.0,86.1,86.1,1280,,25700,weekly,2018-10-17T21:00:00.000,options,call
121,1539171960000,88.95,88.95,88.9,88.95,160,,25700,weekly,2018-10-17T21:00:00.000,options,call
122,1539172020000,89.0,89.0,89.0,89.0,80,,25700,weekly,2018-10-17T21:00:00.000,options,call
123,1539172080000,88.7,88.7,86.9,86.9,280,,25700,weekly,2018-10-17T21:00:00.000,options,call
124,1539172140000,85.0,85.0,76.9,78.1,480,,25700,weekly,2018-10-17T21:00:00.000,options,call
125,1539172200000,77.5,79.45,76.25,79.45,480,,25700,weekly,2018-10-17T21:00:00.000,options,call
126,1539172260000,80.95,80.95,79.45,79.45,200,,25700,weekly,2018-10-17T21:00:00.000,options,call
127,1539172320000,76.55,76.55,75.15,76.1,440,,25700,weekly,2018-10-17T21:00:00.000,options,call
128,1539172380000,80.45,80.45,77.9,80.05,480,,25700,weekly,2018-10-17T21:00:00.000,options,call
129,1539172440000,80.8,80.8,80.8,80.8,120,,25700,weekly,2018-10-17T21:00:00.000,options,call
130,1539172560000,86.65,86.65,82.0,82.0,680,,25700,weekly,2018-10-17T21:00:00.000,options,call
131,1539172620000,85.35,87.5,85.35,86.3,480,,25700,weekly,2018-10-17T21:00:00.000,options,call
132,1539172680000,85.6,85.6,85.6,85.6,40,,25700,weekly,2018-10-17T21:00:00.000,options,call
133,1539172740000,87.75,89.75,87.75,89.75,200,,25700,weekly,2018-10-17T21:00:00.000,options,call
134,1539172800000,89.2,89.2,89.2,89.2,40,,25700,weekly,2018-10-17T21:00:00.000,options,call
135,1539172860000,88.7,91.8,88.7,91.5,280,,25700,weekly,2018-10-17T21:00:00.000,options,call
136,1539172920000,90.85,93.25,90.1,91.75,480,,25700,weekly,2018-10-17T21:00:00.000,options,call
137,1539172980000,91.05,91.05,90.25,90.25,200,,25700,weekly,2018-10-17T21:00:00.000,options,call
138,1539173040000,89.05,89.05,86.0,89.05,280,,25700,weekly,2018-10-17T21:00:00.000,options,call
139,1539173100000,90.1,90.9,90.1,90.5,680,,25700,weekly,2018-10-17T21:00:00.000,options,call
140,1539173160000,90.0,90.0,88.4,88.4,200,,25700,weekly,2018-10-17T21:00:00.000,options,call
141,1539173220000,87.75,87.75,83.95,83.95,160,,25700,weekly,2018-10-17T21:00:00.000,options,call
142,1539173280000,84.25,84.25,84.25,84.25,40,,25700,weekly,2018-10-17T21:00:00.000,options,call
143,1539173340000,90.0,94.3,89.85,89.85,120,,25700,weekly,2018-10-17T21:00:00.000,options,call
144,1539173400000,89.0,89.0,89.0,89.0,80,,25700,weekly,2018-10-17T21:00:00.000,options,call
145,1539173460000,90.55,92.15,90.0,92.15,240,,25700,weekly,2018-10-17T21:00:00.000,options,call
146,1539173520000,92.9,94.15,92.9,94.15,320,,25700,weekly,2018-10-17T21:00:00.000,options,call
147,1539173580000,92.05,92.05,91.75,91.75,120,,25700,weekly,2018-10-17T21:00:00.000,options,call
148,1539173640000,92.05,92.05,92.05,92.05,40,,25700,weekly,2018-10-17T21:00:00.000,options,call
149,1539173700000,93.0,93.0,93.0,93.0,40,,25700,weekly,2018-10-17T21:00:00.000,options,call
150,1539173760000,91.15,91.15,91.15,91.15,40,,25700,weekly,2018-10-17T21:00:00.000,options,call
151,1539173820000,93.75,93.75,93.75,93.75,80,,25700,weekly,2018-10-17T21:00:00.000,options,call
152,1539173880000,92.75,92.75,92.75,92.75,80,,25700,weekly,2018-10-17T21:00:00.000,options,call
153,1539174000000,92.75,94.0,92.7,93.0,360,,25700,weekly,2018-10-17T21:00:00.000,options,call
154,1539174060000,93.0,93.0,90.75,90.75,3000,,25700,weekly,2018-10-17T21:00:00.000,options,call
155,1539174120000,92.0,95.65,92.0,93.75,440,,25700,weekly,2018-10-17T21:00:00.000,options,call
156,1539174180000,96.0,96.0,96.0,96.0,120,,25700,weekly,2018-10-17T21:00:00.000,options,call
157,1539174240000,93.6,93.6,92.7,92.7,240,,25700,weekly,2018-10-17T21:00:00.000,options,call
158,1539174480000,93.8,97.5,92.65,97.5,1400,,25700,weekly,2018-10-17T21:00:00.000,options,call
159,1539174540000,96.7,104.25,96.7,99.35,3280,,25700,weekly,2018-10-17T21:00:00.000,options,call
160,1539174600000,90.0,98.15,90.0,98.15,920,,25700,weekly,2018-10-17T21:00:00.000,options,call
161,1539174660000,98.85,102.6,98.0,102.6,640,,25700,weekly,2018-10-17T21:00:00.000,options,call
162,1539174720000,100.45,109.95,100.45,109.5,600,,25700,weekly,2018-10-17T21:00:00.000,options,call
163,1539174780000,106.05,108.95,105.5,108.1,520,,25700,weekly,2018-10-17T21:00:00.000,options,call
164,1539174840000,106.5,106.5,101.3,102.7,520,,25700,weekly,2018-10-17T21:00:00.000,options,call
165,1539174900000,102.45,102.45,99.0,99.0,120,,25700,weekly,2018-10-17T21:00:00.000,options,call
166,1539174960000,100.6,103.0,100.35,102.0,240,,25700,weekly,2018-10-17T21:00:00.000,options,call
167,1539175080000,100.1,101.0,100.1,101.0,120,,25700,weekly,2018-10-17T21:00:00.000,options,call
168,1539175140000,98.85,99.0,98.85,99.0,240,,25700,weekly,2018-10-17T21:00:00.000,options,call
169,1539175200000,99.0,99.0,99.0,99.0,40,,25700,weekly,2018-10-17T21:00:00.000,options,call
170,1539175260000,99.0,99.0,99.0,99.0,120,,25700,weekly,2018-10-17T21:00:00.000,options,call
171,1539175320000,95.15,99.0,95.15,98.05,200,,25700,weekly,2018-10-17T21:00:00.000,options,call
172,1539175380000,99.75,99.75,96.0,96.0,640,,25700,weekly,2018-10-17T21:00:00.000,options,call
173,1539175440000,96.7,96.7,95.95,96.0,200,,25700,weekly,2018-10-17T21:00:00.000,options,call
174,1539175500000,97.0,98.0,97.0,98.0,80,,25700,weekly,2018-10-17T21:00:00.000,options,call
175,1539175560000,97.9,98.0,97.9,98.0,440,,25700,weekly,2018-10-17T21:00:00.000,options,call
176,1539175620000,96.3,98.1,96.3,98.1,240,,25700,weekly,2018-10-17T21:00:00.000,options,call
177,1539175680000,99.0,99.8,98.5,99.8,240,,25700,weekly,2018-10-17T21:00:00.000,options,call
178,1539175740000,98.35,98.35,96.35,96.35,160,,25700,weekly,2018-10-17T21:00:00.000,options,call
179,1539175800000,94.0,94.0,87.0,90.9,760,,25700,weekly,2018-10-17T21:00:00.000,options,call
180,1539175860000,90.75,90.75,87.0,88.5,400,,25700,weekly,2018-10-17T21:00:00.000,options,call
181,1539175920000,87.0,88.0,87.0,87.8,200,,25700,weekly,2018-10-17T21:00:00.000,options,call
182,1539175980000,87.0,87.0,86.0,86.0,320,,25700,weekly,2018-10-17T21:00:00.000,options,call
183,1539176040000,85.95,91.3,85.95,89.15,560,,25700,weekly,2018-10-17T21:00:00.000,options,call
184,1539176100000,86.15,86.15,83.1,83.1,400,,25700,weekly,2018-10-17T21:00:00.000,options,call
185,1539176160000,81.6,83.85,81.6,83.85,360,,25700,weekly,2018-10-17T21:00:00.000,options,call
186,1539176220000,83.8,87.0,83.8,87.0,160,,25700,weekly,2018-10-17T21:00:00.000,options,call
187,1539176280000,86.1,86.1,86.1,86.1,40,,25700,weekly,2018-10-17T21:00:00.000,options,call
188,1539176340000,86.05,86.05,85.5,85.5,120,,25700,weekly,2018-10-17T21:00:00.000,options,call
189,1539176400000,84.35,85.25,84.35,85.25,160,,25700,weekly,2018-10-17T21:00:00.000,options,call
190,1539176460000,87.55,87.55,85.4,85.4,280,,25700,weekly,2018-10-17T21:00:00.000,options,call
191,1539176520000,86.55,89.85,86.55,89.85,520,,25700,weekly,2018-10-17T21:00:00.000,options,call
192,1539176580000,89.1,90.7,87.2,89.4,200,,25700,weekly,2018-10-17T21:00:00.000,options,call
193,1539176640000,89.15,92.65,89.15,91.8,360,,25700,weekly,2018-10-17T21:00:00.000,options,call
194,1539176700000,90.0,90.05,88.1,88.1,120,,25700,weekly,2018-10-17T21:00:00.000,options,call
195,1539176820000,89.95,89.95,89.95,89.95,40,,25700,weekly,2018-10-17T21:00:00.000,options,call
196,1539176880000,89.15,91.1,89.0,90.6,1800,,25700,weekly,2018-10-17T21:00:00.000,options,call
197,1539176940000,90.3,91.55,90.3,90.45,240,,25700,weekly,2018-10-17T21:00:00.000,options,call
198,1539177000000,94.35,94.35,89.65,89.65,440,,25700,weekly,2018-10-17T21:00:00.000,options,call
199,1539177060000,90.0,90.0,89.05,89.05,360,,25700,weekly,2018-10-17T21:00:00.000,options,call
200,1539177120000,90.0,90.6,87.45,87.45,800,,25700,weekly,2018-10-17T21:00:00.000,options,call
201,1539177180000,87.0,87.2,86.05,86.35,560,,25700,weekly,2018-10-17T21:00:00.000,options,call
202,1539177240000,89.25,89.85,88.0,89.85,520,,25700,weekly,2018-10-17T21:00:00.000,options,call
203,1539177300000,89.9,90.0,89.05,89.95,280,,25700,weekly,2018-10-17T21:00:00.000,options,call
204,1539177360000,90.0,97.6,90.0,97.6,360,,25700,weekly,2018-10-17T21:00:00.000,options,call
205,1539177420000,96.95,100.0,96.95,100.0,400,,25700,weekly,2018-10-17T21:00:00.000,options,call
206,1539177480000,99.45,100.0,99.45,100.0,160,,25700,weekly,2018-10-17T21:00:00.000,options,call
207,1539177540000,108.0,110.0,106.0,110.0,2080,,25700,weekly,2018-10-17T21:00:00.000,options,call
208,1539177600000,108.85,108.85,106.0,108.75,840,,25700,weekly,2018-10-17T21:00:00.000,options,call
209,1539177660000,109.65,114.8,108.95,113.45,2200,,25700,weekly,2018-10-17T21:00:00.000,options,call
210,1539177720000,111.0,111.0,106.7,106.7,520,,25700,weekly,2018-10-17T21:00:00.000,options,call
211,1539177780000,106.05,107.0,103.1,103.1,600,,25700,weekly,2018-10-17T21:00:00.000,options,call
212,1539177840000,106.0,106.9,106.0,106.85,200,,25700,weekly,2018-10-17T21:00:00.000,options,call
213,1539177900000,108.3,109.8,105.9,107.95,400,,25700,weekly,2018-10-17T21:00:00.000,options,call
214,1539177960000,108.05,108.05,105.85,107.2,2000,,25700,weekly,2018-10-17T21:00:00.000,options,call
215,1539178020000,108.5,108.5,106.65,108.0,800,,25700,weekly,2018-10-17T21:00:00.000,options,call
216,1539178080000,107.0,110.0,107.0,108.45,920,,25700,weekly,2018-10-17T21:00:00.000,options,call
217,1539178140000,110.05,114.85,110.05,114.85,720,,25700,weekly,2018-10-17T21:00:00.000,options,call
218,1539178200000,115.15,116.55,114.9,115.45,3960,,25700,weekly,2018-10-17T21:00:00.000,options,call
219,1539178260000,115.8,118.7,115.8,118.7,680,,25700,weekly,2018-10-17T21:00:00.000,options,call
220,1539178320000,116.7,117.45,113.85,115.0,960,,25700,weekly,2018-10-17T21:00:00.000,options,call
221,1539178380000,117.15,117.5,117.15,117.5,120,,25700,weekly,2018-10-17T21:00:00.000,options,call
222,1539178440000,112.45,115.0,111.85,115.0,280,,25700,weekly,2018-10-17T21:00:00.000,options,call
223,1539178500000,116.6,119.95,116.6,118.35,720,,25700,weekly,2018-10-17T21:00:00.000,options,call
224,1539178560000,118.0,120.0,116.1,116.1,280,,25700,weekly,2018-10-17T21:00:00.000,options,call
225,1539178620000,116.3,116.3,112.1,112.1,280,,25700,weekly,2018-10-17T21:00:00.000,options,call
226,1539178680000,108.75,110.2,107.45,107.65,800,,25700,weekly,2018-10-17T21:00:00.000,options,call
227,1539178740000,108.2,108.2,103.0,103.4,720,,25700,weekly,2018-10-17T21:00:00.000,options,call
228,1539178800000,103.95,108.35,103.4,105.3,400,,25700,weekly,2018-10-17T21:00:00.000,options,call
229,1539178860000,104.85,106.0,104.85,106.0,200,,25700,weekly,2018-10-17T21:00:00.000,options,call
230,1539178920000,108.3,108.3,104.6,104.6,320,,25700,weekly,2018-10-17T21:00:00.000,options,call
231,1539178980000,104.35,104.35,99.05,101.3,800,,25700,weekly,2018-10-17T21:00:00.000,options,call
232,1539179040000,100.0,105.55,100.0,104.6,440,,25700,weekly,2018-10-17T21:00:00.000,options,call
233,1539179100000,101.7,106.95,101.7,106.95,320,,25700,weekly,2018-10-17T21:00:00.000,options,call
234,1539179160000,107.0,109.0,107.0,107.8,1160,,25700,weekly,2018-10-17T21:00:00.000,options,call
235,1539179220000,104.6,104.6,100.05,100.05,1240,,25700,weekly,2018-10-17T21:00:00.000,options,call
236,1539179280000,104.25,104.65,101.3,102.6,960,,25700,weekly,2018-10-17T21:00:00.000,options,call
237,1539179340000,103.1,103.1,100.0,100.0,880,,25700,weekly,2018-10-17T21:00:00.000,options,call
238,1539179400000,102.75,102.75,92.1,97.4,2680,,25700,weekly,2018-10-17T21:00:00.000,options,call
239,1539179460000,95.5,97.25,95.5,96.9,560,,25700,weekly,2018-10-17T21:00:00.000,options,call
240,1539179520000,98.85,102.9,97.3,99.55,840,,25700,weekly,2018-10-17T21:00:00.000,options,call
241,1539179580000,99.55,100.7,99.55,100.7,120,,25700,weekly,2018-10-17T21:00:00.000,options,call
242,1539179640000,102.0,103.25,102.0,102.0,280,,25700,weekly,2018-10-17T21:00:00.000,options,call
243,1539179700000,103.25,105.6,103.25,105.6,360,,25700,weekly,2018-10-17T21:00:00.000,options,call
244,1539179760000,105.45,105.45,100.0,100.0,800,,25700,weekly,2018-10-17T21:00:00.000,options,call
245,1539179820000,100.0,100.0,98.9,98.9,640,,25700,weekly,2018-10-17T21:00:00.000,options,call
246,1539179880000,103.4,106.0,102.05,105.45,360,,25700,weekly,2018-10-17T21:00:00.000,options,call
247,1539179940000,105.0,105.0,102.0,102.0,480,,25700,weekly,2018-10-17T21:00:00.000,options,call
248,1539180000000,100.0,100.0,100.0,100.0,40,,25700,weekly,2018-10-17T21:00:00.000,options,call
249,1539180060000,104.0,105.5,103.55,105.5,480,,25700,weekly,2018-10-17T21:00:00.000,options,call
250,1539180120000,106.35,107.4,105.75,105.75,240,,25700,weekly,2018-10-17T21:00:00.000,options,call
251,1539180180000,109.75,109.75,107.1,107.1,80,,25700,weekly,2018-10-17T21:00:00.000,options,call
252,1539180240000,107.0,107.0,104.5,104.5,560,,25700,weekly,2018-10-17T21:00:00.000,options,call
253,1539180300000,104.0,104.0,104.0,104.0,1000,,25700,weekly,2018-10-17T21:00:00.000,options,call
254,1539180360000,100.05,100.05,98.2,98.2,280,,25700,weekly,2018-10-17T21:00:00.000,options,call
255,1539180480000,102.0,102.6,98.5,98.5,160,,25700,weekly,2018-10-17T21:00:00.000,options,call
256,1539180540000,106.5,106.5,106.5,106.5,40,,25700,weekly,2018-10-17T21:00:00.000,options,call
257,1539180600000,107.05,120.45,107.05,119.4,4360,,25700,weekly,2018-10-17T21:00:00.000,options,call
258,1539180660000,120.0,120.35,119.7,120.0,3640,,25700,weekly,2018-10-17T21:00:00.000,options,call
259,1539180720000,120.5,125.0,120.15,120.15,840,,25700,weekly,2018-10-17T21:00:00.000,options,call
260,1539180780000,120.05,122.1,120.05,122.1,520,,25700,weekly,2018-10-17T21:00:00.000,options,call
261,1539180840000,122.45,123.55,119.7,120.4,2640,,25700,weekly,2018-10-17T21:00:00.000,options,call
262,1539180900000,118.8,128.25,118.8,125.75,2560,,25700,weekly,2018-10-17T21:00:00.000,options,call
263,1539180960000,126.15,134.2,125.15,126.5,2200,,25700,weekly,2018-10-17T21:00:00.000,options,call
264,1539181020000,127.0,129.3,126.9,128.1,2480,,25700,weekly,2018-10-17T21:00:00.000,options,call
265,1539181080000,127.15,127.85,125.0,125.0,680,,25700,weekly,2018-10-17T21:00:00.000,options,call
266,1539181140000,122.1,127.65,122.1,125.25,560,,25700,weekly,2018-10-17T21:00:00.000,options,call
267,1539181200000,123.9,125.95,122.35,124.05,160,,25700,weekly,2018-10-17T21:00:00.000,options,call
268,1539181260000,121.65,127.0,119.35,122.9,2120,,25700,weekly,2018-10-17T21:00:00.000,options,call
269,1539181320000,120.7,123.05,117.15,117.15,640,,25700,weekly,2018-10-17T21:00:00.000,options,call
270,1539181380000,117.65,120.55,116.9,118.5,920,,25700,weekly,2018-10-17T21:00:00.000,options,call
271,1539181440000,121.0,126.2,120.75,125.0,720,,25700,weekly,2018-10-17T21:00:00.000,options,call
272,1539181500000,125.7,125.7,123.7,124.55,280,,25700,weekly,2018-10-17T21:00:00.000,options,call
273,1539181560000,122.9,123.65,122.25,122.35,320,,25700,weekly,2018-10-17T21:00:00.000,options,call
274,1539181620000,123.85,126.6,122.7,126.6,1280,,25700,weekly,2018-10-17T21:00:00.000,options,call
275,1539181680000,133.1,133.1,122.8,124.5,520,,25700,weekly,2018-10-17T21:00:00.000,options,call
276,1539181740000,123.7,123.7,122.25,122.25,160,,25700,weekly,2018-10-17T21:00:00.000,options,call
277,1539181800000,120.0,121.05,114.35,118.05,1800,,25700,weekly,2018-10-17T21:00:00.000,options,call
278,1539181860000,115.35,115.35,107.55,113.75,1480,,25700,weekly,2018-10-17T21:00:00.000,options,call
279,1539181920000,114.8,118.9,114.15,114.35,2200,,25700,weekly,2018-10-17T21:00:00.000,options,call
280,1539181980000,115.4,115.4,113.5,115.0,680,,25700,weekly,2018-10-17T21:00:00.000,options,call
281,1539182040000,113.7,113.8,111.1,113.8,680,,25700,weekly,2018-10-17T21:00:00.000,options,call
282,1539182100000,113.0,113.25,112.75,112.75,640,,25700,weekly,2018-10-17T21:00:00.000,options,call
283,1539182160000,110.7,116.1,110.0,116.1,920,,25700,weekly,2018-10-17T21:00:00.000,options,call
284,1539182220000,116.1,119.6,116.1,117.4,1040,,25700,weekly,2018-10-17T21:00:00.000,options,call
285,1539182280000,116.95,128.1,116.95,125.15,2040,,25700,weekly,2018-10-17T21:00:00.000,options,call
286,1539182340000,126.45,130.0,126.45,127.5,2160,,25700,weekly,2018-10-17T21:00:00.000,options,call
287,1539182400000,127.55,130.0,127.55,130.0,440,,25700,weekly,2018-10-17T21:00:00.000,options,call
288,1539182460000,127.9,132.0,127.9,130.5,3160,,25700,weekly,2018-10-17T21:00:00.000,options,call
289,1539182520000,131.45,132.7,126.2,127.15,1840,,25700,weekly,2018-10-17T21:00:00.000,options,call
290,1539182580000,127.15,129.1,126.9,126.9,520,,25700,weekly,2018-10-17T21:00:00.000,options,call
291,1539182640000,126.5,127.5,123.95,127.5,520,,25700,weekly,2018-10-17T21:00:00.000,options,call
292,1539182700000,129.7,136.0,125.75,125.75,3200,,25700,weekly,2018-10-17T21:00:00.000,options,call
293,1539182760000,130.0,130.0,127.0,127.6,1000,,25700,weekly,2018-10-17T21:00:00.000,options,call
294,1539182820000,127.95,139.25,126.9,134.65,2000,,25700,weekly,2018-10-17T21:00:00.000,options,call
295,1539182880000,131.95,132.15,129.25,129.25,520,,25700,weekly,2018-10-17T21:00:00.000,options,call
296,1539182940000,129.7,130.15,123.5,123.5,2000,,25700,weekly,2018-10-17T21:00:00.000,options,call
297,1539183000000,125.1,125.1,122.0,123.3,1200,,25700,weekly,2018-10-17T21:00:00.000,options,call
298,1539183060000,123.3,125.6,121.9,125.55,600,,25700,weekly,2018-10-17T21:00:00.000,options,call
299,1539183120000,125.9,130.0,125.5,130.0,560,,25700,weekly,2018-10-17T21:00:00.000,options,call
300,1539183180000,128.0,128.0,125.0,126.25,880,,25700,weekly,2018-10-17T21:00:00.000,options,call
301,1539183240000,130.0,130.0,130.0,130.0,80,,25700,weekly,2018-10-17T21:00:00.000,options,call
302,1539183300000,130.0,133.75,130.0,133.75,1000,,25700,weekly,2018-10-17T21:00:00.000,options,call
303,1539183360000,133.75,138.95,133.75,138.95,880,,25700,weekly,2018-10-17T21:00:00.000,options,call
304,1539183420000,136.6,146.55,136.5,137.9,3840,,25700,weekly,2018-10-17T21:00:00.000,options,call
305,1539183480000,135.0,135.0,131.9,131.9,1000,,25700,weekly,2018-10-17T21:00:00.000,options,call
306,1539183540000,131.3,131.3,129.35,130.0,280,,25700,weekly,2018-10-17T21:00:00.000,options,call
307,1539183600000,138.0,138.0,135.15,135.5,600,,25700,weekly,2018-10-17T21:00:00.000,options,call
308,1539183660000,130.0,130.0,125.5,125.5,120,,25700,weekly,2018-10-17T21:00:00.000,options,call
309,1539183720000,127.55,130.0,127.55,129.85,440,,25700,weekly,2018-10-17T21:00:00.000,options,call
310,1539183780000,132.75,133.3,132.75,133.3,160,,25700,weekly,2018-10-17T21:00:00.000,options,call
311,1539183840000,134.0,134.05,132.05,132.05,240,,25700,weekly,2018-10-17T21:00:00.000,options,call
312,1539183900000,131.9,135.0,131.0,131.05,760,,25700,weekly,2018-10-17T21:00:00.000,options,call
313,1539183960000,130.45,130.45,123.4,123.4,1320,,25700,weekly,2018-10-17T21:00:00.000,options,call
314,1539184020000,120.0,120.0,117.95,118.75,440,,25700,weekly,2018-10-17T21:00:00.000,options,call
315,1539184080000,120.0,122.3,119.75,120.7,1880,,25700,weekly,2018-10-17T21:00:00.000,options,call
316,1539184140000,123.0,125.75,121.25,123.7,1080,,25700,weekly,2018-10-17T21:00:00.000,options,call
317,1539184200000,122.85,122.95,120.9,122.95,640,,25700,weekly,2018-10-17T21:00:00.000,options,call
318,1539184260000,122.7,122.7,118.85,119.75,640,,25700,weekly,2018-10-17T21:00:00.000,options,call
319,1539184320000,120.8,121.85,120.65,121.8,600,,25700,weekly,2018-10-17T21:00:00.000,options,call
320,1539184380000,121.7,121.7,118.2,118.2,560,,25700,weekly,2018-10-17T21:00:00.000,options,call
321,1539184440000,118.0,119.95,117.25,117.25,360,,25700,weekly,2018-10-17T21:00:00.000,options,call
322,1539184500000,117.9,125.0,117.25,124.0,2880,,25700,weekly,2018-10-17T21:00:00.000,options,call
323,1539184560000,123.75,124.95,123.4,124.95,1680,,25700,weekly,2018-10-17T21:00:00.000,options,call
324,1539184620000,124.95,126.7,123.4,123.4,840,,25700,weekly,2018-10-17T21:00:00.000,options,call
325,1539184680000,123.45,124.65,121.3,121.3,360,,25700,weekly,2018-10-17T21:00:00.000,options,call
326,1539184740000,121.8,123.0,120.8,122.95,680,,25700,weekly,2018-10-17T21:00:00.000,options,call
327,1539184800000,120.0,120.0,117.05,118.4,1960,,25700,weekly,2018-10-17T21:00:00.000,options,call
328,1539184860000,119.0,121.0,119.0,119.8,240,,25700,weekly,2018-10-17T21:00:00.000,options,call
329,1539184920000,119.8,119.95,118.4,119.9,520,,25700,weekly,2018-10-17T21:00:00.000,options,call
330,1539184980000,120.0,124.75,120.0,120.35,3080,,25700,weekly,2018-10-17T21:00:00.000,options,call
331,1539185040000,121.3,124.25,121.3,123.45,360,,25700,weekly,2018-10-17T21:00:00.000,options,call
332,1539185100000,123.8,126.3,123.3,124.05,1160,,25700,weekly,2018-10-17T21:00:00.000,options,call
333,1539185160000,124.05,124.05,123.05,123.75,520,,25700,weekly,2018-10-17T21:00:00.000,options,call
334,1539185220000,123.75,123.75,122.0,122.0,360,,25700,weekly,2018-10-17T21:00:00.000,options,call
335,1539185280000,120.05,121.65,116.6,116.6,1360,,25700,weekly,2018-10-17T21:00:00.000,options,call
336,1539185340000,118.3,125.0,114.45,124.0,1760,,25700,weekly,2018-10-17T21:00:00.000,options,call
337,1539185400000,118.3,125.0,114.45,122.75,0,,25700,weekly,2018-10-17T21:00:00.000,options,call
