,timestamp,open,high,low,close,volume,open_interest,strike,expiry_type,expiry,instrument,contract_type
0,1578647700000,117.3,123.7,84.1,89.95,60440,,32700,weekly,2020-1-16T21:00:00.000,options,call
1,1578647760000,89.95,95.8,89.9,95.8,24540,,32700,weekly,2020-1-16T21:00:00.000,options,call
2,1578647820000,95.95,101.85,95.95,97.75,35120,,32700,weekly,2020-1-16T21:00:00.000,options,call
3,1578647880000,97.75,108.75,97.6,104.8,45220,,32700,weekly,2020-1-16T21:00:00.000,options,call
4,1578647940000,104.65,105.2,98.9,98.9,46500,,32700,weekly,2020-1-16T21:00:00.000,options,call
5,1578648000000,98.5,100.65,94.2,94.55,29220,,32700,weekly,2020-1-16T21:00:00.000,options,call
6,1578648060000,95.5,97.45,90.45,90.45,20280,,32700,weekly,2020-1-16T21:00:00.000,options,call
7,1578648120000,90.35,94.0,89.4,91.55,31580,,32700,weekly,2020-1-16T21:00:00.000,options,call
8,1578648180000,91.35,99.65,91.35,99.05,23660,,32700,weekly,2020-1-16T21:00:00.000,options,call
9,1578648240000,100.0,102.35,96.15,96.55,25240,,32700,weekly,2020-1-16T21:00:00.000,options,call
10,1578648300000,96.55,96.55,92.6,95.0,18140,,32700,weekly,2020-1-16T21:00:00.000,options,call
11,1578648360000,94.75,95.3,89.65,92.3,33000,,32700,weekly,2020-1-16T21:00:00.000,options,call
12,1578648420000,92.3,92.3,88.55,90.85,24660,,32700,weekly,2020-1-16T21:00:00.000,options,call
13,1578648480000,91.15,96.0,91.05,91.65,26800,,32700,weekly,2020-1-16T21:00:00.000,options,call
14,1578648540000,91.7,91.7,88.25,89.7,19480,,32700,weekly,2020-1-16T21:00:00.000,options,call
15,1578648600000,89.5,91.25,84.4,90.15,30460,,32700,weekly,2020-1-16T21:00:00.000,options,call
16,1578648660000,90.1,90.3,87.2,88.7,12780,,32700,weekly,2020-1-16T21:00:00.000,options,call
17,1578648720000,88.4,90.0,85.85,88.2,18660,,32700,weekly,2020-1-16T21:00:00.000,options,call
18,1578648780000,87.0,87.0,81.25,83.35,22320,,32700,weekly,2020-1-16T21:00:00.000,options,call
19,1578648840000,82.4,86.2,82.25,85.7,17620,,32700,weekly,2020-1-16T21:00:00.000,options,call
20,1578648900000,86.5,89.75,85.6,85.7,17800,,32700,weekly,2020-1-16T21:00:00.000,options,call
21,1578648960000,85.45,85.65,83.15,85.2,9100,,32700,weekly,2020-1-16T21:00:00.000,options,call
22,1578649020000,84.55,84.55,78.1,80.85,22900,,32700,weekly,2020-1-16T21:00:00.000,options,call
23,1578649080000,80.8,85.25,80.0,83.75,19980,,32700,weekly,2020-1-16T21:00:00.000,options,call
24,1578649140000,83.7,83.7,79.55,81.95,11560,,32700,weekly,2020-1-16T21:00:00.000,options,call
25,1578649200000,81.85,83.9,81.1,82.95,13120,,32700,weekly,2020-1-16T21:00:00.000,options,call
26,1578649260000,82.95,84.0,79.95,80.4,11640,,32700,weekly,2020-1-16T21:00:00.000,options,call
27,1578649320000,80.2,80.2,77.55,78.15,6840,,32700,weekly,2020-1-16T21:00:00.000,options,call
28,1578649380000,78.3,81.4,77.95,81.4,11020,,32700,weekly,2020-1-16T21:00:00.000,options,call
29,1578649440000,80.15,85.55,79.65,84.95,11380,,32700,weekly,2020-1-16T21:00:00.000,options,call
30,1578649500000,84.95,90.75,84.8,89.7,16920,,32700,weekly,2020-1-16T21:00:00.000,options,call
31,1578649560000,89.95,90.75,87.0,88.0,21240,,32700,weekly,2020-1-16T21:00:00.000,options,call
32,1578649620000,88.0,93.0,88.0,91.0,23220,,32700,weekly,2020-1-16T21:00:00.000,options,call
33,1578649680000,91.05,95.1,91.05,94.5,21640,,32700,weekly,2020-1-16T21:00:00.000,options,call
34,1578649740000,95.35,97.85,94.45,96.65,27880,,32700,weekly,2020-1-16T21:00:00.000,options,call
35,1578649800000,96.45,99.0,95.25,98.85,21000,,32700,weekly,2020-1-16T21:00:00.000,options,call
36,1578649860000,98.5,98.75,94.1,96.0,20380,,32700,weekly,2020-1-16T21:00:00.000,options,call
37,1578649920000,96.7,106.05,96.25,103.2,42500,,32700,weekly,2020-1-16T21:00:00.000,options,call
38,1578649980000,102.6,104.3,100.8,103.2,15800,,32700,weekly,2020-1-16T21:00:00.000,options,call
39,1578650040000,102.9,103.8,99.35,100.5,22940,,32700,weekly,2020-1-16T21:00:00.000,options,call
40,1578650100000,100.45,104.65,100.45,104.2,11940,,32700,weekly,2020-1-16T21:00:00.000,options,call
41,1578650160000,103.6,104.5,100.25,101.65,12820,,32700,weekly,2020-1-16T21:00:00.000,options,call
42,1578650220000,101.0,101.55,95.7,99.25,20680,,32700,weekly,2020-1-16T21:00:00.000,options,call
43,1578650280000,99.2,104.1,99.2,103.85,13000,,32700,weekly,2020-1-16T21:00:00.000,options,call
44,1578650340000,103.85,103.85,96.9,98.1,14000,,32700,weekly,2020-1-16T21:00:00.000,options,call
45,1578650400000,98.0,98.05,88.8,92.1,43260,,32700,weekly,2020-1-16T21:00:00.000,options,call
46,1578650460000,92.6,95.0,91.2,94.65,13560,,32700,weekly,2020-1-16T21:00:00.000,options,call
47,1578650520000,94.65,97.8,92.8,97.8,22760,,32700,weekly,2020-1-16T21:00:00.000,options,call
48,1578650580000,97.0,100.0,96.7,100.0,18840,,32700,weekly,2020-1-16T21:00:00.000,options,call
49,1578650640000,99.9,103.2,99.8,101.75,26980,,32700,weekly,2020-1-16T21:00:00.000,options,call
50,1578650700000,101.25,102.3,98.3,98.9,20980,,32700,weekly,2020-1-16T21:00:00.000,options,call
51,1578650760000,99.7,100.9,97.75,99.35,8740,,32700,weekly,2020-1-16T21:00:00.000,options,call
52,1578650820000,99.55,99.55,94.15,94.2,8420,,32700,weekly,2020-1-16T21:00:00.000,options,call
53,1578650880000,93.8,97.55,93.7,96.3,12380,,32700,weekly,2020-1-16T21:00:00.000,options,call
54,1578650940000,96.85,98.0,96.0,96.0,5280,,32700,weekly,2020-1-16T21:00:00.000,options,call
55,1578651000000,96.0,98.0,95.5,97.8,7100,,32700,weekly,2020-1-16T21:00:00.000,options,call
56,1578651060000,98.9,100.0,97.2,97.55,16540,,32700,weekly,2020-1-16T21:00:00.000,options,call
57,1578651120000,97.05,98.05,95.55,96.15,6420,,32700,weekly,2020-1-16T21:00:00.000,options,call
58,1578651180000,96.5,97.5,92.65,95.6,14860,,32700,weekly,2020-1-16T21:00:00.000,options,call
59,1578651240000,95.7,99.05,95.7,98.95,7140,,32700,weekly,2020-1-16T21:00:00.000,options,call
60,1578651300000,98.85,100.85,95.5,100.05,9660,,32700,weekly,2020-1-16T21:00:00.000,options,call
61,1578651360000,100.05,105.0,99.3,99.5,49800,,32700,weekly,2020-1-16T21:00:00.000,options,call
62,1578651420000,99.5,100.0,96.7,97.6,15920,,32700,weekly,2020-1-16T21:00:00.000,options,call
63,1578651480000,97.1,98.25,95.2,98.25,10560,,32700,weekly,2020-1-16T21:00:00.000,options,call
64,1578651540000,97.95,101.0,97.55,98.2,12600,,32700,weekly,2020-1-16T21:00:00.000,options,call
65,1578651600000,97.8,101.75,97.8,100.75,12660,,32700,weekly,2020-1-16T21:00:00.000,options,call
66,1578651660000,100.75,100.75,96.7,98.85,10540,,32700,weekly,2020-1-16T21:00:00.000,options,call
67,1578651720000,98.85,100.0,98.2,99.85,6020,,32700,weekly,2020-1-16T21:00:00.000,options,call
68,1578651780000,99.65,99.65,97.05,97.15,4680,,32700,weekly,2020-1-16T21:00:00.000,options,call
69,1578651840000,97.15,99.3,96.65,98.15,6800,,32700,weekly,2020-1-16T21:00:00.000,options,call
70,1578651900000,98.15,99.35,98.0,98.35,3900,,32700,weekly,2020-1-16T21:00:00.000,options,call
71,1578651960000,98.15,98.5,96.2,96.8,4000,,32700,weekly,2020-1-16T21:00:00.000,options,call
72,1578652020000,96.65,99.0,96.0,98.55,6340,,32700,weekly,2020-1-16T21:00:00.000,options,call
73,1578652080000,98.95,103.9,98.9,102.2,25500,,32700,weekly,2020-1-16T21:00:00.000,options,call
74,1578652140000,102.3,103.35,100.35,101.35,11200,,32700,weekly,2020-1-16T21:00:00.000,options,call
75,1578652200000,101.35,106.1,101.35,103.1,24180,,32700,weekly,2020-1-16T21:00:00.000,options,call
76,1578652260000,102.5,104.4,102.2,103.3,8600,,32700,weekly,2020-1-16T21:00:00.000,options,call
77,1578652320000,103.95,106.75,101.45,103.85,17040,,32700,weekly,2020-1-16T21:00:00.000,options,call
78,1578652380000,103.85,104.75,101.75,101.75,7520,,32700,weekly,2020-1-16T21:00:00.000,options,call
79,1578652440000,102.2,103.95,101.65,103.3,6940,,32700,weekly,2020-1-16T21:00:00.000,options,call
80,1578652500000,103.3,109.0,103.3,106.95,21480,,32700,weekly,2020-1-16T21:00:00.000,options,call
81,1578652560000,107.6,109.5,106.5,108.35,27320,,32700,weekly,2020-1-16T21:00:00.000,options,call
82,1578652620000,108.2,110.8,107.7,108.95,22040,,32700,weekly,2020-1-16T21:00:00.000,options,call
83,1578652680000,108.85,109.0,105.45,105.95,25120,,32700,weekly,2020-1-16T21:00:00.000,options,call
84,1578652740000,106.0,110.3,106.0,109.05,15140,,32700,weekly,2020-1-16T21:00:00.000,options,call
85,1578652800000,109.05,109.95,106.65,109.95,20000,,32700,weekly,2020-1-16T21:00:00.000,options,call
86,1578652860000,110.0,115.85,109.4,115.3,37580,,32700,weekly,2020-1-16T21:00:00.000,options,call
87,1578652920000,115.2,116.0,112.15,115.3,26360,,32700,weekly,2020-1-16T21:00:00.000,options,call
88,1578652980000,115.35,118.85,114.0,114.65,28440,,32700,weekly,2020-1-16T21:00:00.000,options,call
89,1578653040000,114.1,114.5,109.2,110.25,33080,,32700,weekly,2020-1-16T21:00:00.000,options,call
90,1578653100000,110.8,112.3,110.35,111.9,7940,,32700,weekly,2020-1-16T21:00:00.000,options,call
91,1578653160000,111.95,115.0,111.65,114.0,13980,,32700,weekly,2020-1-16T21:00:00.000,options,call
92,1578653220000,113.35,114.8,112.2,114.75,8040,,32700,weekly,2020-1-16T21:00:00.000,options,call
93,1578653280000,114.75,115.1,111.15,111.85,12580,,32700,weekly,2020-1-16T21:00:00.000,options,call
94,1578653340000,111.9,111.9,108.45,110.5,12100,,32700,weekly,2020-1-16T21:00:00.000,options,call
95,1578653400000,111.1,111.1,103.0,105.25,16480,,32700,weekly,2020-1-16T21:00:00.000,options,call
96,1578653460000,104.65,105.55,102.55,103.85,10040,,32700,weekly,2020-1-16T21:00:00.000,options,call
97,1578653520000,104.0,107.6,103.55,107.05,7660,,32700,weekly,2020-1-16T21:00:00.000,options,call
98,1578653580000,107.05,111.1,107.05,110.75,10400,,32700,weekly,2020-1-16T21:00:00.000,options,call
99,1578653640000,110.75,112.75,109.4,109.4,8200,,32700,weekly,2020-1-16T21:00:00.000,options,call
100,1578653700000,109.55,112.75,109.05,111.85,8880,,32700,weekly,2020-1-16T21:00:00.000,options,call
101,1578653760000,112.4,112.6,109.75,110.55,5300,,32700,weekly,2020-1-16T21:00:00.000,options,call
102,1578653820000,110.55,111.4,110.05,110.1,4040,,32700,weekly,2020-1-16T21:00:00.000,options,call
103,1578653880000,110.45,112.5,110.3,111.65,7380,,32700,weekly,2020-1-16T21:00:00.000,options,call
104,1578653940000,112.2,112.5,111.1,111.85,4840,,32700,weekly,2020-1-16T21:00:00.000,options,call
105,1578654000000,112.0,116.95,111.65,112.8,26780,,32700,weekly,2020-1-16T21:00:00.000,options,call
106,1578654060000,112.45,114.9,112.0,112.55,6400,,32700,weekly,2020-1-16T21:00:00.000,options,call
107,1578654120000,112.2,112.2,110.75,111.45,5240,,32700,weekly,2020-1-16T21:00:00.000,options,call
108,1578654180000,111.45,111.8,108.85,110.85,10080,,32700,weekly,2020-1-16T21:00:00.000,options,call
109,1578654240000,111.45,112.45,109.35,110.0,2540,,32700,weekly,2020-1-16T21:00:00.000,options,call
110,1578654300000,109.6,111.8,108.7,111.1,5800,,32700,weekly,2020-1-16T21:00:00.000,options,call
111,1578654360000,111.1,113.0,110.85,111.85,9280,,32700,weekly,2020-1-16T21:00:00.000,options,call
112,1578654420000,112.0,112.2,109.5,112.05,6260,,32700,weekly,2020-1-16T21:00:00.000,options,call
113,1578654480000,112.65,113.4,110.05,111.0,5020,,32700,weekly,2020-1-16T21:00:00.000,options,call
114,1578654540000,111.0,114.0,110.65,110.7,10520,,32700,weekly,2020-1-16T21:00:00.000,options,call
115,1578654600000,111.1,111.6,109.1,110.0,11940,,32700,weekly,2020-1-16T21:00:00.000,options,call
116,1578654660000,110.0,110.95,109.0,110.2,3400,,32700,weekly,2020-1-16T21:00:00.000,options,call
117,1578654720000,110.05,113.5,110.05,111.85,7200,,32700,weekly,2020-1-16T21:00:00.000,options,call
118,1578654780000,111.3,113.0,109.8,111.95,5500,,32700,weekly,2020-1-16T21:00:00.000,options,call
119,1578654840000,112.55,113.5,109.7,111.0,6660,,32700,weekly,2020-1-16T21:00:00.000,options,call
120,1578654900000,111.05,112.6,110.05,110.15,8620,,32700,weekly,2020-1-16T21:00:00.000,options,call
121,1578654960000,110.75,113.8,109.3,111.5,16800,,32700,weekly,2020-1-16T21:00:00.000,options,call
122,1578655020000,111.65,112.55,110.35,110.5,5120,,32700,weekly,2020-1-16T21:00:00.000,options,call
123,1578655080000,110.3,110.4,107.2,110.4,12780,,32700,weekly,2020-1-16T21:00:00.000,options,call
124,1578655140000,110.4,111.5,109.9,111.0,3500,,32700,weekly,2020-1-16T21:00:00.000,options,call
125,1578655200000,111.0,111.2,108.25,110.65,3460,,32700,weekly,2020-1-16T21:00:00.000,options,call
126,1578655260000,110.65,111.5,109.6,110.55,3060,,32700,weekly,2020-1-16T21:00:00.000,options,call
127,1578655320000,110.55,113.95,110.2,110.45,20480,,32700,weekly,2020-1-16T21:00:00.000,options,call
128,1578655380000,110.15,111.5,107.7,108.35,11640,,32700,weekly,2020-1-16T21:00:00.000,options,call
129,1578655440000,108.0,108.6,102.3,102.55,18660,,32700,weekly,2020-1-16T21:00:00.000,options,call
130,1578655500000,101.95,106.8,101.95,104.85,13880,,32700,weekly,2020-1-16T21:00:00.000,options,call
131,1578655560000,104.8,105.15,101.9,104.85,11660,,32700,weekly,2020-1-16T21:00:00.000,options,call
132,1578655620000,104.65,106.1,104.0,105.75,8060,,32700,weekly,2020-1-16T21:00:00.000,options,call
133,1578655680000,105.0,109.8,104.25,109.8,8820,,32700,weekly,2020-1-16T21:00:00.000,options,call
134,1578655740000,109.85,111.0,108.5,108.6,11340,,32700,weekly,2020-1-16T21:00:00.000,options,call
135,1578655800000,110.2,110.65,109.0,109.8,5380,,32700,weekly,2020-1-16T21:00:00.000,options,call
136,1578655860000,110.0,111.4,109.2,111.05,5920,,32700,weekly,2020-1-16T21:00:00.000,options,call
137,1578655920000,111.55,112.5,109.3,110.2,14060,,32700,weekly,2020-1-16T21:00:00.000,options,call
138,1578655980000,110.3,111.8,106.35,106.35,9080,,32700,weekly,2020-1-16T21:00:00.000,options,call
139,1578656040000,107.35,109.0,107.0,107.35,2940,,32700,weekly,2020-1-16T21:00:00.000,options,call
140,1578656100000,106.9,109.9,106.9,109.05,5540,,32700,weekly,2020-1-16T21:00:00.000,options,call
141,1578656160000,108.65,110.3,108.0,109.05,5340,,32700,weekly,2020-1-16T21:00:00.000,options,call
142,1578656220000,108.7,108.7,107.15,107.7,2260,,32700,weekly,2020-1-16T21:00:00.000,options,call
143,1578656280000,107.4,108.1,105.6,105.7,5900,,32700,weekly,2020-1-16T21:00:00.000,options,call
144,1578656340000,105.7,110.4,105.7,109.65,8400,,32700,weekly,2020-1-16T21:00:00.000,options,call
145,1578656400000,109.65,111.0,108.95,110.1,4560,,32700,weekly,2020-1-16T21:00:00.000,options,call
146,1578656460000,110.25,111.0,109.4,111.0,7980,,32700,weekly,2020-1-16T21:00:00.000,options,call
147,1578656520000,110.45,110.65,108.35,109.4,2900,,32700,weekly,2020-1-16T21:00:00.000,options,call
148,1578656580000,109.4,111.1,109.25,110.6,7260,,32700,weekly,2020-1-16T21:00:00.000,options,call
149,1578656640000,110.95,112.75,110.2,112.1,9900,,32700,weekly,2020-1-16T21:00:00.000,options,call
150,1578656700000,112.7,113.7,111.4,111.4,14480,,32700,weekly,2020-1-16T21:00:00.000,options,call
151,1578656760000,111.35,113.3,111.2,111.3,6900,,32700,weekly,2020-1-16T21:00:00.000,options,call
152,1578656820000,112.6,113.5,111.55,112.5,11960,,32700,weekly,2020-1-16T21:00:00.000,options,call
153,1578656880000,112.5,115.0,112.5,114.4,16980,,32700,weekly,2020-1-16T21:00:00.000,options,call
154,1578656940000,114.7,116.1,112.45,115.65,23120,,32700,weekly,2020-1-16T21:00:00.000,options,call
155,1578657000000,114.8,116.4,114.2,114.5,9180,,32700,weekly,2020-1-16T21:00:00.000,options,call
156,1578657060000,114.5,117.2,114.0,117.0,11980,,32700,weekly,2020-1-16T21:00:00.000,options,call
157,1578657120000,117.0,118.3,115.0,116.65,12480,,32700,weekly,2020-1-16T21:00:00.000,options,call
158,1578657180000,116.2,117.0,114.55,115.2,9380,,32700,weekly,2020-1-16T21:00:00.000,options,call
159,1578657240000,115.3,115.3,110.8,114.05,12540,,32700,weekly,2020-1-16T21:00:00.000,options,call
160,1578657300000,114.15,114.35,110.95,111.9,5460,,32700,weekly,2020-1-16T21:00:00.000,options,call
161,1578657360000,111.75,113.05,110.65,112.25,10120,,32700,weekly,2020-1-16T21:00:00.000,options,call
162,1578657420000,111.9,112.5,109.2,111.95,12600,,32700,weekly,2020-1-16T21:00:00.000,options,call
163,1578657480000,111.5,111.6,108.25,108.25,4780,,32700,weekly,2020-1-16T21:00:00.000,options,call
164,1578657540000,109.0,109.3,104.0,105.6,21360,,32700,weekly,2020-1-16T21:00:00.000,options,call
165,1578657600000,106.5,110.9,106.5,110.75,15780,,32700,weekly,2020-1-16T21:00:00.000,options,call
166,1578657660000,110.45,111.1,109.6,110.15,7800,,32700,weekly,2020-1-16T21:00:00.000,options,call
167,1578657720000,110.4,111.35,109.75,110.65,5780,,32700,weekly,2020-1-16T21:00:00.000,options,call
168,1578657780000,111.55,111.85,110.65,111.2,1280,,32700,weekly,2020-1-16T21:00:00.000,options,call
169,1578657840000,110.65,111.05,109.6,110.0,4900,,32700,weekly,2020-1-16T21:00:00.000,options,call
170,1578657900000,110.45,111.75,109.5,111.75,3380,,32700,weekly,2020-1-16T21:00:00.000,options,call
171,1578657960000,111.6,111.6,110.05,110.7,2460,,32700,weekly,2020-1-16T21:00:00.000,options,call
172,1578658020000,110.9,111.2,108.95,109.5,9600,,32700,weekly,2020-1-16T21:00:00.000,options,call
173,1578658080000,109.6,110.7,109.0,109.3,7140,,32700,weekly,2020-1-16T21:00:00.000,options,call
174,1578658140000,109.75,110.8,109.75,110.05,3080,,32700,weekly,2020-1-16T21:00:00.000,options,call
175,1578658200000,110.0,110.65,106.1,109.8,8020,,32700,weekly,2020-1-16T21:00:00.000,options,call
176,1578658260000,109.75,109.9,108.0,109.05,5520,,32700,weekly,2020-1-16T21:00:00.000,options,call
177,1578658320000,109.05,110.0,108.45,108.45,2100,,32700,weekly,2020-1-16T21:00:00.000,options,call
178,1578658380000,107.7,108.2,106.75,107.95,4680,,32700,weekly,2020-1-16T21:00:00.000,options,call
179,1578658440000,108.0,110.2,107.0,109.2,5780,,32700,weekly,2020-1-16T21:00:00.000,options,call
180,1578658500000,109.15,109.75,107.6,108.7,4380,,32700,weekly,2020-1-16T21:00:00.000,options,call
181,1578658560000,108.8,110.0,107.65,108.35,8440,,32700,weekly,2020-1-16T21:00:00.000,options,call
182,1578658620000,109.05,109.65,108.75,109.5,2640,,32700,weekly,2020-1-16T21:00:00.000,options,call
183,1578658680000,109.0,109.5,107.65,107.75,7540,,32700,weekly,2020-1-16T21:00:00.000,options,call
184,1578658740000,107.7,108.75,107.05,107.05,4800,,32700,weekly,2020-1-16T21:00:00.000,options,call
185,1578658800000,106.2,106.2,96.55,101.15,48300,,32700,weekly,2020-1-16T21:00:00.000,options,call
186,1578658860000,101.4,103.75,101.25,102.9,11600,,32700,weekly,2020-1-16T21:00:00.000,options,call
187,1578658920000,102.9,104.65,102.0,103.1,14420,,32700,weekly,2020-1-16T21:00:00.000,options,call
188,1578658980000,103.0,104.1,99.9,101.75,17980,,32700,weekly,2020-1-16T21:00:00.000,options,call
189,1578659040000,103.35,104.95,103.0,103.3,8460,,32700,weekly,2020-1-16T21:00:00.000,options,call
190,1578659100000,103.3,107.95,103.3,106.8,12640,,32700,weekly,2020-1-16T21:00:00.000,options,call
191,1578659160000,107.0,107.75,106.65,107.1,4420,,32700,weekly,2020-1-16T21:00:00.000,options,call
192,1578659220000,107.05,108.0,106.5,107.0,7880,,32700,weekly,2020-1-16T21:00:00.000,options,call
193,1578659280000,106.9,107.05,105.95,106.4,1080,,32700,weekly,2020-1-16T21:00:00.000,options,call
194,1578659340000,105.65,105.9,104.1,105.0,3360,,32700,weekly,2020-1-16T21:00:00.000,options,call
195,1578659400000,104.75,107.0,104.1,106.55,3700,,32700,weekly,2020-1-16T21:00:00.000,options,call
196,1578659460000,106.9,108.3,106.05,108.15,4460,,32700,weekly,2020-1-16T21:00:00.000,options,call
197,1578659520000,108.15,108.15,105.55,106.05,5200,,32700,weekly,2020-1-16T21:00:00.000,options,call
198,1578659580000,106.5,106.5,104.0,106.0,3200,,32700,weekly,2020-1-16T21:00:00.000,options,call
199,1578659640000,105.7,106.35,105.3,105.7,4780,,32700,weekly,2020-1-16T21:00:00.000,options,call
200,1578659700000,105.95,106.0,102.0,104.6,4080,,32700,weekly,2020-1-16T21:00:00.000,options,call
201,1578659760000,104.45,105.1,104.0,104.35,1520,,32700,weekly,2020-1-16T21:00:00.000,options,call
202,1578659820000,104.45,105.6,104.1,104.1,1740,,32700,weekly,2020-1-16T21:00:00.000,options,call
203,1578659880000,104.35,104.4,103.15,103.9,5300,,32700,weekly,2020-1-16T21:00:00.000,options,call
204,1578659940000,104.2,105.2,103.85,104.45,3080,,32700,weekly,2020-1-16T21:00:00.000,options,call
205,1578660000000,104.3,105.9,104.3,104.5,3560,,32700,weekly,2020-1-16T21:00:00.000,options,call
206,1578660060000,104.85,105.5,102.7,103.65,4060,,32700,weekly,2020-1-16T21:00:00.000,options,call
207,1578660120000,103.0,104.05,103.0,103.0,2440,,32700,weekly,2020-1-16T21:00:00.000,options,call
208,1578660180000,103.0,105.1,102.75,104.05,4020,,32700,weekly,2020-1-16T21:00:00.000,options,call
209,1578660240000,105.6,107.25,104.8,106.0,5300,,32700,weekly,2020-1-16T21:00:00.000,options,call
210,1578660300000,105.3,106.35,105.0,105.4,7460,,32700,weekly,2020-1-16T21:00:00.000,options,call
211,1578660360000,104.6,105.2,103.85,105.0,1740,,32700,weekly,2020-1-16T21:00:00.000,options,call
212,1578660420000,104.95,105.75,104.75,104.75,1620,,32700,weekly,2020-1-16T21:00:00.000,options,call
213,1578660480000,104.75,105.7,104.5,105.5,600,,32700,weekly,2020-1-16T21:00:00.000,options,call
214,1578660540000,105.0,105.65,103.05,103.3,2720,,32700,weekly,2020-1-16T21:00:00.000,options,call
215,1578660600000,103.35,104.0,101.8,103.15,2360,,32700,weekly,2020-1-16T21:00:00.000,options,call
216,1578660660000,103.15,104.15,102.2,102.2,1100,,32700,weekly,2020-1-16T21:00:00.000,options,call
217,1578660720000,102.1,102.6,99.45,101.35,14420,,32700,weekly,2020-1-16T21:00:00.000,options,call
218,1578660780000,101.1,103.05,101.1,102.9,8600,,32700,weekly,2020-1-16T21:00:00.000,options,call
219,1578660840000,102.3,102.85,99.5,99.5,12340,,32700,weekly,2020-1-16T21:00:00.000,options,call
220,1578660900000,99.65,102.65,99.65,101.0,12980,,32700,weekly,2020-1-16T21:00:00.000,options,call
221,1578660960000,101.0,102.25,100.15,101.8,5320,,32700,weekly,2020-1-16T21:00:00.000,options,call
222,1578661020000,101.3,102.0,99.65,100.35,11340,,32700,weekly,2020-1-16T21:00:00.000,options,call
223,1578661080000,100.0,100.4,89.0,94.0,54280,,32700,weekly,2020-1-16T21:00:00.000,options,call
224,1578661140000,94.0,94.3,87.65,88.5,43100,,32700,weekly,2020-1-16T21:00:00.000,options,call
225,1578661200000,88.35,89.0,80.65,82.35,54500,,32700,weekly,2020-1-16T21:00:00.000,options,call
226,1578661260000,83.0,85.0,82.65,84.2,27320,,32700,weekly,2020-1-16T21:00:00.000,options,call
227,1578661320000,84.25,89.8,84.1,89.45,24060,,32700,weekly,2020-1-16T21:00:00.000,options,call
228,1578661380000,89.8,92.0,87.45,87.85,19240,,32700,weekly,2020-1-16T21:00:00.000,options,call
229,1578661440000,87.5,89.4,86.2,87.5,13360,,32700,weekly,2020-1-16T21:00:00.000,options,call
230,1578661500000,87.55,88.0,80.75,85.2,14980,,32700,weekly,2020-1-16T21:00:00.000,options,call
231,1578661560000,85.15,85.65,80.05,83.0,20980,,32700,weekly,2020-1-16T21:00:00.000,options,call
232,1578661620000,82.65,85.1,82.25,84.85,16200,,32700,weekly,2020-1-16T21:00:00.000,options,call
233,1578661680000,84.8,86.75,83.3,85.75,11480,,32700,weekly,2020-1-16T21:00:00.000,options,call
234,1578661740000,86.0,87.2,82.8,84.15,12820,,32700,weekly,2020-1-16T21:00:00.000,options,call
235,1578661800000,84.15,86.15,81.3,81.9,9040,,32700,weekly,2020-1-16T21:00:00.000,options,call
236,1578661860000,82.3,83.6,79.5,80.5,12540,,32700,weekly,2020-1-16T21:00:00.000,options,call
237,1578661920000,80.3,86.6,79.4,86.15,18680,,32700,weekly,2020-1-16T21:00:00.000,options,call
238,1578661980000,85.5,88.0,85.4,87.35,11220,,32700,weekly,2020-1-16T21:00:00.000,options,call
239,1578662040000,87.2,87.6,85.4,87.05,9880,,32700,weekly,2020-1-16T21:00:00.000,options,call
240,1578662100000,86.85,86.95,84.0,86.3,9060,,32700,weekly,2020-1-16T21:00:00.000,options,call
241,1578662160000,86.3,88.0,85.35,87.15,9480,,32700,weekly,2020-1-16T21:00:00.000,options,call
242,1578662220000,86.9,88.25,85.85,86.55,10180,,32700,weekly,2020-1-16T21:00:00.000,options,call
243,1578662280000,86.45,87.55,85.15,87.0,6560,,32700,weekly,2020-1-16T21:00:00.000,options,call
244,1578662340000,86.4,90.15,86.4,89.0,13860,,32700,weekly,2020-1-16T21:00:00.000,options,call
245,1578662400000,89.0,90.95,88.0,90.0,14540,,32700,weekly,2020-1-16T21:00:00.000,options,call
246,1578662460000,90.0,90.5,88.95,89.35,8800,,32700,weekly,2020-1-16T21:00:00.000,options,call
247,1578662520000,90.25,91.95,89.7,91.55,7020,,32700,weekly,2020-1-16T21:00:00.000,options,call
248,1578662580000,91.0,91.7,89.2,89.9,15880,,32700,weekly,2020-1-16T21:00:00.000,options,call
249,1578662640000,89.9,90.75,88.0,88.0,7080,,32700,weekly,2020-1-16T21:00:00.000,options,call
250,1578662700000,87.25,87.6,84.65,84.95,13120,,32700,weekly,2020-1-16T21:00:00.000,options,call
251,1578662760000,84.4,87.35,84.4,85.75,6720,,32700,weekly,2020-1-16T21:00:00.000,options,call
252,1578662820000,85.65,87.9,84.65,84.65,9800,,32700,weekly,2020-1-16T21:00:00.000,options,call
253,1578662880000,86.05,87.95,84.0,87.45,12700,,32700,weekly,2020-1-16T21:00:00.000,options,call
254,1578662940000,87.45,88.05,85.85,86.1,3480,,32700,weekly,2020-1-16T21:00:00.000,options,call
255,1578663000000,86.05,86.05,81.6,82.25,13240,,32700,weekly,2020-1-16T21:00:00.000,options,call
256,1578663060000,82.45,82.95,73.1,79.15,63140,,32700,weekly,2020-1-16T21:00:00.000,options,call
257,1578663120000,79.15,80.0,77.4,78.6,17000,,32700,weekly,2020-1-16T21:00:00.000,options,call
258,1578663180000,78.3,80.4,77.45,78.65,12000,,32700,weekly,2020-1-16T21:00:00.000,options,call
259,1578663240000,78.65,81.0,77.5,80.0,10260,,32700,weekly,2020-1-16T21:00:00.000,options,call
260,1578663300000,79.95,79.95,75.0,75.0,13260,,32700,weekly,2020-1-16T21:00:00.000,options,call
261,1578663360000,74.65,74.65,66.65,69.05,38460,,32700,weekly,2020-1-16T21:00:00.000,options,call
262,1578663420000,68.45,74.6,68.45,73.65,22780,,32700,weekly,2020-1-16T21:00:00.000,options,call
263,1578663480000,73.5,75.25,73.3,73.65,11800,,32700,weekly,2020-1-16T21:00:00.000,options,call
264,1578663540000,73.75,74.25,70.85,70.85,10340,,32700,weekly,2020-1-16T21:00:00.000,options,call
265,1578663600000,71.0,73.15,65.0,70.4,35060,,32700,weekly,2020-1-16T21:00:00.000,options,call
266,1578663660000,71.8,75.35,68.6,74.3,28320,,32700,weekly,2020-1-16T21:00:00.000,options,call
267,1578663720000,73.9,75.3,72.6,74.35,15120,,32700,weekly,2020-1-16T21:00:00.000,options,call
268,1578663780000,74.35,75.2,73.3,74.1,6860,,32700,weekly,2020-1-16T21:00:00.000,options,call
269,1578663840000,73.8,73.8,70.0,73.0,9540,,32700,weekly,2020-1-16T21:00:00.000,options,call
270,1578663900000,73.2,73.2,69.05,69.75,11000,,32700,weekly,2020-1-16T21:00:00.000,options,call
271,1578663960000,68.2,71.9,67.4,71.55,26760,,32700,weekly,2020-1-16T21:00:00.000,options,call
272,1578664020000,71.5,74.15,71.2,73.85,9180,,32700,weekly,2020-1-16T21:00:00.000,options,call
273,1578664080000,74.45,77.7,73.65,77.7,14340,,32700,weekly,2020-1-16T21:00:00.000,options,call
274,1578664140000,77.7,81.45,76.25,76.3,23460,,32700,weekly,2020-1-16T21:00:00.000,options,call
275,1578664200000,76.2,77.7,72.7,75.15,15400,,32700,weekly,2020-1-16T21:00:00.000,options,call
276,1578664260000,74.25,74.85,71.65,74.85,8100,,32700,weekly,2020-1-16T21:00:00.000,options,call
277,1578664320000,75.25,76.25,72.6,72.7,11920,,32700,weekly,2020-1-16T21:00:00.000,options,call
278,1578664380000,71.65,73.1,71.65,72.85,9040,,32700,weekly,2020-1-16T21:00:00.000,options,call
279,1578664440000,72.4,73.55,69.8,72.25,11860,,32700,weekly,2020-1-16T21:00:00.000,options,call
280,1578664500000,72.95,75.5,72.2,73.75,10540,,32700,weekly,2020-1-16T21:00:00.000,options,call
281,1578664560000,73.75,75.8,72.6,75.8,8340,,32700,weekly,2020-1-16T21:00:00.000,options,call
282,1578664620000,75.35,76.1,73.55,74.1,7080,,32700,weekly,2020-1-16T21:00:00.000,options,call
283,1578664680000,73.9,77.95,73.65,74.75,8280,,32700,weekly,2020-1-16T21:00:00.000,options,call
284,1578664740000,75.6,76.1,73.5,75.8,4280,,32700,weekly,2020-1-16T21:00:00.000,options,call
285,1578664800000,75.6,77.3,74.4,74.85,5540,,32700,weekly,2020-1-16T21:00:00.000,options,call
286,1578664860000,74.8,75.3,71.2,72.5,8220,,32700,weekly,2020-1-16T21:00:00.000,options,call
287,1578664920000,72.05,73.4,71.5,73.4,4360,,32700,weekly,2020-1-16T21:00:00.000,options,call
288,1578664980000,72.95,74.05,72.0,73.55,4380,,32700,weekly,2020-1-16T21:00:00.000,options,call
289,1578665040000,73.4,73.4,68.4,70.0,15160,,32700,weekly,2020-1-16T21:00:00.000,options,call
290,1578665100000,70.0,70.0,60.1,65.8,30980,,32700,weekly,2020-1-16T21:00:00.000,options,call
291,1578665160000,65.3,65.3,61.1,62.2,26720,,32700,weekly,2020-1-16T21:00:00.000,options,call
292,1578665220000,62.2,63.5,56.15,58.0,30640,,32700,weekly,2020-1-16T21:00:00.000,options,call
293,1578665280000,58.4,58.4,53.6,55.95,24260,,32700,weekly,2020-1-16T21:00:00.000,options,call
294,1578665340000,56.1,57.45,55.0,55.0,18620,,32700,weekly,2020-1-16T21:00:00.000,options,call
295,1578665400000,55.0,56.55,51.6,56.55,26060,,32700,weekly,2020-1-16T21:00:00.000,options,call
296,1578665460000,56.1,58.65,56.0,58.0,19680,,32700,weekly,2020-1-16T21:00:00.000,options,call
297,1578665520000,58.15,58.95,56.65,57.9,10940,,32700,weekly,2020-1-16T21:00:00.000,options,call
298,1578665580000,58.05,58.25,54.9,57.4,8560,,32700,weekly,2020-1-16T21:00:00.000,options,call
299,1578665640000,57.15,58.5,56.5,57.65,7920,,32700,weekly,2020-1-16T21:00:00.000,options,call
300,1578665700000,57.95,58.05,55.85,57.85,11100,,32700,weekly,2020-1-16T21:00:00.000,options,call
301,1578665760000,57.4,60.1,56.9,59.35,15800,,32700,weekly,2020-1-16T21:00:00.000,options,call
302,1578665820000,59.7,60.75,58.4,60.6,9280,,32700,weekly,2020-1-16T21:00:00.000,options,call
303,1578665880000,59.85,64.0,59.85,61.7,13420,,32700,weekly,2020-1-16T21:00:00.000,options,call
304,1578665940000,61.7,65.95,61.45,63.3,15320,,32700,weekly,2020-1-16T21:00:00.000,options,call
305,1578666000000,63.3,63.4,57.55,58.65,18640,,32700,weekly,2020-1-16T21:00:00.000,options,call
306,1578666060000,58.7,58.95,51.05,51.25,33600,,32700,weekly,2020-1-16T21:00:00.000,options,call
307,1578666120000,50.0,52.5,50.0,51.8,30620,,32700,weekly,2020-1-16T21:00:00.000,options,call
308,1578666180000,51.4,55.6,50.5,54.9,27380,,32700,weekly,2020-1-16T21:00:00.000,options,call
309,1578666240000,54.85,55.25,53.15,54.75,14660,,32700,weekly,2020-1-16T21:00:00.000,options,call
310,1578666300000,54.65,56.0,53.05,56.0,8620,,32700,weekly,2020-1-16T21:00:00.000,options,call
311,1578666360000,55.35,55.6,53.5,54.35,10260,,32700,weekly,2020-1-16T21:00:00.000,options,call
312,1578666420000,54.7,56.55,53.95,55.4,7560,,32700,weekly,2020-1-16T21:00:00.000,options,call
313,1578666480000,55.0,55.3,51.0,53.9,30820,,32700,weekly,2020-1-16T21:00:00.000,options,call
314,1578666540000,53.9,57.45,53.4,56.95,19020,,32700,weekly,2020-1-16T21:00:00.000,options,call
315,1578666600000,56.7,59.25,56.0,58.75,23080,,32700,weekly,2020-1-16T21:00:00.000,options,call
316,1578666660000,58.15,61.0,57.55,59.45,20040,,32700,weekly,2020-1-16T21:00:00.000,options,call
317,1578666720000,59.25,59.25,56.0,56.4,8960,,32700,weekly,2020-1-16T21:00:00.000,options,call
318,1578666780000,56.55,58.2,55.65,58.15,14280,,32700,weekly,2020-1-16T21:00:00.000,options,call
319,1578666840000,58.5,58.5,55.35,56.7,4900,,32700,weekly,2020-1-16T21:00:00.000,options,call
320,1578666900000,56.7,57.85,55.35,55.5,1780,,32700,weekly,2020-1-16T21:00:00.000,options,call
321,1578666960000,55.5,60.4,55.5,60.0,16700,,32700,weekly,2020-1-16T21:00:00.000,options,call
322,1578667020000,59.9,60.8,57.7,59.25,9120,,32700,weekly,2020-1-16T21:00:00.000,options,call
323,1578667080000,59.45,61.4,58.0,59.95,8520,,32700,weekly,2020-1-16T21:00:00.000,options,call
324,1578667140000,59.75,59.8,57.45,58.25,9880,,32700,weekly,2020-1-16T21:00:00.000,options,call
325,1578667200000,58.6,59.25,57.75,59.0,5340,,32700,weekly,2020-1-16T21:00:00.000,options,call
326,1578667260000,58.65,63.95,58.2,62.1,15620,,32700,weekly,2020-1-16T21:00:00.000,options,call
327,1578667320000,62.05,64.45,61.4,63.15,18120,,32700,weekly,2020-1-16T21:00:00.000,options,call
328,1578667380000,64.3,67.0,64.1,66.0,22920,,32700,weekly,2020-1-16T21:00:00.000,options,call
329,1578667440000,66.85,68.0,65.15,65.5,13300,,32700,weekly,2020-1-16T21:00:00.000,options,call
330,1578667500000,64.7,65.55,61.35,62.5,11400,,32700,weekly,2020-1-16T21:00:00.000,options,call
331,1578667560000,63.0,63.9,61.8,62.4,3900,,32700,weekly,2020-1-16T21:00:00.000,options,call
332,1578667620000,63.0,63.25,59.75,59.9,11420,,32700,weekly,2020-1-16T21:00:00.000,options,call
333,1578667680000,58.6,60.3,57.1,59.0,11560,,32700,weekly,2020-1-16T21:00:00.000,options,call
334,1578667740000,58.95,59.55,56.85,58.25,6880,,32700,weekly,2020-1-16T21:00:00.000,options,call
335,1578667800000,59.5,59.5,57.35,58.5,5040,,32700,weekly,2020-1-16T21:00:00.000,options,call
336,1578667860000,58.8,58.8,56.2,57.45,7940,,32700,weekly,2020-1-16T21:00:00.000,options,call
337,1578667920000,57.15,58.35,55.15,57.7,9120,,32700,weekly,2020-1-16T21:00:00.000,options,call
338,1578667980000,58.0,58.0,55.55,56.0,6060,,32700,weekly,2020-1-16T21:00:00.000,options,call
339,1578668040000,56.1,57.4,54.6,55.15,16740,,32700,weekly,2020-1-16T21:00:00.000,options,call
340,1578668100000,55.85,57.3,54.8,56.2,15640,,32700,weekly,2020-1-16T21:00:00.000,options,call
341,1578668160000,56.65,60.0,55.9,59.05,14840,,32700,weekly,2020-1-16T21:00:00.000,options,call
342,1578668220000,59.15,59.9,56.7,56.7,11680,,32700,weekly,2020-1-16T21:00:00.000,options,call
343,1578668280000,56.65,58.7,56.2,58.7,8160,,32700,weekly,2020-1-16T21:00:00.000,options,call
344,1578668340000,58.6,60.5,57.5,58.55,13220,,32700,weekly,2020-1-16T21:00:00.000,options,call
345,1578668400000,58.75,64.4,58.75,63.25,18520,,32700,weekly,2020-1-16T21:00:00.000,options,call
346,1578668460000,63.75,68.85,63.5,67.7,21120,,32700,weekly,2020-1-16T21:00:00.000,options,call
347,1578668520000,67.7,68.9,63.8,68.5,14700,,32700,weekly,2020-1-16T21:00:00.000,options,call
348,1578668580000,68.35,71.4,67.5,70.0,21840,,32700,weekly,2020-1-16T21:00:00.000,options,call
349,1578668640000,69.65,69.65,65.35,67.95,14040,,32700,weekly,2020-1-16T21:00:00.000,options,call
350,1578668700000,67.85,68.35,65.25,66.2,10460,,32700,weekly,2020-1-16T21:00:00.000,options,call
351,1578668760000,66.5,68.85,66.3,68.75,3680,,32700,weekly,2020-1-16T21:00:00.000,options,call
352,1578668820000,69.0,74.15,69.0,69.65,13760,,32700,weekly,2020-1-16T21:00:00.000,options,call
353,1578668880000,69.55,72.45,68.5,70.7,10740,,32700,weekly,2020-1-16T21:00:00.000,options,call
354,1578668940000,71.0,71.0,69.0,70.4,8280,,32700,weekly,2020-1-16T21:00:00.000,options,call
355,1578669000000,71.0,72.5,70.45,71.8,10380,,32700,weekly,2020-1-16T21:00:00.000,options,call
356,1578669060000,72.0,72.0,67.5,69.6,15220,,32700,weekly,2020-1-16T21:00:00.000,options,call
357,1578669120000,69.6,69.85,68.0,69.55,5100,,32700,weekly,2020-1-16T21:00:00.000,options,call
358,1578669180000,69.0,70.0,66.3,66.65,6500,,32700,weekly,2020-1-16T21:00:00.000,options,call
359,1578669240000,66.65,67.4,66.15,67.2,6640,,32700,weekly,2020-1-16T21:00:00.000,options,call
360,1578669300000,67.2,67.4,65.45,66.8,18560,,32700,weekly,2020-1-16T21:00:00.000,options,call
361,1578669360000,66.6,66.9,62.15,63.0,16100,,32700,weekly,2020-1-16T21:00:00.000,options,call
362,1578669420000,63.2,64.25,62.95,63.25,6520,,32700,weekly,2020-1-16T21:00:00.000,options,call
363,1578669480000,63.25,64.4,62.6,63.1,10160,,32700,weekly,2020-1-16T21:00:00.000,options,call
364,1578669540000,63.45,65.15,63.45,65.0,6700,,32700,weekly,2020-1-16T21:00:00.000,options,call
365,1578669600000,64.8,67.55,63.75,67.25,18460,,32700,weekly,2020-1-16T21:00:00.000,options,call
366,1578669660000,66.65,68.4,66.1,68.4,11380,,32700,weekly,2020-1-16T21:00:00.000,options,call
367,1578669720000,68.3,69.75,67.9,68.2,8060,,32700,weekly,2020-1-16T21:00:00.000,options,call
368,1578669780000,68.25,69.4,65.35,67.25,22200,,32700,weekly,2020-1-16T21:00:00.000,options,call
369,1578669840000,66.8,68.0,66.8,67.9,12380,,32700,weekly,2020-1-16T21:00:00.000,options,call
370,1578669900000,67.8,67.8,65.75,66.85,11400,,32700,weekly,2020-1-16T21:00:00.000,options,call
371,1578669960000,66.85,66.9,65.5,65.5,15300,,32700,weekly,2020-1-16T21:00:00.000,options,call
372,1578670020000,65.6,66.65,65.6,66.1,11100,,32700,weekly,2020-1-16T21:00:00.000,options,call
373,1578670080000,66.5,66.95,66.15,66.45,10180,,32700,weekly,2020-1-16T21:00:00.000,options,call
374,1578670140000,66.45,67.0,65.45,65.85,17940,,32700,weekly,2020-1-16T21:00:00.000,options,call
