,timestamp,open,high,low,close,volume,open_interest,strike,expiry_type,expiry,instrument,contract_type
0,1602560640000,189.0,189.0,82.15,104.05,113700,,24200,weekly,2020-10-15T21:00:00.000,options,call
1,1602560700000,103.15,112.8,102.5,109.05,71200,,24200,weekly,2020-10-15T21:00:00.000,options,call
2,1602560760000,109.8,113.75,107.0,113.35,62200,,24200,weekly,2020-10-15T21:00:00.000,options,call
3,1602560820000,113.35,115.7,110.0,113.05,61175,,24200,weekly,2020-10-15T21:00:00.000,options,call
4,1602560880000,112.55,123.2,112.55,117.0,91325,,24200,weekly,2020-10-15T21:00:00.000,options,call
5,1602560940000,119.55,119.55,107.85,109.4,69550,,24200,weekly,2020-10-15T21:00:00.000,options,call
6,1602561000000,108.4,110.15,105.6,106.2,33375,,24200,weekly,2020-10-15T21:00:00.000,options,call
7,1602561060000,106.15,109.8,106.15,109.05,27475,,24200,weekly,2020-10-15T21:00:00.000,options,call
8,1602561120000,109.25,110.85,103.35,103.65,41600,,24200,weekly,2020-10-15T21:00:00.000,options,call
9,1602561180000,104.0,104.3,100.05,102.9,31950,,24200,weekly,2020-10-15T21:00:00.000,options,call
10,1602561240000,103.0,109.7,101.0,109.7,31575,,24200,weekly,2020-10-15T21:00:00.000,options,call
11,1602561300000,110.9,113.75,110.0,113.25,21500,,24200,weekly,2020-10-15T21:00:00.000,options,call
12,1602561360000,113.5,114.55,110.25,114.15,14000,,24200,weekly,2020-10-15T21:00:00.000,options,call
13,1602561420000,114.0,114.55,107.4,108.7,16650,,24200,weekly,2020-10-15T21:00:00.000,options,call
14,1602561480000,108.7,108.95,104.0,105.7,15275,,24200,weekly,2020-10-15T21:00:00.000,options,call
15,1602561540000,105.65,105.85,98.5,103.2,29900,,24200,weekly,2020-10-15T21:00:00.000,options,call
16,1602561600000,103.0,109.1,102.95,107.6,13775,,24200,weekly,2020-10-15T21:00:00.000,options,call
17,1602561660000,107.6,108.4,103.95,106.1,16225,,24200,weekly,2020-10-15T21:00:00.000,options,call
18,1602561720000,106.55,114.95,105.95,114.95,21675,,24200,weekly,2020-10-15T21:00:00.000,options,call
19,1602561780000,114.7,115.65,111.3,113.5,18075,,24200,weekly,2020-10-15T21:00:00.000,options,call
20,1602561840000,114.55,124.85,114.3,121.9,46150,,24200,weekly,2020-10-15T21:00:00.000,options,call
21,1602561900000,121.65,123.9,117.6,118.9,28625,,24200,weekly,2020-10-15T21:00:00.000,options,call
22,1602561960000,119.15,120.3,112.75,112.9,23600,,24200,weekly,2020-10-15T21:00:00.000,options,call
23,1602562020000,112.8,115.05,112.3,113.9,15900,,24200,weekly,2020-10-15T21:00:00.000,options,call
24,1602562080000,113.9,119.0,112.8,117.85,15725,,24200,weekly,2020-10-15T21:00:00.000,options,call
25,1602562140000,118.15,122.8,113.15,114.0,44625,,24200,weekly,2020-10-15T21:00:00.000,options,call
26,1602562200000,113.5,115.0,111.5,113.6,12925,,24200,weekly,2020-10-15T21:00:00.000,options,call
27,1602562260000,114.25,115.35,113.0,113.55,7525,,24200,weekly,2020-10-15T21:00:00.000,options,call
28,1602562320000,113.55,114.35,105.6,110.15,23775,,24200,weekly,2020-10-15T21:00:00.000,options,call
29,1602562380000,110.35,116.05,110.35,116.05,15325,,24200,weekly,2020-10-15T21:00:00.000,options,call
30,1602562440000,117.4,137.55,116.8,129.15,68325,,24200,weekly,2020-10-15T21:00:00.000,options,call
31,1602562500000,128.85,132.05,123.25,124.15,22975,,24200,weekly,2020-10-15T21:00:00.000,options,call
32,1602562560000,124.0,124.0,114.4,118.75,20800,,24200,weekly,2020-10-15T21:00:00.000,options,call
33,1602562620000,117.75,120.55,115.45,116.4,15950,,24200,weekly,2020-10-15T21:00:00.000,options,call
34,1602562680000,116.35,120.7,116.35,118.05,11525,,24200,weekly,2020-10-15T21:00:00.000,options,call
35,1602562740000,117.85,120.0,115.95,116.8,8350,,24200,weekly,2020-10-15T21:00:00.000,options,call
36,1602562800000,117.1,118.65,113.3,117.6,11400,,24200,weekly,2020-10-15T21:00:00.000,options,call
37,1602562860000,117.25,119.5,115.1,117.3,8650,,24200,weekly,2020-10-15T21:00:00.000,options,call
38,1602562920000,116.7,117.9,110.65,114.1,18825,,24200,weekly,2020-10-15T21:00:00.000,options,call
39,1602562980000,114.75,117.4,112.85,115.0,11700,,24200,weekly,2020-10-15T21:00:00.000,options,call
40,1602563040000,117.0,121.3,115.95,118.35,18550,,24200,weekly,2020-10-15T21:00:00.000,options,call
41,1602563100000,117.95,118.45,113.9,113.9,8550,,24200,weekly,2020-10-15T21:00:00.000,options,call
42,1602563160000,114.55,115.4,110.0,112.6,10750,,24200,weekly,2020-10-15T21:00:00.000,options,call
43,1602563220000,112.4,115.2,111.15,113.05,6200,,24200,weekly,2020-10-15T21:00:00.000,options,call
44,1602563280000,112.85,116.9,112.45,113.95,8675,,24200,weekly,2020-10-15T21:00:00.000,options,call
45,1602563340000,113.85,113.85,109.2,109.2,15250,,24200,weekly,2020-10-15T21:00:00.000,options,call
46,1602563400000,109.1,111.8,107.65,110.7,13150,,24200,weekly,2020-10-15T21:00:00.000,options,call
47,1602563460000,111.0,114.7,110.05,114.6,8150,,24200,weekly,2020-10-15T21:00:00.000,options,call
48,1602563520000,113.3,113.85,109.0,110.75,14300,,24200,weekly,2020-10-15T21:00:00.000,options,call
49,1602563580000,111.35,114.1,110.85,113.2,6800,,24200,weekly,2020-10-15T21:00:00.000,options,call
50,1602563640000,113.2,113.8,109.8,112.55,10250,,24200,weekly,2020-10-15T21:00:00.000,options,call
51,1602563700000,112.65,112.95,110.15,111.9,15000,,24200,weekly,2020-10-15T21:00:00.000,options,call
52,1602563760000,111.6,111.9,108.85,109.65,9325,,24200,weekly,2020-10-15T21:00:00.000,options,call
53,1602563820000,109.75,109.75,105.75,107.0,10400,,24200,weekly,2020-10-15T21:00:00.000,options,call
54,1602563880000,107.0,108.5,106.45,106.45,4550,,24200,weekly,2020-10-15T21:00:00.000,options,call
55,1602563940000,106.45,106.55,102.65,106.25,12975,,24200,weekly,2020-10-15T21:00:00.000,options,call
56,1602564000000,106.45,108.85,104.85,108.65,14425,,24200,weekly,2020-10-15T21:00:00.000,options,call
57,1602564060000,108.5,108.65,105.6,108.0,4400,,24200,weekly,2020-10-15T21:00:00.000,options,call
58,1602564120000,107.9,109.8,106.6,108.6,6925,,24200,weekly,2020-10-15T21:00:00.000,options,call
59,1602564180000,108.6,113.85,108.6,113.15,18975,,24200,weekly,2020-10-15T21:00:00.000,options,call
60,1602564240000,113.15,119.9,112.3,119.1,26275,,24200,weekly,2020-10-15T21:00:00.000,options,call
61,1602564300000,118.85,118.85,114.35,114.35,14300,,24200,weekly,2020-10-15T21:00:00.000,options,call
62,1602564360000,114.0,114.75,112.15,113.7,6525,,24200,weekly,2020-10-15T21:00:00.000,options,call
63,1602564420000,113.7,118.4,113.45,117.0,6150,,24200,weekly,2020-10-15T21:00:00.000,options,call
64,1602564480000,117.45,118.8,115.7,116.8,7525,,24200,weekly,2020-10-15T21:00:00.000,options,call
65,1602564540000,116.15,118.4,113.6,115.85,11150,,24200,weekly,2020-10-15T21:00:00.000,options,call
66,1602564600000,115.85,119.9,115.55,118.6,10025,,24200,weekly,2020-10-15T21:00:00.000,options,call
67,1602564660000,118.6,124.55,118.4,122.15,21500,,24200,weekly,2020-10-15T21:00:00.000,options,call
68,1602564720000,121.65,132.1,121.2,125.95,55450,,24200,weekly,2020-10-15T21:00:00.000,options,call
69,1602564780000,126.1,132.4,125.6,128.7,18450,,24200,weekly,2020-10-15T21:00:00.000,options,call
70,1602564840000,128.6,130.25,122.3,123.95,24675,,24200,weekly,2020-10-15T21:00:00.000,options,call
71,1602564900000,124.0,126.55,121.6,122.95,11525,,24200,weekly,2020-10-15T21:00:00.000,options,call
72,1602564960000,122.9,126.4,120.65,120.65,13025,,24200,weekly,2020-10-15T21:00:00.000,options,call
73,1602565020000,120.7,122.4,118.75,121.0,13250,,24200,weekly,2020-10-15T21:00:00.000,options,call
74,1602565080000,121.0,126.15,119.85,125.2,14775,,24200,weekly,2020-10-15T21:00:00.000,options,call
75,1602565140000,124.1,124.4,121.4,121.4,10075,,24200,weekly,2020-10-15T21:00:00.000,options,call
76,1602565200000,121.4,124.55,119.95,123.7,12550,,24200,weekly,2020-10-15T21:00:00.000,options,call
77,1602565260000,124.1,125.55,122.6,124.35,7200,,24200,weekly,2020-10-15T21:00:00.000,options,call
78,1602565320000,123.9,124.75,121.35,124.0,5850,,24200,weekly,2020-10-15T21:00:00.000,options,call
79,1602565380000,124.4,126.8,122.7,125.0,9825,,24200,weekly,2020-10-15T21:00:00.000,options,call
80,1602565440000,125.0,126.25,122.3,123.95,5500,,24200,weekly,2020-10-15T21:00:00.000,options,call
81,1602565500000,124.1,126.2,123.0,124.65,8775,,24200,weekly,2020-10-15T21:00:00.000,options,call
82,1602565560000,125.15,125.15,120.3,122.2,9525,,24200,weekly,2020-10-15T21:00:00.000,options,call
83,1602565620000,122.05,126.0,121.05,125.0,9500,,24200,weekly,2020-10-15T21:00:00.000,options,call
84,1602565680000,124.4,150.0,124.1,140.0,70875,,24200,weekly,2020-10-15T21:00:00.000,options,call
85,1602565740000,140.0,161.4,139.8,154.0,80975,,24200,weekly,2020-10-15T21:00:00.000,options,call
86,1602565800000,154.2,156.85,146.7,149.55,42950,,24200,weekly,2020-10-15T21:00:00.000,options,call
87,1602565860000,149.2,152.15,145.65,148.2,34275,,24200,weekly,2020-10-15T21:00:00.000,options,call
88,1602565920000,148.9,151.6,148.0,150.75,14800,,24200,weekly,2020-10-15T21:00:00.000,options,call
89,1602565980000,150.15,152.3,149.45,151.6,29725,,24200,weekly,2020-10-15T21:00:00.000,options,call
90,1602566040000,150.95,174.15,150.85,168.05,112250,,24200,weekly,2020-10-15T21:00:00.000,options,call
91,1602566100000,168.0,182.3,168.0,170.0,76650,,24200,weekly,2020-10-15T21:00:00.000,options,call
92,1602566160000,170.15,172.15,167.2,170.9,34850,,24200,weekly,2020-10-15T21:00:00.000,options,call
93,1602566220000,170.1,173.2,166.45,167.9,33150,,24200,weekly,2020-10-15T21:00:00.000,options,call
94,1602566280000,167.2,172.9,163.0,170.3,37100,,24200,weekly,2020-10-15T21:00:00.000,options,call
95,1602566340000,170.6,170.8,165.05,168.35,26725,,24200,weekly,2020-10-15T21:00:00.000,options,call
96,1602566400000,168.55,169.05,163.1,166.5,22125,,24200,weekly,2020-10-15T21:00:00.000,options,call
97,1602566460000,166.5,169.4,162.1,169.3,27800,,24200,weekly,2020-10-15T21:00:00.000,options,call
98,1602566520000,169.95,175.4,169.2,169.75,35825,,24200,weekly,2020-10-15T21:00:00.000,options,call
99,1602566580000,169.65,170.85,163.85,166.95,34875,,24200,weekly,2020-10-15T21:00:00.000,options,call
100,1602566640000,166.95,168.75,161.0,164.05,29450,,24200,weekly,2020-10-15T21:00:00.000,options,call
101,1602566700000,165.65,168.45,163.3,167.65,13425,,24200,weekly,2020-10-15T21:00:00.000,options,call
102,1602566760000,167.6,171.7,164.0,164.0,22825,,24200,weekly,2020-10-15T21:00:00.000,options,call
103,1602566820000,165.0,165.4,156.05,159.4,37275,,24200,weekly,2020-10-15T21:00:00.000,options,call
104,1602566880000,159.0,164.4,159.0,160.8,19025,,24200,weekly,2020-10-15T21:00:00.000,options,call
105,1602566940000,160.35,162.25,149.2,153.35,37375,,24200,weekly,2020-10-15T21:00:00.000,options,call
106,1602567000000,152.05,158.9,152.05,158.9,12975,,24200,weekly,2020-10-15T21:00:00.000,options,call
107,1602567060000,159.0,162.5,158.05,160.65,19475,,24200,weekly,2020-10-15T21:00:00.000,options,call
108,1602567120000,161.3,163.55,155.6,163.55,17275,,24200,weekly,2020-10-15T21:00:00.000,options,call
109,1602567180000,164.2,170.2,164.2,167.0,41000,,24200,weekly,2020-10-15T21:00:00.000,options,call
110,1602567240000,167.05,170.8,167.0,167.75,23175,,24200,weekly,2020-10-15T21:00:00.000,options,call
111,1602567300000,167.2,168.3,158.85,159.5,20675,,24200,weekly,2020-10-15T21:00:00.000,options,call
112,1602567360000,159.55,159.7,155.75,157.3,21475,,24200,weekly,2020-10-15T21:00:00.000,options,call
113,1602567420000,157.2,161.5,156.9,158.85,13500,,24200,weekly,2020-10-15T21:00:00.000,options,call
114,1602567480000,159.5,161.65,158.4,160.45,17975,,24200,weekly,2020-10-15T21:00:00.000,options,call
115,1602567540000,160.45,160.75,155.1,159.95,12800,,24200,weekly,2020-10-15T21:00:00.000,options,call
116,1602567600000,160.6,164.4,157.9,158.0,19225,,24200,weekly,2020-10-15T21:00:00.000,options,call
117,1602567660000,157.0,159.35,152.8,157.05,30925,,24200,weekly,2020-10-15T21:00:00.000,options,call
118,1602567720000,157.5,162.0,156.0,157.65,16400,,24200,weekly,2020-10-15T21:00:00.000,options,call
119,1602567780000,157.65,160.0,156.2,157.0,7700,,24200,weekly,2020-10-15T21:00:00.000,options,call
120,1602567840000,157.0,157.5,153.75,153.75,12650,,24200,weekly,2020-10-15T21:00:00.000,options,call
121,1602567900000,153.85,156.3,151.7,156.3,15200,,24200,weekly,2020-10-15T21:00:00.000,options,call
122,1602567960000,156.1,162.15,153.0,160.2,25575,,24200,weekly,2020-10-15T21:00:00.000,options,call
123,1602568020000,159.45,162.15,158.15,158.8,22725,,24200,weekly,2020-10-15T21:00:00.000,options,call
124,1602568080000,159.7,159.7,155.6,156.4,17800,,24200,weekly,2020-10-15T21:00:00.000,options,call
125,1602568140000,157.05,160.65,155.6,158.5,6425,,24200,weekly,2020-10-15T21:00:00.000,options,call
126,1602568200000,158.5,160.7,156.65,156.85,13475,,24200,weekly,2020-10-15T21:00:00.000,options,call
127,1602568260000,156.85,159.0,155.45,158.35,5125,,24200,weekly,2020-10-15T21:00:00.000,options,call
128,1602568320000,157.9,163.9,157.8,161.0,30150,,24200,weekly,2020-10-15T21:00:00.000,options,call
129,1602568380000,161.0,163.75,160.05,162.7,13250,,24200,weekly,2020-10-15T21:00:00.000,options,call
130,1602568440000,162.2,167.7,158.9,159.65,24875,,24200,weekly,2020-10-15T21:00:00.000,options,call
131,1602568500000,160.3,162.65,155.8,158.0,13425,,24200,weekly,2020-10-15T21:00:00.000,options,call
132,1602568560000,157.6,158.2,139.2,139.2,53975,,24200,weekly,2020-10-15T21:00:00.000,options,call
133,1602568620000,138.95,146.85,138.95,142.4,47275,,24200,weekly,2020-10-15T21:00:00.000,options,call
134,1602568680000,142.8,143.0,133.35,140.0,45125,,24200,weekly,2020-10-15T21:00:00.000,options,call
135,1602568740000,141.05,143.8,139.7,140.45,18600,,24200,weekly,2020-10-15T21:00:00.000,options,call
136,1602568800000,139.25,140.4,136.55,139.45,18975,,24200,weekly,2020-10-15T21:00:00.000,options,call
137,1602568860000,139.75,142.65,136.3,139.15,15450,,24200,weekly,2020-10-15T21:00:00.000,options,call
138,1602568920000,139.35,142.5,138.95,142.0,8500,,24200,weekly,2020-10-15T21:00:00.000,options,call
139,1602568980000,142.4,146.75,141.8,144.5,23600,,24200,weekly,2020-10-15T21:00:00.000,options,call
140,1602569040000,143.9,147.2,142.5,145.0,10300,,24200,weekly,2020-10-15T21:00:00.000,options,call
141,1602569100000,145.35,149.0,144.5,146.7,12675,,24200,weekly,2020-10-15T21:00:00.000,options,call
142,1602569160000,146.0,149.3,144.8,144.8,6150,,24200,weekly,2020-10-15T21:00:00.000,options,call
143,1602569220000,144.55,146.75,143.55,144.6,5825,,24200,weekly,2020-10-15T21:00:00.000,options,call
144,1602569280000,145.15,147.5,145.15,146.8,2950,,24200,weekly,2020-10-15T21:00:00.000,options,call
145,1602569340000,147.5,148.8,146.0,146.6,4225,,24200,weekly,2020-10-15T21:00:00.000,options,call
146,1602569400000,146.6,148.85,146.05,147.15,4325,,24200,weekly,2020-10-15T21:00:00.000,options,call
147,1602569460000,147.5,149.0,144.15,144.85,4650,,24200,weekly,2020-10-15T21:00:00.000,options,call
148,1602569520000,144.85,145.9,141.7,144.55,9400,,24200,weekly,2020-10-15T21:00:00.000,options,call
149,1602569580000,143.5,145.3,142.6,144.05,3275,,24200,weekly,2020-10-15T21:00:00.000,options,call
150,1602569640000,143.9,143.9,139.05,140.2,10175,,24200,weekly,2020-10-15T21:00:00.000,options,call
151,1602569700000,139.7,145.3,139.5,145.3,8625,,24200,weekly,2020-10-15T21:00:00.000,options,call
152,1602569760000,144.85,158.55,144.3,158.25,32625,,24200,weekly,2020-10-15T21:00:00.000,options,call
153,1602569820000,157.35,158.0,153.4,155.0,12400,,24200,weekly,2020-10-15T21:00:00.000,options,call
154,1602569880000,155.15,160.1,155.15,159.0,8625,,24200,weekly,2020-10-15T21:00:00.000,options,call
155,1602569940000,158.8,163.9,157.45,158.7,12150,,24200,weekly,2020-10-15T21:00:00.000,options,call
156,1602570000000,159.15,161.3,158.45,158.85,12425,,24200,weekly,2020-10-15T21:00:00.000,options,call
157,1602570060000,159.2,159.45,152.8,157.5,11800,,24200,weekly,2020-10-15T21:00:00.000,options,call
158,1602570120000,158.5,161.15,157.75,158.0,5225,,24200,weekly,2020-10-15T21:00:00.000,options,call
159,1602570180000,157.2,164.2,157.0,161.2,10350,,24200,weekly,2020-10-15T21:00:00.000,options,call
160,1602570240000,161.8,167.95,161.5,164.0,24450,,24200,weekly,2020-10-15T21:00:00.000,options,call
161,1602570300000,163.3,165.7,159.35,160.15,11575,,24200,weekly,2020-10-15T21:00:00.000,options,call
162,1602570360000,160.1,163.0,159.15,162.85,5350,,24200,weekly,2020-10-15T21:00:00.000,options,call
163,1602570420000,163.55,163.55,160.4,161.0,9275,,24200,weekly,2020-10-15T21:00:00.000,options,call
164,1602570480000,160.2,162.55,159.0,162.3,10100,,24200,weekly,2020-10-15T21:00:00.000,options,call
165,1602570540000,162.3,163.45,151.95,151.95,25150,,24200,weekly,2020-10-15T21:00:00.000,options,call
166,1602570600000,149.0,149.65,133.3,137.15,58200,,24200,weekly,2020-10-15T21:00:00.000,options,call
167,1602570660000,137.9,140.05,132.25,139.15,26600,,24200,weekly,2020-10-15T21:00:00.000,options,call
168,1602570720000,139.2,140.3,136.2,139.15,6500,,24200,weekly,2020-10-15T21:00:00.000,options,call
169,1602570780000,139.4,140.65,135.4,137.7,9275,,24200,weekly,2020-10-15T21:00:00.000,options,call
170,1602570840000,137.45,137.45,125.05,130.3,35325,,24200,weekly,2020-10-15T21:00:00.000,options,call
171,1602570900000,129.4,134.7,128.85,134.4,19150,,24200,weekly,2020-10-15T21:00:00.000,options,call
172,1602570960000,134.2,136.0,132.65,134.0,13125,,24200,weekly,2020-10-15T21:00:00.000,options,call
173,1602571020000,133.95,136.65,130.65,134.35,12150,,24200,weekly,2020-10-15T21:00:00.000,options,call
174,1602571080000,133.35,134.55,129.6,132.1,9350,,24200,weekly,2020-10-15T21:00:00.000,options,call
175,1602571140000,132.85,136.0,132.5,134.2,10525,,24200,weekly,2020-10-15T21:00:00.000,options,call
176,1602571200000,132.4,134.4,131.25,133.0,7275,,24200,weekly,2020-10-15T21:00:00.000,options,call
177,1602571260000,134.0,134.85,132.05,134.3,4675,,24200,weekly,2020-10-15T21:00:00.000,options,call
178,1602571320000,133.95,134.95,129.05,133.05,8050,,24200,weekly,2020-10-15T21:00:00.000,options,call
179,1602571380000,133.05,137.8,131.8,136.1,9825,,24200,weekly,2020-10-15T21:00:00.000,options,call
180,1602571440000,135.0,135.05,107.0,115.65,66550,,24200,weekly,2020-10-15T21:00:00.000,options,call
181,1602571500000,115.4,115.4,106.05,111.55,51275,,24200,weekly,2020-10-15T21:00:00.000,options,call
182,1602571560000,111.35,115.05,110.8,113.7,17675,,24200,weekly,2020-10-15T21:00:00.000,options,call
183,1602571620000,113.1,115.35,111.85,115.35,17475,,24200,weekly,2020-10-15T21:00:00.000,options,call
184,1602571680000,114.95,114.95,108.7,111.05,29375,,24200,weekly,2020-10-15T21:00:00.000,options,call
185,1602571740000,112.0,117.85,107.0,116.45,18725,,24200,weekly,2020-10-15T21:00:00.000,options,call
186,1602571800000,115.65,118.15,114.0,117.4,9575,,24200,weekly,2020-10-15T21:00:00.000,options,call
187,1602571860000,116.1,116.6,111.85,113.65,7075,,24200,weekly,2020-10-15T21:00:00.000,options,call
188,1602571920000,113.1,114.3,110.65,110.65,4625,,24200,weekly,2020-10-15T21:00:00.000,options,call
189,1602571980000,110.65,113.75,109.0,111.3,12325,,24200,weekly,2020-10-15T21:00:00.000,options,call
190,1602572040000,111.7,115.5,108.9,114.1,14750,,24200,weekly,2020-10-15T21:00:00.000,options,call
191,1602572100000,114.65,116.7,112.05,112.05,10375,,24200,weekly,2020-10-15T21:00:00.000,options,call
192,1602572160000,112.0,117.2,112.0,115.95,9675,,24200,weekly,2020-10-15T21:00:00.000,options,call
193,1602572220000,116.65,124.05,115.4,123.55,24350,,24200,weekly,2020-10-15T21:00:00.000,options,call
194,1602572280000,124.55,126.35,121.15,122.0,19050,,24200,weekly,2020-10-15T21:00:00.000,options,call
195,1602572340000,122.2,123.1,117.75,118.5,10350,,24200,weekly,2020-10-15T21:00:00.000,options,call
196,1602572400000,118.3,119.55,116.4,117.75,7075,,24200,weekly,2020-10-15T21:00:00.000,options,call
197,1602572460000,117.75,120.65,117.0,118.0,4800,,24200,weekly,2020-10-15T21:00:00.000,options,call
198,1602572520000,118.2,119.0,111.5,113.6,9025,,24200,weekly,2020-10-15T21:00:00.000,options,call
199,1602572580000,113.45,117.8,113.45,116.0,7800,,24200,weekly,2020-10-15T21:00:00.000,options,call
200,1602572640000,115.7,115.7,110.2,110.5,19925,,24200,weekly,2020-10-15T21:00:00.000,options,call
201,1602572700000,111.5,115.0,109.2,112.1,15850,,24200,weekly,2020-10-15T21:00:00.000,options,call
202,1602572760000,111.7,111.7,105.85,107.55,22725,,24200,weekly,2020-10-15T21:00:00.000,options,call
203,1602572820000,107.1,113.6,107.1,112.45,18100,,24200,weekly,2020-10-15T21:00:00.000,options,call
204,1602572880000,113.0,114.3,109.3,109.3,5825,,24200,weekly,2020-10-15T21:00:00.000,options,call
205,1602572940000,109.9,113.5,109.9,113.3,7150,,24200,weekly,2020-10-15T21:00:00.000,options,call
206,1602573000000,112.75,114.0,110.25,113.05,6275,,24200,weekly,2020-10-15T21:00:00.000,options,call
207,1602573060000,113.2,116.8,113.05,114.85,12000,,24200,weekly,2020-10-15T21:00:00.000,options,call
208,1602573120000,114.3,116.0,111.5,113.75,10625,,24200,weekly,2020-10-15T21:00:00.000,options,call
209,1602573180000,114.2,115.4,110.25,111.2,13350,,24200,weekly,2020-10-15T21:00:00.000,options,call
210,1602573240000,110.75,111.7,106.4,106.95,16725,,24200,weekly,2020-10-15T21:00:00.000,options,call
211,1602573300000,106.9,108.45,97.6,99.95,56300,,24200,weekly,2020-10-15T21:00:00.000,options,call
212,1602573360000,100.0,101.25,93.45,96.5,38700,,24200,weekly,2020-10-15T21:00:00.000,options,call
213,1602573420000,96.75,98.3,93.15,96.7,28250,,24200,weekly,2020-10-15T21:00:00.000,options,call
214,1602573480000,97.4,98.9,91.75,93.2,21725,,24200,weekly,2020-10-15T21:00:00.000,options,call
215,1602573540000,92.75,96.2,88.8,96.15,39750,,24200,weekly,2020-10-15T21:00:00.000,options,call
216,1602573600000,96.2,97.35,94.5,95.25,23800,,24200,weekly,2020-10-15T21:00:00.000,options,call
217,1602573660000,97.5,98.65,94.65,94.65,14675,,24200,weekly,2020-10-15T21:00:00.000,options,call
218,1602573720000,95.15,97.0,93.55,95.25,19025,,24200,weekly,2020-10-15T21:00:00.000,options,call
219,1602573780000,95.05,95.05,88.35,90.2,26250,,24200,weekly,2020-10-15T21:00:00.000,options,call
220,1602573840000,91.2,95.6,91.0,95.6,20975,,24200,weekly,2020-10-15T21:00:00.000,options,call
221,1602573900000,96.3,96.7,92.8,95.5,18525,,24200,weekly,2020-10-15T21:00:00.000,options,call
222,1602573960000,95.5,99.1,95.35,97.55,16275,,24200,weekly,2020-10-15T21:00:00.000,options,call
223,1602574020000,97.55,97.55,95.65,96.55,15600,,24200,weekly,2020-10-15T21:00:00.000,options,call
224,1602574080000,96.25,101.8,95.05,99.9,21575,,24200,weekly,2020-10-15T21:00:00.000,options,call
225,1602574140000,99.8,100.55,98.25,98.25,17575,,24200,weekly,2020-10-15T21:00:00.000,options,call
226,1602574200000,97.9,99.0,95.6,98.75,7575,,24200,weekly,2020-10-15T21:00:00.000,options,call
227,1602574260000,98.95,99.4,97.0,97.7,16225,,24200,weekly,2020-10-15T21:00:00.000,options,call
228,1602574320000,98.1,98.1,93.05,96.6,19325,,24200,weekly,2020-10-15T21:00:00.000,options,call
229,1602574380000,95.95,98.8,95.0,98.3,9025,,24200,weekly,2020-10-15T21:00:00.000,options,call
230,1602574440000,98.4,98.4,95.1,96.8,9775,,24200,weekly,2020-10-15T21:00:00.000,options,call
231,1602574500000,96.0,96.25,88.0,91.45,31650,,24200,weekly,2020-10-15T21:00:00.000,options,call
232,1602574560000,92.0,96.6,91.85,96.1,13200,,24200,weekly,2020-10-15T21:00:00.000,options,call
233,1602574620000,96.05,98.85,94.85,98.05,14250,,24200,weekly,2020-10-15T21:00:00.000,options,call
234,1602574680000,97.75,100.6,97.15,99.2,14950,,24200,weekly,2020-10-15T21:00:00.000,options,call
235,1602574740000,99.8,102.45,99.55,100.8,21675,,24200,weekly,2020-10-15T21:00:00.000,options,call
236,1602574800000,101.65,107.3,101.5,106.65,24275,,24200,weekly,2020-10-15T21:00:00.000,options,call
237,1602574860000,107.0,109.95,106.05,107.0,26175,,24200,weekly,2020-10-15T21:00:00.000,options,call
238,1602574920000,107.25,107.55,105.0,105.5,10025,,24200,weekly,2020-10-15T21:00:00.000,options,call
239,1602574980000,106.3,108.75,105.65,107.85,5850,,24200,weekly,2020-10-15T21:00:00.000,options,call
240,1602575040000,107.75,107.75,103.35,104.35,15325,,24200,weekly,2020-10-15T21:00:00.000,options,call
241,1602575100000,103.85,105.0,101.55,104.45,10675,,24200,weekly,2020-10-15T21:00:00.000,options,call
242,1602575160000,104.65,109.75,104.35,109.75,13050,,24200,weekly,2020-10-15T21:00:00.000,options,call
243,1602575220000,109.3,110.3,107.5,109.5,13300,,24200,weekly,2020-10-15T21:00:00.000,options,call
244,1602575280000,109.85,115.8,109.05,112.65,26925,,24200,weekly,2020-10-15T21:00:00.000,options,call
245,1602575340000,112.0,113.1,107.0,108.8,21675,,24200,weekly,2020-10-15T21:00:00.000,options,call
246,1602575400000,108.75,110.45,106.65,107.25,8650,,24200,weekly,2020-10-15T21:00:00.000,options,call
247,1602575460000,107.4,108.8,106.4,108.8,9400,,24200,weekly,2020-10-15T21:00:00.000,options,call
248,1602575520000,109.1,112.3,107.8,107.8,20725,,24200,weekly,2020-10-15T21:00:00.000,options,call
249,1602575580000,107.9,108.3,98.4,99.95,32750,,24200,weekly,2020-10-15T21:00:00.000,options,call
250,1602575640000,100.05,100.7,93.65,95.15,10575,,24200,weekly,2020-10-15T21:00:00.000,options,call
251,1602575700000,95.65,98.0,95.25,98.0,6625,,24200,weekly,2020-10-15T21:00:00.000,options,call
252,1602575760000,97.75,102.95,97.15,100.05,21525,,24200,weekly,2020-10-15T21:00:00.000,options,call
253,1602575820000,100.0,102.3,98.95,101.0,15750,,24200,weekly,2020-10-15T21:00:00.000,options,call
254,1602575880000,100.15,102.7,99.3,99.65,10925,,24200,weekly,2020-10-15T21:00:00.000,options,call
255,1602575940000,99.7,102.35,97.4,97.75,12300,,24200,weekly,2020-10-15T21:00:00.000,options,call
256,1602576000000,96.75,101.0,94.85,99.9,13075,,24200,weekly,2020-10-15T21:00:00.000,options,call
257,1602576060000,99.9,105.6,99.3,104.85,18075,,24200,weekly,2020-10-15T21:00:00.000,options,call
258,1602576120000,104.4,104.4,100.75,102.65,9725,,24200,weekly,2020-10-15T21:00:00.000,options,call
259,1602576180000,102.6,106.2,102.6,104.4,7975,,24200,weekly,2020-10-15T21:00:00.000,options,call
260,1602576240000,104.35,104.35,101.6,101.6,3950,,24200,weekly,2020-10-15T21:00:00.000,options,call
261,1602576300000,101.05,102.3,99.85,102.3,3900,,24200,weekly,2020-10-15T21:00:00.000,options,call
262,1602576360000,102.15,106.75,102.0,105.15,6000,,24200,weekly,2020-10-15T21:00:00.000,options,call
263,1602576420000,105.2,110.4,105.2,109.15,16875,,24200,weekly,2020-10-15T21:00:00.000,options,call
264,1602576480000,109.5,110.35,104.9,106.05,9875,,24200,weekly,2020-10-15T21:00:00.000,options,call
265,1602576540000,106.45,108.45,105.3,105.85,3375,,24200,weekly,2020-10-15T21:00:00.000,options,call
266,1602576600000,105.3,106.0,102.9,103.55,6725,,24200,weekly,2020-10-15T21:00:00.000,options,call
267,1602576660000,103.4,103.6,99.75,101.2,12775,,24200,weekly,2020-10-15T21:00:00.000,options,call
268,1602576720000,100.8,102.1,97.55,99.3,19725,,24200,weekly,2020-10-15T21:00:00.000,options,call
269,1602576780000,99.95,102.1,97.9,98.7,23600,,24200,weekly,2020-10-15T21:00:00.000,options,call
270,1602576840000,98.55,99.95,92.05,92.05,20500,,24200,weekly,2020-10-15T21:00:00.000,options,call
271,1602576900000,92.0,93.9,83.9,87.65,48975,,24200,weekly,2020-10-15T21:00:00.000,options,call
272,1602576960000,87.0,89.45,84.75,89.0,25350,,24200,weekly,2020-10-15T21:00:00.000,options,call
273,1602577020000,88.75,88.75,80.05,84.25,36525,,24200,weekly,2020-10-15T21:00:00.000,options,call
274,1602577080000,84.25,87.75,83.85,87.1,19650,,24200,weekly,2020-10-15T21:00:00.000,options,call
275,1602577140000,86.75,86.75,81.0,83.05,27975,,24200,weekly,2020-10-15T21:00:00.000,options,call
276,1602577200000,82.8,85.0,75.05,85.0,36450,,24200,weekly,2020-10-15T21:00:00.000,options,call
277,1602577260000,85.35,88.9,85.35,88.2,20925,,24200,weekly,2020-10-15T21:00:00.000,options,call
278,1602577320000,87.95,88.15,85.05,85.85,20375,,24200,weekly,2020-10-15T21:00:00.000,options,call
279,1602577380000,86.0,88.3,85.5,87.1,16725,,24200,weekly,2020-10-15T21:00:00.000,options,call
280,1602577440000,87.1,90.45,86.8,87.65,21750,,24200,weekly,2020-10-15T21:00:00.000,options,call
281,1602577500000,87.3,89.35,86.5,86.65,22675,,24200,weekly,2020-10-15T21:00:00.000,options,call
282,1602577560000,86.9,88.4,82.65,84.0,13425,,24200,weekly,2020-10-15T21:00:00.000,options,call
283,1602577620000,84.05,86.1,83.2,84.1,22100,,24200,weekly,2020-10-15T21:00:00.000,options,call
284,1602577680000,84.1,85.15,83.1,84.75,11900,,24200,weekly,2020-10-15T21:00:00.000,options,call
285,1602577740000,85.35,92.15,84.85,89.9,33350,,24200,weekly,2020-10-15T21:00:00.000,options,call
286,1602577800000,89.5,94.75,89.5,94.3,24625,,24200,weekly,2020-10-15T21:00:00.000,options,call
287,1602577860000,95.7,99.35,93.15,96.8,42400,,24200,weekly,2020-10-15T21:00:00.000,options,call
288,1602577920000,96.3,97.7,93.4,94.8,22200,,24200,weekly,2020-10-15T21:00:00.000,options,call
289,1602577980000,94.45,96.95,90.7,90.85,16850,,24200,weekly,2020-10-15T21:00:00.000,options,call
290,1602578040000,90.85,95.9,90.85,93.85,20700,,24200,weekly,2020-10-15T21:00:00.000,options,call
291,1602578100000,93.85,97.0,93.85,94.65,17775,,24200,weekly,2020-10-15T21:00:00.000,options,call
292,1602578160000,94.35,98.65,94.25,95.0,23625,,24200,weekly,2020-10-15T21:00:00.000,options,call
293,1602578220000,94.8,94.8,91.15,91.3,18700,,24200,weekly,2020-10-15T21:00:00.000,options,call
294,1602578280000,90.9,92.2,89.35,91.3,24125,,24200,weekly,2020-10-15T21:00:00.000,options,call
295,1602578340000,91.5,93.25,90.05,90.45,7850,,24200,weekly,2020-10-15T21:00:00.000,options,call
296,1602578400000,90.45,93.05,88.6,93.05,18475,,24200,weekly,2020-10-15T21:00:00.000,options,call
297,1602578460000,93.05,93.45,89.3,89.3,6600,,24200,weekly,2020-10-15T21:00:00.000,options,call
298,1602578520000,90.05,93.45,89.85,92.55,9625,,24200,weekly,2020-10-15T21:00:00.000,options,call
299,1602578580000,92.3,96.65,91.35,95.4,13725,,24200,weekly,2020-10-15T21:00:00.000,options,call
300,1602578640000,96.0,104.95,96.0,100.5,54775,,24200,weekly,2020-10-15T21:00:00.000,options,call
301,1602578700000,100.95,103.5,99.65,99.8,19325,,24200,weekly,2020-10-15T21:00:00.000,options,call
302,1602578760000,99.8,101.0,95.55,96.5,11650,,24200,weekly,2020-10-15T21:00:00.000,options,call
303,1602578820000,96.6,100.25,96.5,99.3,8425,,24200,weekly,2020-10-15T21:00:00.000,options,call
304,1602578880000,99.3,103.05,98.85,99.3,10925,,24200,weekly,2020-10-15T21:00:00.000,options,call
305,1602578940000,99.6,100.0,87.6,88.85,31325,,24200,weekly,2020-10-15T21:00:00.000,options,call
306,1602579000000,88.85,89.05,79.0,82.5,43825,,24200,weekly,2020-10-15T21:00:00.000,options,call
307,1602579060000,82.05,84.0,80.2,81.55,15150,,24200,weekly,2020-10-15T21:00:00.000,options,call
308,1602579120000,81.75,84.3,80.1,82.05,26325,,24200,weekly,2020-10-15T21:00:00.000,options,call
309,1602579180000,82.6,83.65,81.2,82.1,15800,,24200,weekly,2020-10-15T21:00:00.000,options,call
310,1602579240000,81.85,82.05,74.05,79.7,54250,,24200,weekly,2020-10-15T21:00:00.000,options,call
311,1602579300000,79.55,82.95,79.55,82.2,18950,,24200,weekly,2020-10-15T21:00:00.000,options,call
312,1602579360000,82.1,85.2,81.55,83.0,22975,,24200,weekly,2020-10-15T21:00:00.000,options,call
313,1602579420000,82.65,84.25,78.8,80.5,12075,,24200,weekly,2020-10-15T21:00:00.000,options,call
314,1602579480000,80.65,81.25,77.55,80.5,15775,,24200,weekly,2020-10-15T21:00:00.000,options,call
315,1602579540000,79.75,80.55,75.9,77.15,30300,,24200,weekly,2020-10-15T21:00:00.000,options,call
316,1602579600000,77.4,82.0,77.4,81.95,16950,,24200,weekly,2020-10-15T21:00:00.000,options,call
317,1602579660000,81.4,84.25,80.25,83.35,19475,,24200,weekly,2020-10-15T21:00:00.000,options,call
318,1602579720000,83.25,85.7,82.5,83.05,17850,,24200,weekly,2020-10-15T21:00:00.000,options,call
319,1602579780000,82.5,84.0,81.65,83.85,8975,,24200,weekly,2020-10-15T21:00:00.000,options,call
320,1602579840000,84.1,87.8,83.7,86.1,16775,,24200,weekly,2020-10-15T21:00:00.000,options,call
321,1602579900000,86.35,86.5,81.0,82.3,15575,,24200,weekly,2020-10-15T21:00:00.000,options,call
322,1602579960000,82.6,83.0,80.1,82.15,16875,,24200,weekly,2020-10-15T21:00:00.000,options,call
323,1602580020000,82.5,83.0,81.05,81.1,3825,,24200,weekly,2020-10-15T21:00:00.000,options,call
324,1602580080000,81.1,81.8,77.9,80.8,12325,,24200,weekly,2020-10-15T21:00:00.000,options,call
325,1602580140000,80.8,80.85,76.4,78.1,12000,,24200,weekly,2020-10-15T21:00:00.000,options,call
326,1602580200000,78.15,83.4,78.15,82.8,19450,,24200,weekly,2020-10-15T21:00:00.000,options,call
327,1602580260000,83.0,84.6,81.85,81.85,14800,,24200,weekly,2020-10-15T21:00:00.000,options,call
328,1602580320000,81.95,83.7,79.5,81.85,18625,,24200,weekly,2020-10-15T21:00:00.000,options,call
329,1602580380000,82.3,84.9,82.3,83.25,13950,,24200,weekly,2020-10-15T21:00:00.000,options,call
330,1602580440000,83.75,83.9,81.1,82.2,11450,,24200,weekly,2020-10-15T21:00:00.000,options,call
331,1602580500000,82.65,83.6,80.55,80.75,8925,,24200,weekly,2020-10-15T21:00:00.000,options,call
332,1602580560000,80.95,82.7,80.55,82.1,3425,,24200,weekly,2020-10-15T21:00:00.000,options,call
333,1602580620000,82.1,90.65,78.55,90.65,34250,,24200,weekly,2020-10-15T21:00:00.000,options,call
334,1602580680000,90.3,91.3,86.35,88.3,16075,,24200,weekly,2020-10-15T21:00:00.000,options,call
335,1602580740000,88.0,91.55,87.35,89.3,15000,,24200,weekly,2020-10-15T21:00:00.000,options,call
336,1602580800000,89.6,90.35,87.25,88.2,9200,,24200,weekly,2020-10-15T21:00:00.000,options,call
337,1602580860000,88.15,89.35,82.3,83.4,22025,,24200,weekly,2020-10-15T21:00:00.000,options,call
338,1602580920000,83.15,83.15,79.35,81.65,19075,,24200,weekly,2020-10-15T21:00:00.000,options,call
339,1602580980000,81.25,85.0,80.9,84.05,14575,,24200,weekly,2020-10-15T21:00:00.000,options,call
340,1602581040000,83.7,86.1,83.7,85.9,13150,,24200,weekly,2020-10-15T21:00:00.000,options,call
341,1602581100000,85.9,88.4,84.1,88.4,10375,,24200,weekly,2020-10-15T21:00:00.000,options,call
342,1602581160000,88.95,89.1,84.0,84.0,10300,,24200,weekly,2020-10-15T21:00:00.000,options,call
343,1602581220000,84.4,86.5,83.3,85.85,5300,,24200,weekly,2020-10-15T21:00:00.000,options,call
344,1602581280000,85.4,89.25,85.4,88.65,8200,,24200,weekly,2020-10-15T21:00:00.000,options,call
345,1602581340000,88.05,89.75,83.75,86.1,9700,,24200,weekly,2020-10-15T21:00:00.000,options,call
346,1602581400000,85.9,88.1,84.3,86.35,8650,,24200,weekly,2020-10-15T21:00:00.000,options,call
347,1602581460000,85.9,89.55,85.5,88.85,8325,,24200,weekly,2020-10-15T21:00:00.000,options,call
348,1602581520000,88.55,88.55,83.3,84.0,10375,,24200,weekly,2020-10-15T21:00:00.000,options,call
349,1602581580000,83.5,84.75,81.7,84.5,19275,,24200,weekly,2020-10-15T21:00:00.000,options,call
350,1602581640000,84.3,85.0,82.85,85.0,16925,,24200,weekly,2020-10-15T21:00:00.000,options,call
351,1602581700000,84.95,86.8,84.8,86.2,16025,,24200,weekly,2020-10-15T21:00:00.000,options,call
352,1602581760000,86.5,86.8,84.85,85.6,18225,,24200,weekly,2020-10-15T21:00:00.000,options,call
353,1602581820000,85.75,85.75,82.7,83.75,16150,,24200,weekly,2020-10-15T21:00:00.000,options,call
354,1602581880000,83.45,84.25,82.75,83.6,22100,,24200,weekly,2020-10-15T21:00:00.000,options,call
355,1602581940000,83.9,84.75,82.0,82.05,24225,,24200,weekly,2020-10-15T21:00:00.000,options,call
356,1602582000000,82.3,83.45,80.6,82.45,23950,,24200,weekly,2020-10-15T21:00:00.000,options,call
357,1602582060000,82.45,83.75,81.0,81.2,21525,,24200,weekly,2020-10-15T21:00:00.000,options,call
358,1602582120000,81.2,83.6,80.6,83.4,23700,,24200,weekly,2020-10-15T21:00:00.000,options,call
359,1602582180000,82.95,83.25,82.0,83.1,27675,,24200,weekly,2020-10-15T21:00:00.000,options,call
360,1602582240000,83.45,83.7,81.05,82.15,23400,,24200,weekly,2020-10-15T21:00:00.000,options,call
361,1602582300000,82.0,82.0,80.05,80.95,20325,,24200,weekly,2020-10-15T21:00:00.000,options,call
362,1602582360000,81.3,81.85,78.55,79.85,23400,,24200,weekly,2020-10-15T21:00:00.000,options,call
363,1602582420000,79.75,81.55,78.95,81.3,25200,,24200,weekly,2020-10-15T21:00:00.000,options,call
364,1602582480000,81.2,81.55,80.75,81.2,13500,,24200,weekly,2020-10-15T21:00:00.000,options,call
365,1602582540000,81.15,84.4,81.15,84.0,39875,,24200,weekly,2020-10-15T21:00:00.000,options,call
366,1602582600000,84.0,84.3,82.1,82.4,29150,,24200,weekly,2020-10-15T21:00:00.000,options,call
367,1602582660000,82.4,82.4,78.65,78.9,28325,,24200,weekly,2020-10-15T21:00:00.000,options,call
368,1602582720000,78.9,79.5,76.15,76.65,27950,,24200,weekly,2020-10-15T21:00:00.000,options,call
369,1602582780000,76.75,78.55,76.55,77.9,31825,,24200,weekly,2020-10-15T21:00:00.000,options,call
370,1602582840000,78.25,78.9,76.15,76.9,38175,,24200,weekly,2020-10-15T21:00:00.000,options,call
371,1602582900000,76.9,78.15,76.75,77.0,25675,,24200,weekly,2020-10-15T21:00:00.000,options,call
372,1602582960000,76.95,77.05,74.8,75.1,31650,,24200,weekly,2020-10-15T21:00:00.000,options,call
373,1602583020000,74.75,75.25,69.45,69.45,42400,,24200,weekly,2020-10-15T21:00:00.000,options,call
374,1602583080000,69.3,69.3,63.1,64.0,45725,,24200,weekly,2020-10-15T21:00:00.000,options,call
