,timestamp,open,high,low,close,volume,open_interest,strike,expiry_type,expiry,instrument,contract_type
0,1606448640000,3.45,3.75,2.8,3.1,7800,,12100,weekly,2020-12-3T21:00:00.000,options,put
1,1606448700000,3.05,3.1,3.05,3.1,10500,,12100,weekly,2020-12-3T21:00:00.000,options,put
2,1606448760000,3.05,3.2,3.05,3.1,11850,,12100,weekly,2020-12-3T21:00:00.000,options,put
3,1606448820000,3.1,3.15,3.05,3.1,11400,,12100,weekly,2020-12-3T21:00:00.000,options,put
4,1606448880000,3.1,3.1,3.05,3.1,3375,,12100,weekly,2020-12-3T21:00:00.000,options,put
5,1606448940000,3.0,3.0,2.95,2.95,7575,,12100,weekly,2020-12-3T21:00:00.000,options,put
6,1606449000000,2.95,2.95,2.9,2.9,1425,,12100,weekly,2020-12-3T21:00:00.000,options,put
7,1606449060000,2.9,2.9,2.9,2.9,7800,,12100,weekly,2020-12-3T21:00:00.000,options,put
8,1606449120000,2.9,2.95,2.9,2.9,9375,,12100,weekly,2020-12-3T21:00:00.000,options,put
9,1606449180000,2.9,2.95,2.85,2.9,16350,,12100,weekly,2020-12-3T21:00:00.000,options,put
10,1606449240000,2.9,2.95,2.9,2.95,3825,,12100,weekly,2020-12-3T21:00:00.000,options,put
11,1606449300000,2.95,3.05,2.95,3.05,2175,,12100,weekly,2020-12-3T21:00:00.000,options,put
12,1606449360000,3.05,3.1,3.05,3.05,675,,12100,weekly,2020-12-3T21:00:00.000,options,put
13,1606449420000,3.05,3.15,3.0,3.0,10425,,12100,weekly,2020-12-3T21:00:00.000,options,put
14,1606449480000,3.05,3.05,3.0,3.05,7350,,12100,weekly,2020-12-3T21:00:00.000,options,put
15,1606449540000,3.05,3.05,3.05,3.05,1950,,12100,weekly,2020-12-3T21:00:00.000,options,put
16,1606449600000,3.05,3.1,3.05,3.1,1275,,12100,weekly,2020-12-3T21:00:00.000,options,put
17,1606449660000,3.1,3.1,3.0,3.1,4125,,12100,weekly,2020-12-3T21:00:00.000,options,put
18,1606449720000,3.05,3.05,3.0,3.0,9375,,12100,weekly,2020-12-3T21:00:00.000,options,put
19,1606449780000,3.0,3.15,3.0,3.15,19575,,12100,weekly,2020-12-3T21:00:00.000,options,put
20,1606449840000,3.1,3.3,3.1,3.2,39750,,12100,weekly,2020-12-3T21:00:00.000,options,put
21,1606449900000,3.2,3.2,3.0,3.0,23175,,12100,weekly,2020-12-3T21:00:00.000,options,put
22,1606449960000,3.0,3.05,2.95,2.95,22200,,12100,weekly,2020-12-3T21:00:00.000,options,put
23,1606450020000,2.95,2.95,2.9,2.95,12525,,12100,weekly,2020-12-3T21:00:00.000,options,put
24,1606450080000,3.0,3.15,3.0,3.15,10500,,12100,weekly,2020-12-3T21:00:00.000,options,put
25,1606450140000,3.15,3.2,3.1,3.15,5250,,12100,weekly,2020-12-3T21:00:00.000,options,put
26,1606450200000,3.15,3.15,3.1,3.1,2250,,12100,weekly,2020-12-3T21:00:00.000,options,put
27,1606450260000,3.1,3.15,3.1,3.15,7050,,12100,weekly,2020-12-3T21:00:00.000,options,put
28,1606450320000,3.2,3.2,3.15,3.2,2025,,12100,weekly,2020-12-3T21:00:00.000,options,put
29,1606450380000,3.2,3.35,3.2,3.25,5700,,12100,weekly,2020-12-3T21:00:00.000,options,put
30,1606450440000,3.25,3.3,3.2,3.25,9675,,12100,weekly,2020-12-3T21:00:00.000,options,put
31,1606450500000,3.25,3.3,3.25,3.3,5325,,12100,weekly,2020-12-3T21:00:00.000,options,put
32,1606450560000,3.3,3.35,3.2,3.3,5925,,12100,weekly,2020-12-3T21:00:00.000,options,put
33,1606450620000,3.3,3.3,3.3,3.3,525,,12100,weekly,2020-12-3T21:00:00.000,options,put
34,1606450680000,3.25,3.25,3.25,3.25,2550,,12100,weekly,2020-12-3T21:00:00.000,options,put
35,1606450740000,3.3,3.3,3.3,3.3,1275,,12100,weekly,2020-12-3T21:00:00.000,options,put
36,1606450800000,3.3,3.3,3.2,3.25,20325,,12100,weekly,2020-12-3T21:00:00.000,options,put
37,1606450860000,3.25,3.25,3.1,3.1,11025,,12100,weekly,2020-12-3T21:00:00.000,options,put
38,1606450920000,3.1,3.1,3.0,3.1,8775,,12100,weekly,2020-12-3T21:00:00.000,options,put
39,1606450980000,3.1,3.1,3.1,3.1,5175,,12100,weekly,2020-12-3T21:00:00.000,options,put
40,1606451040000,3.1,3.15,3.1,3.15,675,,12100,weekly,2020-12-3T21:00:00.000,options,put
41,1606451100000,3.1,3.2,3.1,3.2,600,,12100,weekly,2020-12-3T21:00:00.000,options,put
42,1606451160000,3.2,3.2,3.05,3.05,8025,,12100,weekly,2020-12-3T21:00:00.000,options,put
43,1606451220000,3.05,3.05,3.0,3.0,1125,,12100,weekly,2020-12-3T21:00:00.000,options,put
44,1606451280000,3.0,3.05,3.0,3.05,1200,,12100,weekly,2020-12-3T21:00:00.000,options,put
45,1606451340000,3.1,3.15,3.1,3.15,3450,,12100,weekly,2020-12-3T21:00:00.000,options,put
46,1606451400000,3.15,3.15,3.1,3.15,3900,,12100,weekly,2020-12-3T21:00:00.000,options,put
47,1606451460000,3.15,3.15,3.05,3.1,2025,,12100,weekly,2020-12-3T21:00:00.000,options,put
48,1606451520000,3.1,3.15,3.1,3.1,2400,,12100,weekly,2020-12-3T21:00:00.000,options,put
49,1606451580000,3.1,3.15,3.1,3.1,3825,,12100,weekly,2020-12-3T21:00:00.000,options,put
50,1606451640000,3.15,3.15,3.1,3.1,4350,,12100,weekly,2020-12-3T21:00:00.000,options,put
51,1606451700000,3.1,3.1,3.05,3.05,2100,,12100,weekly,2020-12-3T21:00:00.000,options,put
52,1606451760000,3.05,3.05,3.0,3.05,4650,,12100,weekly,2020-12-3T21:00:00.000,options,put
53,1606451820000,3.05,3.1,3.05,3.05,5700,,12100,weekly,2020-12-3T21:00:00.000,options,put
54,1606451880000,3.05,3.1,3.05,3.05,1650,,12100,weekly,2020-12-3T21:00:00.000,options,put
55,1606451940000,3.05,3.1,3.05,3.05,1950,,12100,weekly,2020-12-3T21:00:00.000,options,put
56,1606452000000,3.05,3.05,3.05,3.05,300,,12100,weekly,2020-12-3T21:00:00.000,options,put
57,1606452060000,3.1,3.1,3.1,3.1,75,,12100,weekly,2020-12-3T21:00:00.000,options,put
58,1606452120000,3.1,3.1,3.1,3.1,150,,12100,weekly,2020-12-3T21:00:00.000,options,put
59,1606452180000,3.05,3.05,3.05,3.05,1575,,12100,weekly,2020-12-3T21:00:00.000,options,put
60,1606452240000,3.05,3.05,3.05,3.05,900,,12100,weekly,2020-12-3T21:00:00.000,options,put
61,1606452300000,3.0,3.05,3.0,3.05,1200,,12100,weekly,2020-12-3T21:00:00.000,options,put
62,1606452420000,3.0,3.0,3.0,3.0,300,,12100,weekly,2020-12-3T21:00:00.000,options,put
63,1606452480000,3.05,3.05,3.0,3.05,1050,,12100,weekly,2020-12-3T21:00:00.000,options,put
64,1606452540000,3.0,3.05,3.0,3.0,525,,12100,weekly,2020-12-3T21:00:00.000,options,put
65,1606452600000,3.0,3.0,3.0,3.0,825,,12100,weekly,2020-12-3T21:00:00.000,options,put
66,1606452660000,3.05,3.05,3.0,3.0,1125,,12100,weekly,2020-12-3T21:00:00.000,options,put
67,1606452720000,3.0,3.0,3.0,3.0,300,,12100,weekly,2020-12-3T21:00:00.000,options,put
68,1606452780000,3.0,3.0,3.0,3.0,1200,,12100,weekly,2020-12-3T21:00:00.000,options,put
69,1606452840000,3.0,3.0,3.0,3.0,600,,12100,weekly,2020-12-3T21:00:00.000,options,put
70,1606452900000,3.0,3.0,3.0,3.0,375,,12100,weekly,2020-12-3T21:00:00.000,options,put
71,1606452960000,3.0,3.0,3.0,3.0,300,,12100,weekly,2020-12-3T21:00:00.000,options,put
72,1606453020000,3.0,3.0,2.95,2.95,1200,,12100,weekly,2020-12-3T21:00:00.000,options,put
73,1606453080000,2.95,2.95,2.95,2.95,75,,12100,weekly,2020-12-3T21:00:00.000,options,put
74,1606453260000,2.95,2.95,2.95,2.95,300,,12100,weekly,2020-12-3T21:00:00.000,options,put
75,1606453320000,2.95,3.0,2.95,3.0,525,,12100,weekly,2020-12-3T21:00:00.000,options,put
76,1606453500000,3.0,3.0,3.0,3.0,75,,12100,weekly,2020-12-3T21:00:00.000,options,put
77,1606453560000,3.0,3.0,3.0,3.0,3825,,12100,weekly,2020-12-3T21:00:00.000,options,put
78,1606453620000,3.0,3.05,3.0,3.05,1350,,12100,weekly,2020-12-3T21:00:00.000,options,put
79,1606453740000,3.0,3.0,3.0,3.0,600,,12100,weekly,2020-12-3T21:00:00.000,options,put
80,1606453800000,3.05,3.05,3.05,3.05,3750,,12100,weekly,2020-12-3T21:00:00.000,options,put
81,1606453920000,3.05,3.05,3.0,3.0,975,,12100,weekly,2020-12-3T21:00:00.000,options,put
82,1606454100000,3.05,3.05,3.05,3.05,1500,,12100,weekly,2020-12-3T21:00:00.000,options,put
83,1606454160000,3.05,3.05,3.05,3.05,1350,,12100,weekly,2020-12-3T21:00:00.000,options,put
84,1606454220000,3.05,3.05,3.0,3.05,975,,12100,weekly,2020-12-3T21:00:00.000,options,put
85,1606454280000,3.05,3.05,3.05,3.05,1275,,12100,weekly,2020-12-3T21:00:00.000,options,put
86,1606454340000,3.05,3.05,3.05,3.05,300,,12100,weekly,2020-12-3T21:00:00.000,options,put
87,1606454400000,3.0,3.05,3.0,3.0,2475,,12100,weekly,2020-12-3T21:00:00.000,options,put
88,1606454460000,3.05,3.05,3.05,3.05,975,,12100,weekly,2020-12-3T21:00:00.000,options,put
89,1606454520000,3.05,3.05,3.05,3.05,225,,12100,weekly,2020-12-3T21:00:00.000,options,put
90,1606454580000,3.05,3.05,3.0,3.0,1350,,12100,weekly,2020-12-3T21:00:00.000,options,put
91,1606454640000,3.0,3.05,3.0,3.05,1275,,12100,weekly,2020-12-3T21:00:00.000,options,put
92,1606454700000,3.0,3.0,3.0,3.0,1275,,12100,weekly,2020-12-3T21:00:00.000,options,put
93,1606454760000,2.95,3.0,2.95,2.95,1200,,12100,weekly,2020-12-3T21:00:00.000,options,put
94,1606454820000,2.95,3.0,2.95,3.0,3300,,12100,weekly,2020-12-3T21:00:00.000,options,put
95,1606454880000,3.0,3.0,2.95,3.0,2175,,12100,weekly,2020-12-3T21:00:00.000,options,put
96,1606454940000,3.0,3.0,3.0,3.0,2100,,12100,weekly,2020-12-3T21:00:00.000,options,put
97,1606455000000,3.0,3.0,3.0,3.0,150,,12100,weekly,2020-12-3T21:00:00.000,options,put
98,1606455060000,3.0,3.0,3.0,3.0,1950,,12100,weekly,2020-12-3T21:00:00.000,options,put
99,1606455180000,2.95,3.0,2.95,3.0,825,,12100,weekly,2020-12-3T21:00:00.000,options,put
100,1606455360000,3.0,3.0,2.95,2.95,2325,,12100,weekly,2020-12-3T21:00:00.000,options,put
101,1606455420000,2.95,2.95,2.95,2.95,1200,,12100,weekly,2020-12-3T21:00:00.000,options,put
102,1606455480000,2.95,2.95,2.95,2.95,1875,,12100,weekly,2020-12-3T21:00:00.000,options,put
103,1606455540000,2.95,2.95,2.95,2.95,825,,12100,weekly,2020-12-3T21:00:00.000,options,put
104,1606455600000,2.95,2.95,2.9,2.9,75,,12100,weekly,2020-12-3T21:00:00.000,options,put
105,1606455660000,2.9,2.95,2.9,2.95,525,,12100,weekly,2020-12-3T21:00:00.000,options,put
106,1606455720000,2.9,2.9,2.9,2.9,1500,,12100,weekly,2020-12-3T21:00:00.000,options,put
107,1606455960000,2.9,2.9,2.9,2.9,75,,12100,weekly,2020-12-3T21:00:00.000,options,put
108,1606456140000,2.85,2.85,2.85,2.85,750,,12100,weekly,2020-12-3T21:00:00.000,options,put
109,1606456200000,2.9,2.9,2.9,2.9,675,,12100,weekly,2020-12-3T21:00:00.000,options,put
110,1606456320000,2.85,2.85,2.85,2.85,1725,,12100,weekly,2020-12-3T21:00:00.000,options,put
111,1606456380000,2.9,2.9,2.8,2.8,9450,,12100,weekly,2020-12-3T21:00:00.000,options,put
112,1606456440000,2.8,2.85,2.8,2.8,4800,,12100,weekly,2020-12-3T21:00:00.000,options,put
113,1606456500000,2.8,2.8,2.75,2.75,5850,,12100,weekly,2020-12-3T21:00:00.000,options,put
114,1606456560000,2.75,2.75,2.7,2.75,1425,,12100,weekly,2020-12-3T21:00:00.000,options,put
115,1606456620000,2.75,2.75,2.75,2.75,150,,12100,weekly,2020-12-3T21:00:00.000,options,put
116,1606456680000,2.75,2.75,2.7,2.7,4275,,12100,weekly,2020-12-3T21:00:00.000,options,put
117,1606456920000,2.7,2.7,2.7,2.7,825,,12100,weekly,2020-12-3T21:00:00.000,options,put
118,1606456980000,2.65,2.65,2.55,2.55,3675,,12100,weekly,2020-12-3T21:00:00.000,options,put
119,1606457040000,2.55,2.6,2.55,2.55,1125,,12100,weekly,2020-12-3T21:00:00.000,options,put
120,1606457100000,2.55,2.6,2.55,2.6,9300,,12100,weekly,2020-12-3T21:00:00.000,options,put
121,1606457160000,2.6,2.6,2.6,2.6,4875,,12100,weekly,2020-12-3T21:00:00.000,options,put
122,1606457220000,2.6,2.65,2.6,2.6,27075,,12100,weekly,2020-12-3T21:00:00.000,options,put
123,1606457280000,2.55,2.55,2.55,2.55,3000,,12100,weekly,2020-12-3T21:00:00.000,options,put
124,1606457340000,2.55,2.55,2.55,2.55,4575,,12100,weekly,2020-12-3T21:00:00.000,options,put
125,1606457400000,2.55,2.55,2.5,2.5,675,,12100,weekly,2020-12-3T21:00:00.000,options,put
126,1606457460000,2.55,2.55,2.55,2.55,1275,,12100,weekly,2020-12-3T21:00:00.000,options,put
127,1606457520000,2.55,2.55,2.55,2.55,75,,12100,weekly,2020-12-3T21:00:00.000,options,put
128,1606457580000,2.5,2.5,2.5,2.5,150,,12100,weekly,2020-12-3T21:00:00.000,options,put
129,1606457640000,2.5,2.5,2.45,2.45,4500,,12100,weekly,2020-12-3T21:00:00.000,options,put
130,1606457700000,2.5,2.5,2.45,2.45,1350,,12100,weekly,2020-12-3T21:00:00.000,options,put
131,1606457760000,2.45,2.45,2.45,2.45,300,,12100,weekly,2020-12-3T21:00:00.000,options,put
132,1606457820000,2.45,2.45,2.35,2.35,10125,,12100,weekly,2020-12-3T21:00:00.000,options,put
133,1606457880000,2.35,2.4,2.35,2.4,3225,,12100,weekly,2020-12-3T21:00:00.000,options,put
134,1606457940000,2.35,2.35,2.35,2.35,225,,12100,weekly,2020-12-3T21:00:00.000,options,put
135,1606458000000,2.35,2.35,2.35,2.35,1800,,12100,weekly,2020-12-3T21:00:00.000,options,put
136,1606458060000,2.35,2.35,2.3,2.3,6600,,12100,weekly,2020-12-3T21:00:00.000,options,put
137,1606458120000,2.3,2.3,2.3,2.3,675,,12100,weekly,2020-12-3T21:00:00.000,options,put
138,1606458180000,2.3,2.35,2.3,2.35,300,,12100,weekly,2020-12-3T21:00:00.000,options,put
139,1606458240000,2.3,2.3,2.3,2.3,600,,12100,weekly,2020-12-3T21:00:00.000,options,put
140,1606458420000,2.35,2.35,2.3,2.3,300,,12100,weekly,2020-12-3T21:00:00.000,options,put
141,1606458480000,2.3,2.3,2.3,2.3,975,,12100,weekly,2020-12-3T21:00:00.000,options,put
142,1606458540000,2.3,2.3,2.25,2.25,6300,,12100,weekly,2020-12-3T21:00:00.000,options,put
143,1606458600000,2.25,2.25,2.2,2.2,4425,,12100,weekly,2020-12-3T21:00:00.000,options,put
144,1606458660000,2.25,2.25,2.2,2.25,8925,,12100,weekly,2020-12-3T21:00:00.000,options,put
145,1606458720000,2.25,2.25,2.25,2.25,3300,,12100,weekly,2020-12-3T21:00:00.000,options,put
146,1606458780000,2.3,2.3,2.25,2.25,750,,12100,weekly,2020-12-3T21:00:00.000,options,put
147,1606458840000,2.25,2.3,2.25,2.3,225,,12100,weekly,2020-12-3T21:00:00.000,options,put
148,1606458900000,2.25,2.3,2.25,2.25,4875,,12100,weekly,2020-12-3T21:00:00.000,options,put
149,1606458960000,2.3,2.3,2.2,2.25,4575,,12100,weekly,2020-12-3T21:00:00.000,options,put
150,1606459020000,2.2,2.2,2.15,2.15,3075,,12100,weekly,2020-12-3T21:00:00.000,options,put
151,1606459080000,2.15,2.2,2.15,2.2,750,,12100,weekly,2020-12-3T21:00:00.000,options,put
152,1606459140000,2.2,2.2,2.15,2.2,1500,,12100,weekly,2020-12-3T21:00:00.000,options,put
153,1606459200000,2.2,2.2,2.15,2.15,2550,,12100,weekly,2020-12-3T21:00:00.000,options,put
154,1606459260000,2.15,2.15,2.15,2.15,1125,,12100,weekly,2020-12-3T21:00:00.000,options,put
155,1606459320000,2.15,2.15,2.15,2.15,75,,12100,weekly,2020-12-3T21:00:00.000,options,put
156,1606459380000,2.15,2.2,2.15,2.2,300,,12100,weekly,2020-12-3T21:00:00.000,options,put
157,1606459440000,2.2,2.25,2.15,2.2,11550,,12100,weekly,2020-12-3T21:00:00.000,options,put
158,1606459500000,2.2,2.25,2.2,2.25,1200,,12100,weekly,2020-12-3T21:00:00.000,options,put
159,1606459560000,2.25,2.25,2.25,2.25,2550,,12100,weekly,2020-12-3T21:00:00.000,options,put
160,1606459620000,2.2,2.2,2.2,2.2,6225,,12100,weekly,2020-12-3T21:00:00.000,options,put
161,1606459740000,2.2,2.2,2.2,2.2,3225,,12100,weekly,2020-12-3T21:00:00.000,options,put
162,1606459800000,2.2,2.2,2.15,2.2,1050,,12100,weekly,2020-12-3T21:00:00.000,options,put
163,1606459860000,2.15,2.2,2.15,2.2,300,,12100,weekly,2020-12-3T21:00:00.000,options,put
164,1606459920000,2.2,2.2,2.2,2.2,2250,,12100,weekly,2020-12-3T21:00:00.000,options,put
165,1606459980000,2.2,2.2,2.2,2.2,3900,,12100,weekly,2020-12-3T21:00:00.000,options,put
166,1606460040000,2.15,2.25,2.15,2.25,5025,,12100,weekly,2020-12-3T21:00:00.000,options,put
167,1606460100000,2.2,2.2,2.2,2.2,7050,,12100,weekly,2020-12-3T21:00:00.000,options,put
168,1606460160000,2.25,2.25,2.15,2.15,1200,,12100,weekly,2020-12-3T21:00:00.000,options,put
169,1606460220000,2.15,2.2,2.15,2.2,10950,,12100,weekly,2020-12-3T21:00:00.000,options,put
170,1606460280000,2.2,2.2,2.1,2.15,3750,,12100,weekly,2020-12-3T21:00:00.000,options,put
171,1606460340000,2.15,2.15,2.1,2.1,1575,,12100,weekly,2020-12-3T21:00:00.000,options,put
172,1606460400000,2.15,2.15,2.15,2.15,750,,12100,weekly,2020-12-3T21:00:00.000,options,put
173,1606460460000,2.1,2.15,2.1,2.15,975,,12100,weekly,2020-12-3T21:00:00.000,options,put
174,1606460520000,2.15,2.15,2.1,2.1,7350,,12100,weekly,2020-12-3T21:00:00.000,options,put
175,1606460580000,2.05,2.1,2.0,2.0,9300,,12100,weekly,2020-12-3T21:00:00.000,options,put
176,1606460640000,2.05,2.05,1.95,1.95,7500,,12100,weekly,2020-12-3T21:00:00.000,options,put
177,1606460700000,2.0,2.0,2.0,2.0,225,,12100,weekly,2020-12-3T21:00:00.000,options,put
178,1606460760000,2.0,2.0,1.95,2.0,300,,12100,weekly,2020-12-3T21:00:00.000,options,put
179,1606460820000,2.0,2.0,1.9,1.9,5250,,12100,weekly,2020-12-3T21:00:00.000,options,put
180,1606460880000,1.9,1.95,1.9,1.9,6150,,12100,weekly,2020-12-3T21:00:00.000,options,put
181,1606460940000,1.9,1.95,1.9,1.9,1425,,12100,weekly,2020-12-3T21:00:00.000,options,put
182,1606461000000,1.9,1.95,1.9,1.9,5925,,12100,weekly,2020-12-3T21:00:00.000,options,put
183,1606461060000,1.9,1.95,1.9,1.95,1950,,12100,weekly,2020-12-3T21:00:00.000,options,put
184,1606461120000,1.95,1.95,1.9,1.9,2475,,12100,weekly,2020-12-3T21:00:00.000,options,put
185,1606461180000,1.95,1.95,1.9,1.95,1650,,12100,weekly,2020-12-3T21:00:00.000,options,put
186,1606461240000,1.9,1.95,1.9,1.9,8625,,12100,weekly,2020-12-3T21:00:00.000,options,put
187,1606461300000,1.95,1.95,1.9,1.95,6825,,12100,weekly,2020-12-3T21:00:00.000,options,put
188,1606461360000,1.95,1.95,1.95,1.95,1875,,12100,weekly,2020-12-3T21:00:00.000,options,put
189,1606461480000,1.95,1.95,1.95,1.95,750,,12100,weekly,2020-12-3T21:00:00.000,options,put
190,1606461540000,2.0,2.0,2.0,2.0,300,,12100,weekly,2020-12-3T21:00:00.000,options,put
191,1606461600000,2.0,2.05,2.0,2.0,3075,,12100,weekly,2020-12-3T21:00:00.000,options,put
192,1606461660000,2.05,2.05,2.05,2.05,975,,12100,weekly,2020-12-3T21:00:00.000,options,put
193,1606461720000,2.0,2.0,2.0,2.0,75,,12100,weekly,2020-12-3T21:00:00.000,options,put
194,1606461780000,2.05,2.05,2.05,2.05,375,,12100,weekly,2020-12-3T21:00:00.000,options,put
195,1606461840000,2.0,2.0,1.95,2.0,2175,,12100,weekly,2020-12-3T21:00:00.000,options,put
196,1606461900000,2.0,2.0,1.95,1.95,375,,12100,weekly,2020-12-3T21:00:00.000,options,put
197,1606462080000,1.95,1.95,1.95,1.95,75,,12100,weekly,2020-12-3T21:00:00.000,options,put
198,1606462200000,2.0,2.0,1.95,1.95,3975,,12100,weekly,2020-12-3T21:00:00.000,options,put
199,1606462260000,1.95,1.95,1.95,1.95,3975,,12100,weekly,2020-12-3T21:00:00.000,options,put
200,1606462320000,1.95,2.0,1.95,2.0,1275,,12100,weekly,2020-12-3T21:00:00.000,options,put
201,1606462440000,1.95,2.0,1.95,2.0,5025,,12100,weekly,2020-12-3T21:00:00.000,options,put
202,1606462500000,2.0,2.0,2.0,2.0,300,,12100,weekly,2020-12-3T21:00:00.000,options,put
203,1606462680000,2.0,2.0,2.0,2.0,600,,12100,weekly,2020-12-3T21:00:00.000,options,put
204,1606462740000,2.0,2.0,1.95,2.0,525,,12100,weekly,2020-12-3T21:00:00.000,options,put
205,1606462800000,2.0,2.05,2.0,2.05,3900,,12100,weekly,2020-12-3T21:00:00.000,options,put
206,1606462860000,2.05,2.05,2.0,2.0,3150,,12100,weekly,2020-12-3T21:00:00.000,options,put
207,1606462920000,2.05,2.05,2.05,2.05,75,,12100,weekly,2020-12-3T21:00:00.000,options,put
208,1606462980000,2.05,2.05,2.0,2.05,2025,,12100,weekly,2020-12-3T21:00:00.000,options,put
209,1606463040000,2.05,2.05,2.05,2.05,5625,,12100,weekly,2020-12-3T21:00:00.000,options,put
210,1606463100000,2.05,2.1,2.05,2.05,4350,,12100,weekly,2020-12-3T21:00:00.000,options,put
211,1606463160000,2.05,2.1,2.05,2.1,3525,,12100,weekly,2020-12-3T21:00:00.000,options,put
212,1606463220000,2.05,2.15,2.05,2.15,2625,,12100,weekly,2020-12-3T21:00:00.000,options,put
213,1606463280000,2.15,2.15,2.1,2.1,1950,,12100,weekly,2020-12-3T21:00:00.000,options,put
214,1606463340000,2.1,2.1,2.05,2.05,10125,,12100,weekly,2020-12-3T21:00:00.000,options,put
215,1606463400000,2.05,2.1,2.0,2.05,20325,,12100,weekly,2020-12-3T21:00:00.000,options,put
216,1606463460000,2.0,2.05,2.0,2.05,2325,,12100,weekly,2020-12-3T21:00:00.000,options,put
217,1606463520000,2.0,2.0,1.95,1.95,1350,,12100,weekly,2020-12-3T21:00:00.000,options,put
218,1606463580000,1.95,1.95,1.95,1.95,600,,12100,weekly,2020-12-3T21:00:00.000,options,put
219,1606463640000,1.95,1.95,1.9,1.9,11925,,12100,weekly,2020-12-3T21:00:00.000,options,put
220,1606463700000,1.95,1.95,1.9,1.9,13575,,12100,weekly,2020-12-3T21:00:00.000,options,put
221,1606463760000,1.9,1.9,1.85,1.85,4200,,12100,weekly,2020-12-3T21:00:00.000,options,put
222,1606463820000,1.8,1.85,1.8,1.85,7200,,12100,weekly,2020-12-3T21:00:00.000,options,put
223,1606463880000,1.8,1.85,1.8,1.85,300,,12100,weekly,2020-12-3T21:00:00.000,options,put
224,1606463940000,1.8,1.85,1.8,1.85,1650,,12100,weekly,2020-12-3T21:00:00.000,options,put
225,1606464000000,1.8,1.85,1.8,1.85,300,,12100,weekly,2020-12-3T21:00:00.000,options,put
226,1606464060000,1.8,1.85,1.8,1.85,1800,,12100,weekly,2020-12-3T21:00:00.000,options,put
227,1606464120000,1.8,1.8,1.8,1.8,1575,,12100,weekly,2020-12-3T21:00:00.000,options,put
228,1606464180000,1.8,1.8,1.75,1.8,3600,,12100,weekly,2020-12-3T21:00:00.000,options,put
229,1606464240000,1.8,1.8,1.7,1.8,6975,,12100,weekly,2020-12-3T21:00:00.000,options,put
230,1606464300000,1.8,1.8,1.75,1.75,1575,,12100,weekly,2020-12-3T21:00:00.000,options,put
231,1606464360000,1.75,1.75,1.65,1.7,8025,,12100,weekly,2020-12-3T21:00:00.000,options,put
232,1606464420000,1.7,1.75,1.7,1.75,1725,,12100,weekly,2020-12-3T21:00:00.000,options,put
233,1606464480000,1.8,1.8,1.8,1.8,4800,,12100,weekly,2020-12-3T21:00:00.000,options,put
234,1606464540000,1.8,1.85,1.8,1.85,10200,,12100,weekly,2020-12-3T21:00:00.000,options,put
235,1606464600000,1.85,1.85,1.75,1.8,6225,,12100,weekly,2020-12-3T21:00:00.000,options,put
236,1606464660000,1.75,1.75,1.75,1.75,675,,12100,weekly,2020-12-3T21:00:00.000,options,put
237,1606464720000,1.8,1.8,1.8,1.8,375,,12100,weekly,2020-12-3T21:00:00.000,options,put
238,1606464780000,1.8,1.8,1.8,1.8,900,,12100,weekly,2020-12-3T21:00:00.000,options,put
239,1606464840000,1.75,1.75,1.75,1.75,3375,,12100,weekly,2020-12-3T21:00:00.000,options,put
240,1606464900000,1.75,1.75,1.75,1.75,1125,,12100,weekly,2020-12-3T21:00:00.000,options,put
241,1606464960000,1.75,1.75,1.75,1.75,150,,12100,weekly,2020-12-3T21:00:00.000,options,put
242,1606465020000,1.75,1.75,1.75,1.75,150,,12100,weekly,2020-12-3T21:00:00.000,options,put
243,1606465080000,1.7,1.7,1.65,1.65,3375,,12100,weekly,2020-12-3T21:00:00.000,options,put
244,1606465140000,1.65,1.65,1.65,1.65,675,,12100,weekly,2020-12-3T21:00:00.000,options,put
245,1606465200000,1.65,1.65,1.65,1.65,3825,,12100,weekly,2020-12-3T21:00:00.000,options,put
246,1606465260000,1.65,1.65,1.65,1.65,1200,,12100,weekly,2020-12-3T21:00:00.000,options,put
247,1606465320000,1.7,1.7,1.65,1.65,4350,,12100,weekly,2020-12-3T21:00:00.000,options,put
248,1606465380000,1.65,1.7,1.65,1.65,3150,,12100,weekly,2020-12-3T21:00:00.000,options,put
249,1606465440000,1.65,1.7,1.65,1.7,7425,,12100,weekly,2020-12-3T21:00:00.000,options,put
250,1606465560000,1.7,1.7,1.7,1.7,525,,12100,weekly,2020-12-3T21:00:00.000,options,put
251,1606465620000,1.7,1.75,1.65,1.7,7650,,12100,weekly,2020-12-3T21:00:00.000,options,put
252,1606465680000,1.7,1.75,1.7,1.75,825,,12100,weekly,2020-12-3T21:00:00.000,options,put
253,1606465740000,1.7,1.75,1.7,1.75,525,,12100,weekly,2020-12-3T21:00:00.000,options,put
254,1606466040000,1.75,1.75,1.75,1.75,225,,12100,weekly,2020-12-3T21:00:00.000,options,put
255,1606466100000,1.7,1.7,1.7,1.7,150,,12100,weekly,2020-12-3T21:00:00.000,options,put
256,1606466160000,1.75,1.75,1.75,1.75,1125,,12100,weekly,2020-12-3T21:00:00.000,options,put
257,1606466220000,1.75,1.75,1.75,1.75,9750,,12100,weekly,2020-12-3T21:00:00.000,options,put
258,1606466280000,1.75,1.75,1.7,1.75,5850,,12100,weekly,2020-12-3T21:00:00.000,options,put
259,1606466400000,1.7,1.75,1.7,1.75,8925,,12100,weekly,2020-12-3T21:00:00.000,options,put
260,1606466460000,1.75,1.75,1.75,1.75,150,,12100,weekly,2020-12-3T21:00:00.000,options,put
261,1606466520000,1.7,1.7,1.7,1.7,2625,,12100,weekly,2020-12-3T21:00:00.000,options,put
262,1606466580000,1.7,1.75,1.7,1.7,1275,,12100,weekly,2020-12-3T21:00:00.000,options,put
263,1606466640000,1.75,1.75,1.7,1.7,1575,,12100,weekly,2020-12-3T21:00:00.000,options,put
264,1606466700000,1.7,1.7,1.7,1.7,1800,,12100,weekly,2020-12-3T21:00:00.000,options,put
265,1606466760000,1.7,1.7,1.7,1.7,450,,12100,weekly,2020-12-3T21:00:00.000,options,put
266,1606466820000,1.7,1.7,1.7,1.7,900,,12100,weekly,2020-12-3T21:00:00.000,options,put
267,1606466880000,1.7,1.7,1.7,1.7,225,,12100,weekly,2020-12-3T21:00:00.000,options,put
268,1606467060000,1.65,1.65,1.65,1.65,4350,,12100,weekly,2020-12-3T21:00:00.000,options,put
269,1606467180000,1.7,1.7,1.7,1.7,1800,,12100,weekly,2020-12-3T21:00:00.000,options,put
270,1606467300000,1.7,1.7,1.7,1.7,1050,,12100,weekly,2020-12-3T21:00:00.000,options,put
271,1606467480000,1.65,1.7,1.65,1.7,525,,12100,weekly,2020-12-3T21:00:00.000,options,put
272,1606467540000,1.7,1.7,1.7,1.7,150,,12100,weekly,2020-12-3T21:00:00.000,options,put
273,1606467600000,1.65,1.65,1.65,1.65,450,,12100,weekly,2020-12-3T21:00:00.000,options,put
274,1606467660000,1.65,1.7,1.65,1.65,3900,,12100,weekly,2020-12-3T21:00:00.000,options,put
275,1606467720000,1.65,1.65,1.65,1.65,1050,,12100,weekly,2020-12-3T21:00:00.000,options,put
276,1606467780000,1.7,1.7,1.7,1.7,825,,12100,weekly,2020-12-3T21:00:00.000,options,put
277,1606467960000,1.7,1.7,1.65,1.7,3900,,12100,weekly,2020-12-3T21:00:00.000,options,put
278,1606468020000,1.7,1.8,1.7,1.75,14925,,12100,weekly,2020-12-3T21:00:00.000,options,put
279,1606468200000,1.75,1.75,1.75,1.75,75,,12100,weekly,2020-12-3T21:00:00.000,options,put
280,1606468260000,1.75,1.75,1.75,1.75,600,,12100,weekly,2020-12-3T21:00:00.000,options,put
281,1606468320000,1.75,1.75,1.75,1.75,1425,,12100,weekly,2020-12-3T21:00:00.000,options,put
282,1606468380000,1.8,1.8,1.75,1.8,4425,,12100,weekly,2020-12-3T21:00:00.000,options,put
283,1606468440000,1.8,1.85,1.75,1.85,7125,,12100,weekly,2020-12-3T21:00:00.000,options,put
284,1606468500000,1.85,1.9,1.85,1.85,3525,,12100,weekly,2020-12-3T21:00:00.000,options,put
285,1606468560000,1.85,1.85,1.8,1.8,3075,,12100,weekly,2020-12-3T21:00:00.000,options,put
286,1606468620000,1.8,1.8,1.8,1.8,525,,12100,weekly,2020-12-3T21:00:00.000,options,put
287,1606468680000,1.7,1.75,1.7,1.75,4800,,12100,weekly,2020-12-3T21:00:00.000,options,put
288,1606468740000,1.75,1.75,1.7,1.7,6150,,12100,weekly,2020-12-3T21:00:00.000,options,put
289,1606468800000,1.7,1.8,1.7,1.8,12750,,12100,weekly,2020-12-3T21:00:00.000,options,put
290,1606468860000,1.8,1.8,1.75,1.75,1650,,12100,weekly,2020-12-3T21:00:00.000,options,put
291,1606468920000,1.75,1.8,1.7,1.8,7725,,12100,weekly,2020-12-3T21:00:00.000,options,put
292,1606468980000,1.75,1.8,1.7,1.75,5100,,12100,weekly,2020-12-3T21:00:00.000,options,put
293,1606469040000,1.75,1.8,1.75,1.8,7875,,12100,weekly,2020-12-3T21:00:00.000,options,put
294,1606469100000,1.8,1.8,1.7,1.7,4200,,12100,weekly,2020-12-3T21:00:00.000,options,put
295,1606469160000,1.7,1.75,1.7,1.7,4875,,12100,weekly,2020-12-3T21:00:00.000,options,put
296,1606469220000,1.65,1.7,1.65,1.65,3375,,12100,weekly,2020-12-3T21:00:00.000,options,put
297,1606469280000,1.6,1.65,1.6,1.6,4875,,12100,weekly,2020-12-3T21:00:00.000,options,put
298,1606469340000,1.6,1.6,1.6,1.6,3375,,12100,weekly,2020-12-3T21:00:00.000,options,put
299,1606469400000,1.6,1.65,1.6,1.65,8025,,12100,weekly,2020-12-3T21:00:00.000,options,put
300,1606469460000,1.65,1.7,1.65,1.7,5775,,12100,weekly,2020-12-3T21:00:00.000,options,put
301,1606469520000,1.7,1.7,1.65,1.7,8025,,12100,weekly,2020-12-3T21:00:00.000,options,put
302,1606469580000,1.7,1.7,1.65,1.65,4650,,12100,weekly,2020-12-3T21:00:00.000,options,put
303,1606469640000,1.65,1.7,1.65,1.7,19425,,12100,weekly,2020-12-3T21:00:00.000,options,put
304,1606469700000,1.7,1.7,1.65,1.65,1575,,12100,weekly,2020-12-3T21:00:00.000,options,put
305,1606469760000,1.65,1.7,1.65,1.7,2475,,12100,weekly,2020-12-3T21:00:00.000,options,put
306,1606469820000,1.7,1.7,1.65,1.65,12000,,12100,weekly,2020-12-3T21:00:00.000,options,put
307,1606469880000,1.65,1.7,1.6,1.65,8400,,12100,weekly,2020-12-3T21:00:00.000,options,put
308,1606469940000,1.65,1.65,1.6,1.6,6675,,12100,weekly,2020-12-3T21:00:00.000,options,put
309,1606470000000,1.6,1.6,1.55,1.55,7125,,12100,weekly,2020-12-3T21:00:00.000,options,put
310,1606470060000,1.55,1.55,1.5,1.55,2400,,12100,weekly,2020-12-3T21:00:00.000,options,put
311,1606470120000,1.55,1.6,1.5,1.55,25050,,12100,weekly,2020-12-3T21:00:00.000,options,put
312,1606470180000,1.55,1.6,1.55,1.55,2625,,12100,weekly,2020-12-3T21:00:00.000,options,put
313,1606470240000,1.6,1.6,1.6,1.6,5400,,12100,weekly,2020-12-3T21:00:00.000,options,put
314,1606470300000,1.6,1.6,1.6,1.6,1425,,12100,weekly,2020-12-3T21:00:00.000,options,put
315,1606470360000,1.6,1.6,1.6,1.6,4125,,12100,weekly,2020-12-3T21:00:00.000,options,put
316,1606470420000,1.6,1.6,1.6,1.6,75,,12100,weekly,2020-12-3T21:00:00.000,options,put
317,1606470480000,1.6,1.7,1.6,1.65,10575,,12100,weekly,2020-12-3T21:00:00.000,options,put
318,1606470540000,1.65,1.75,1.65,1.7,4275,,12100,weekly,2020-12-3T21:00:00.000,options,put
319,1606470600000,1.7,1.75,1.7,1.75,300,,12100,weekly,2020-12-3T21:00:00.000,options,put
320,1606470660000,1.7,1.7,1.65,1.7,9975,,12100,weekly,2020-12-3T21:00:00.000,options,put
321,1606470720000,1.7,1.7,1.55,1.6,17850,,12100,weekly,2020-12-3T21:00:00.000,options,put
322,1606470780000,1.6,1.6,1.5,1.6,10650,,12100,weekly,2020-12-3T21:00:00.000,options,put
323,1606470840000,1.6,1.6,1.55,1.6,3375,,12100,weekly,2020-12-3T21:00:00.000,options,put
324,1606470900000,1.6,1.65,1.55,1.65,4800,,12100,weekly,2020-12-3T21:00:00.000,options,put
325,1606470960000,1.65,1.65,1.5,1.5,3750,,12100,weekly,2020-12-3T21:00:00.000,options,put
326,1606471020000,1.55,1.55,1.4,1.45,11325,,12100,weekly,2020-12-3T21:00:00.000,options,put
327,1606471080000,1.45,1.5,1.4,1.4,6150,,12100,weekly,2020-12-3T21:00:00.000,options,put
