,timestamp,open,high,low,close,volume,open_interest,strike,expiry_type,expiry,instrument,contract_type
0,1601005440000,76.7,76.7,30.0,30.2,1175,,22300,weekly,2020-10-1T21:00:00.000,options,call
1,1601005500000,30.7,30.9,28.3,28.5,3100,,22300,weekly,2020-10-1T21:00:00.000,options,call
2,1601005560000,28.55,29.4,28.5,28.85,1275,,22300,weekly,2020-10-1T21:00:00.000,options,call
3,1601005620000,29.0,29.0,27.95,28.05,1750,,22300,weekly,2020-10-1T21:00:00.000,options,call
4,1601005680000,27.9,28.15,26.0,26.45,2475,,22300,weekly,2020-10-1T21:00:00.000,options,call
5,1601005740000,27.6,28.4,27.4,27.8,4600,,22300,weekly,2020-10-1T21:00:00.000,options,call
6,1601005800000,27.65,28.0,26.45,27.2,2800,,22300,weekly,2020-10-1T21:00:00.000,options,call
7,1601005860000,27.2,27.2,26.2,26.45,2425,,22300,weekly,2020-10-1T21:00:00.000,options,call
8,1601005920000,26.45,26.7,25.45,25.6,925,,22300,weekly,2020-10-1T21:00:00.000,options,call
9,1601005980000,25.6,25.6,24.7,25.0,3400,,22300,weekly,2020-10-1T21:00:00.000,options,call
10,1601006040000,24.9,24.9,23.2,23.3,1100,,22300,weekly,2020-10-1T21:00:00.000,options,call
11,1601006100000,23.25,23.35,22.35,22.35,1825,,22300,weekly,2020-10-1T21:00:00.000,options,call
12,1601006160000,22.65,22.95,22.05,22.9,1075,,22300,weekly,2020-10-1T21:00:00.000,options,call
13,1601006220000,22.9,23.2,22.2,22.2,9925,,22300,weekly,2020-10-1T21:00:00.000,options,call
14,1601006280000,22.25,23.5,22.25,23.15,2350,,22300,weekly,2020-10-1T21:00:00.000,options,call
15,1601006340000,23.15,23.15,22.35,22.65,1050,,22300,weekly,2020-10-1T21:00:00.000,options,call
16,1601006400000,22.65,22.7,22.25,22.6,875,,22300,weekly,2020-10-1T21:00:00.000,options,call
17,1601006460000,22.6,23.15,22.25,23.15,1800,,22300,weekly,2020-10-1T21:00:00.000,options,call
18,1601006520000,23.1,23.75,22.7,23.2,2450,,22300,weekly,2020-10-1T21:00:00.000,options,call
19,1601006580000,23.55,25.05,23.55,25.05,3100,,22300,weekly,2020-10-1T21:00:00.000,options,call
20,1601006640000,25.05,25.1,24.45,24.75,3375,,22300,weekly,2020-10-1T21:00:00.000,options,call
21,1601006700000,24.75,24.9,24.05,24.55,825,,22300,weekly,2020-10-1T21:00:00.000,options,call
22,1601006760000,24.55,24.55,23.25,23.35,3900,,22300,weekly,2020-10-1T21:00:00.000,options,call
23,1601006820000,23.1,24.1,23.1,23.9,3100,,22300,weekly,2020-10-1T21:00:00.000,options,call
24,1601006880000,23.6,24.3,23.3,23.4,3150,,22300,weekly,2020-10-1T21:00:00.000,options,call
25,1601006940000,23.45,23.6,23.15,23.6,2225,,22300,weekly,2020-10-1T21:00:00.000,options,call
26,1601007000000,23.6,23.75,23.35,23.75,625,,22300,weekly,2020-10-1T21:00:00.000,options,call
27,1601007060000,23.55,23.8,23.5,23.5,1725,,22300,weekly,2020-10-1T21:00:00.000,options,call
28,1601007120000,23.5,23.6,23.1,23.1,700,,22300,weekly,2020-10-1T21:00:00.000,options,call
29,1601007180000,23.1,23.55,22.65,23.3,8000,,22300,weekly,2020-10-1T21:00:00.000,options,call
30,1601007240000,23.3,23.35,23.0,23.15,1575,,22300,weekly,2020-10-1T21:00:00.000,options,call
31,1601007300000,23.15,23.4,22.4,22.5,2525,,22300,weekly,2020-10-1T21:00:00.000,options,call
32,1601007360000,22.7,23.0,22.5,22.9,2200,,22300,weekly,2020-10-1T21:00:00.000,options,call
33,1601007420000,22.7,22.85,22.6,22.8,850,,22300,weekly,2020-10-1T21:00:00.000,options,call
34,1601007480000,22.8,22.95,22.4,22.5,1675,,22300,weekly,2020-10-1T21:00:00.000,options,call
35,1601007540000,22.3,22.6,21.75,22.1,3850,,22300,weekly,2020-10-1T21:00:00.000,options,call
36,1601007600000,22.1,22.15,21.65,22.0,4750,,22300,weekly,2020-10-1T21:00:00.000,options,call
37,1601007660000,22.0,22.15,21.5,21.5,1475,,22300,weekly,2020-10-1T21:00:00.000,options,call
38,1601007720000,21.55,21.7,21.5,21.6,325,,22300,weekly,2020-10-1T21:00:00.000,options,call
39,1601007780000,21.65,21.65,21.4,21.65,600,,22300,weekly,2020-10-1T21:00:00.000,options,call
40,1601007840000,21.7,22.0,21.5,22.0,800,,22300,weekly,2020-10-1T21:00:00.000,options,call
41,1601007900000,22.1,22.2,21.95,22.2,200,,22300,weekly,2020-10-1T21:00:00.000,options,call
42,1601007960000,22.2,22.45,22.15,22.45,125,,22300,weekly,2020-10-1T21:00:00.000,options,call
43,1601008020000,22.45,22.45,21.85,21.85,775,,22300,weekly,2020-10-1T21:00:00.000,options,call
44,1601008080000,22.1,22.25,21.85,21.95,1150,,22300,weekly,2020-10-1T21:00:00.000,options,call
45,1601008140000,22.0,22.0,20.85,21.0,2675,,22300,weekly,2020-10-1T21:00:00.000,options,call
46,1601008200000,20.8,21.3,20.8,21.1,1450,,22300,weekly,2020-10-1T21:00:00.000,options,call
47,1601008260000,21.05,21.15,20.65,20.65,350,,22300,weekly,2020-10-1T21:00:00.000,options,call
48,1601008320000,20.65,21.0,20.65,20.8,1125,,22300,weekly,2020-10-1T21:00:00.000,options,call
49,1601008380000,20.8,20.8,20.0,20.1,875,,22300,weekly,2020-10-1T21:00:00.000,options,call
50,1601008440000,20.05,20.4,20.05,20.2,575,,22300,weekly,2020-10-1T21:00:00.000,options,call
51,1601008500000,20.0,20.0,19.6,19.7,1825,,22300,weekly,2020-10-1T21:00:00.000,options,call
52,1601008560000,19.7,19.7,19.25,19.25,800,,22300,weekly,2020-10-1T21:00:00.000,options,call
53,1601008620000,19.25,19.6,18.8,19.6,1875,,22300,weekly,2020-10-1T21:00:00.000,options,call
54,1601008680000,19.7,19.7,19.35,19.6,825,,22300,weekly,2020-10-1T21:00:00.000,options,call
55,1601008740000,19.45,19.65,19.35,19.65,600,,22300,weekly,2020-10-1T21:00:00.000,options,call
56,1601008800000,19.8,20.0,19.5,19.95,1025,,22300,weekly,2020-10-1T21:00:00.000,options,call
57,1601008860000,19.95,19.95,19.4,19.65,575,,22300,weekly,2020-10-1T21:00:00.000,options,call
58,1601008920000,19.5,20.05,19.5,19.95,525,,22300,weekly,2020-10-1T21:00:00.000,options,call
59,1601008980000,20.2,20.2,19.85,19.85,250,,22300,weekly,2020-10-1T21:00:00.000,options,call
60,1601009040000,19.95,19.95,19.6,19.6,700,,22300,weekly,2020-10-1T21:00:00.000,options,call
61,1601009100000,19.6,19.6,19.25,19.6,1125,,22300,weekly,2020-10-1T21:00:00.000,options,call
62,1601009160000,19.4,19.55,19.2,19.2,675,,22300,weekly,2020-10-1T21:00:00.000,options,call
63,1601009220000,19.15,19.15,18.0,18.25,1275,,22300,weekly,2020-10-1T21:00:00.000,options,call
64,1601009280000,18.1,18.3,17.25,17.55,1175,,22300,weekly,2020-10-1T21:00:00.000,options,call
65,1601009340000,17.55,17.65,17.15,17.15,1300,,22300,weekly,2020-10-1T21:00:00.000,options,call
66,1601009400000,17.15,17.25,16.95,17.1,525,,22300,weekly,2020-10-1T21:00:00.000,options,call
67,1601009460000,17.3,17.5,17.3,17.45,975,,22300,weekly,2020-10-1T21:00:00.000,options,call
68,1601009520000,17.5,17.5,17.3,17.3,275,,22300,weekly,2020-10-1T21:00:00.000,options,call
69,1601009580000,17.3,17.3,17.1,17.25,1425,,22300,weekly,2020-10-1T21:00:00.000,options,call
70,1601009640000,17.2,17.65,17.2,17.4,6200,,22300,weekly,2020-10-1T21:00:00.000,options,call
71,1601009700000,17.4,17.5,17.15,17.15,725,,22300,weekly,2020-10-1T21:00:00.000,options,call
72,1601009760000,17.15,17.2,16.55,16.75,1425,,22300,weekly,2020-10-1T21:00:00.000,options,call
73,1601009820000,16.9,16.9,16.8,16.8,75,,22300,weekly,2020-10-1T21:00:00.000,options,call
74,1601009880000,17.15,17.3,16.6,17.0,1475,,22300,weekly,2020-10-1T21:00:00.000,options,call
75,1601009940000,17.25,18.55,17.25,18.55,700,,22300,weekly,2020-10-1T21:00:00.000,options,call
76,1601010000000,18.55,18.75,17.95,18.05,1350,,22300,weekly,2020-10-1T21:00:00.000,options,call
77,1601010060000,18.1,18.25,17.55,17.9,4175,,22300,weekly,2020-10-1T21:00:00.000,options,call
78,1601010120000,17.8,17.8,17.1,17.15,900,,22300,weekly,2020-10-1T21:00:00.000,options,call
79,1601010180000,17.0,17.0,16.4,16.75,525,,22300,weekly,2020-10-1T21:00:00.000,options,call
80,1601010240000,16.4,17.0,16.25,17.0,2200,,22300,weekly,2020-10-1T21:00:00.000,options,call
81,1601010300000,16.9,16.9,16.35,16.45,1550,,22300,weekly,2020-10-1T21:00:00.000,options,call
82,1601010360000,16.75,16.9,16.15,16.5,1825,,22300,weekly,2020-10-1T21:00:00.000,options,call
83,1601010420000,16.5,17.0,16.45,16.7,5275,,22300,weekly,2020-10-1T21:00:00.000,options,call
84,1601010480000,16.55,16.85,16.3,16.75,975,,22300,weekly,2020-10-1T21:00:00.000,options,call
85,1601010540000,16.55,16.55,16.4,16.5,150,,22300,weekly,2020-10-1T21:00:00.000,options,call
86,1601010600000,16.75,16.75,16.55,16.55,175,,22300,weekly,2020-10-1T21:00:00.000,options,call
87,1601010660000,16.55,17.0,16.55,16.95,850,,22300,weekly,2020-10-1T21:00:00.000,options,call
88,1601010720000,17.1,17.1,16.6,16.75,425,,22300,weekly,2020-10-1T21:00:00.000,options,call
89,1601010780000,16.65,16.65,16.45,16.5,250,,22300,weekly,2020-10-1T21:00:00.000,options,call
90,1601010840000,16.4,16.65,16.4,16.65,375,,22300,weekly,2020-10-1T21:00:00.000,options,call
91,1601010900000,16.7,16.7,16.35,16.5,550,,22300,weekly,2020-10-1T21:00:00.000,options,call
92,1601010960000,16.45,16.8,16.45,16.65,550,,22300,weekly,2020-10-1T21:00:00.000,options,call
93,1601011020000,16.6,16.6,16.35,16.5,250,,22300,weekly,2020-10-1T21:00:00.000,options,call
94,1601011080000,16.5,16.6,16.4,16.6,275,,22300,weekly,2020-10-1T21:00:00.000,options,call
95,1601011140000,16.85,17.25,16.85,17.2,325,,22300,weekly,2020-10-1T21:00:00.000,options,call
96,1601011260000,16.95,16.95,16.85,16.85,350,,22300,weekly,2020-10-1T21:00:00.000,options,call
97,1601011320000,16.8,16.9,16.8,16.85,625,,22300,weekly,2020-10-1T21:00:00.000,options,call
98,1601011380000,16.85,16.85,16.7,16.7,75,,22300,weekly,2020-10-1T21:00:00.000,options,call
99,1601011440000,16.4,16.6,16.4,16.4,75,,22300,weekly,2020-10-1T21:00:00.000,options,call
100,1601011500000,16.55,16.65,16.55,16.65,125,,22300,weekly,2020-10-1T21:00:00.000,options,call
101,1601011560000,16.65,16.65,16.6,16.6,75,,22300,weekly,2020-10-1T21:00:00.000,options,call
102,1601011680000,16.8,17.15,16.8,17.0,400,,22300,weekly,2020-10-1T21:00:00.000,options,call
103,1601011740000,16.95,17.0,16.65,17.0,150,,22300,weekly,2020-10-1T21:00:00.000,options,call
104,1601011800000,16.9,17.35,16.9,17.25,175,,22300,weekly,2020-10-1T21:00:00.000,options,call
105,1601011860000,17.05,17.05,17.05,17.05,50,,22300,weekly,2020-10-1T21:00:00.000,options,call
106,1601011920000,17.2,17.45,17.2,17.45,250,,22300,weekly,2020-10-1T21:00:00.000,options,call
107,1601011980000,17.6,17.95,17.55,17.55,950,,22300,weekly,2020-10-1T21:00:00.000,options,call
108,1601012040000,17.6,17.6,16.9,17.05,2200,,22300,weekly,2020-10-1T21:00:00.000,options,call
109,1601012100000,17.1,17.75,17.1,17.75,875,,22300,weekly,2020-10-1T21:00:00.000,options,call
110,1601012160000,18.1,18.1,17.3,17.8,1250,,22300,weekly,2020-10-1T21:00:00.000,options,call
111,1601012220000,17.7,18.05,17.55,17.7,475,,22300,weekly,2020-10-1T21:00:00.000,options,call
112,1601012280000,17.75,17.75,17.35,17.6,425,,22300,weekly,2020-10-1T21:00:00.000,options,call
113,1601012340000,17.85,17.9,17.4,17.5,925,,22300,weekly,2020-10-1T21:00:00.000,options,call
114,1601012400000,17.4,17.8,17.4,17.75,350,,22300,weekly,2020-10-1T21:00:00.000,options,call
115,1601012460000,17.9,18.3,17.8,18.25,375,,22300,weekly,2020-10-1T21:00:00.000,options,call
116,1601012520000,18.25,18.25,17.7,17.7,525,,22300,weekly,2020-10-1T21:00:00.000,options,call
117,1601012580000,18.0,18.05,17.8,17.8,150,,22300,weekly,2020-10-1T21:00:00.000,options,call
118,1601012640000,18.15,18.65,17.5,17.5,875,,22300,weekly,2020-10-1T21:00:00.000,options,call
119,1601012700000,17.55,17.55,17.35,17.55,225,,22300,weekly,2020-10-1T21:00:00.000,options,call
120,1601012760000,17.9,18.0,17.8,17.95,625,,22300,weekly,2020-10-1T21:00:00.000,options,call
121,1601012820000,17.9,17.95,17.25,17.25,2625,,22300,weekly,2020-10-1T21:00:00.000,options,call
122,1601012880000,17.45,17.55,16.9,17.05,550,,22300,weekly,2020-10-1T21:00:00.000,options,call
123,1601012940000,17.05,17.1,16.8,17.05,325,,22300,weekly,2020-10-1T21:00:00.000,options,call
124,1601013000000,16.7,16.95,16.7,16.8,500,,22300,weekly,2020-10-1T21:00:00.000,options,call
125,1601013060000,16.85,17.1,16.85,17.05,300,,22300,weekly,2020-10-1T21:00:00.000,options,call
126,1601013120000,17.05,17.15,17.05,17.1,75,,22300,weekly,2020-10-1T21:00:00.000,options,call
127,1601013180000,17.6,17.75,17.45,17.65,325,,22300,weekly,2020-10-1T21:00:00.000,options,call
128,1601013240000,17.5,17.6,17.25,17.45,625,,22300,weekly,2020-10-1T21:00:00.000,options,call
129,1601013300000,17.5,17.5,17.45,17.5,525,,22300,weekly,2020-10-1T21:00:00.000,options,call
130,1601013360000,17.5,19.6,17.5,18.95,8075,,22300,weekly,2020-10-1T21:00:00.000,options,call
131,1601013420000,19.35,19.5,18.0,18.0,2550,,22300,weekly,2020-10-1T21:00:00.000,options,call
132,1601013480000,17.9,18.35,17.8,18.15,575,,22300,weekly,2020-10-1T21:00:00.000,options,call
133,1601013540000,17.95,18.5,17.75,17.85,375,,22300,weekly,2020-10-1T21:00:00.000,options,call
134,1601013600000,18.05,18.05,17.5,17.95,850,,22300,weekly,2020-10-1T21:00:00.000,options,call
135,1601013660000,17.8,17.9,17.3,17.3,1475,,22300,weekly,2020-10-1T21:00:00.000,options,call
136,1601013720000,17.35,17.95,17.35,17.5,700,,22300,weekly,2020-10-1T21:00:00.000,options,call
137,1601013780000,17.2,17.65,17.2,17.5,1275,,22300,weekly,2020-10-1T21:00:00.000,options,call
138,1601013840000,17.5,17.5,17.0,17.0,975,,22300,weekly,2020-10-1T21:00:00.000,options,call
139,1601013900000,17.1,17.1,16.75,16.9,150,,22300,weekly,2020-10-1T21:00:00.000,options,call
140,1601013960000,16.9,16.9,16.35,16.65,2200,,22300,weekly,2020-10-1T21:00:00.000,options,call
141,1601014020000,16.1,16.65,16.1,16.65,275,,22300,weekly,2020-10-1T21:00:00.000,options,call
142,1601014080000,16.65,16.8,16.6,16.7,250,,22300,weekly,2020-10-1T21:00:00.000,options,call
143,1601014140000,16.75,16.75,16.5,16.6,175,,22300,weekly,2020-10-1T21:00:00.000,options,call
144,1601014200000,16.55,16.65,16.4,16.5,150,,22300,weekly,2020-10-1T21:00:00.000,options,call
145,1601014260000,16.3,16.35,16.15,16.35,250,,22300,weekly,2020-10-1T21:00:00.000,options,call
146,1601014320000,16.35,16.5,16.35,16.45,150,,22300,weekly,2020-10-1T21:00:00.000,options,call
147,1601014380000,16.0,16.25,16.0,16.25,750,,22300,weekly,2020-10-1T21:00:00.000,options,call
148,1601014440000,16.25,16.25,15.75,16.2,725,,22300,weekly,2020-10-1T21:00:00.000,options,call
149,1601014500000,16.4,16.4,16.3,16.4,275,,22300,weekly,2020-10-1T21:00:00.000,options,call
150,1601014560000,16.5,16.65,16.5,16.65,700,,22300,weekly,2020-10-1T21:00:00.000,options,call
151,1601014620000,16.55,16.55,16.3,16.4,175,,22300,weekly,2020-10-1T21:00:00.000,options,call
152,1601014680000,16.4,16.5,16.4,16.5,2575,,22300,weekly,2020-10-1T21:00:00.000,options,call
153,1601014740000,16.4,16.45,16.15,16.45,825,,22300,weekly,2020-10-1T21:00:00.000,options,call
154,1601014800000,16.9,17.05,16.7,16.85,1375,,22300,weekly,2020-10-1T21:00:00.000,options,call
155,1601014860000,17.05,17.2,17.05,17.2,200,,22300,weekly,2020-10-1T21:00:00.000,options,call
156,1601014920000,17.2,17.2,17.1,17.1,75,,22300,weekly,2020-10-1T21:00:00.000,options,call
157,1601014980000,17.1,17.6,17.1,17.3,850,,22300,weekly,2020-10-1T21:00:00.000,options,call
158,1601015040000,17.15,17.15,16.75,16.9,300,,22300,weekly,2020-10-1T21:00:00.000,options,call
159,1601015100000,17.35,17.55,17.35,17.55,50,,22300,weekly,2020-10-1T21:00:00.000,options,call
160,1601015160000,17.45,17.45,17.05,17.35,300,,22300,weekly,2020-10-1T21:00:00.000,options,call
161,1601015220000,17.3,17.35,17.15,17.25,275,,22300,weekly,2020-10-1T21:00:00.000,options,call
162,1601015280000,17.65,17.8,17.3,17.65,725,,22300,weekly,2020-10-1T21:00:00.000,options,call
163,1601015340000,17.75,17.85,17.6,17.6,175,,22300,weekly,2020-10-1T21:00:00.000,options,call
164,1601015400000,17.6,18.0,17.45,17.45,150,,22300,weekly,2020-10-1T21:00:00.000,options,call
165,1601015460000,17.45,17.65,17.4,17.6,350,,22300,weekly,2020-10-1T21:00:00.000,options,call
166,1601015520000,17.6,17.75,17.3,17.35,325,,22300,weekly,2020-10-1T21:00:00.000,options,call
167,1601015580000,17.35,17.55,17.2,17.35,275,,22300,weekly,2020-10-1T21:00:00.000,options,call
168,1601015640000,17.4,17.9,17.4,17.8,400,,22300,weekly,2020-10-1T21:00:00.000,options,call
169,1601015700000,17.8,17.8,17.65,17.65,350,,22300,weekly,2020-10-1T21:00:00.000,options,call
170,1601015760000,17.6,17.8,17.6,17.8,775,,22300,weekly,2020-10-1T21:00:00.000,options,call
171,1601015820000,17.9,18.7,17.9,18.45,1975,,22300,weekly,2020-10-1T21:00:00.000,options,call
172,1601015880000,18.45,18.8,18.45,18.75,500,,22300,weekly,2020-10-1T21:00:00.000,options,call
173,1601015940000,18.95,19.4,18.95,19.15,1575,,22300,weekly,2020-10-1T21:00:00.000,options,call
174,1601016000000,19.15,19.15,18.35,18.9,975,,22300,weekly,2020-10-1T21:00:00.000,options,call
175,1601016060000,19.05,19.35,19.0,19.0,525,,22300,weekly,2020-10-1T21:00:00.000,options,call
176,1601016120000,19.0,19.4,18.9,18.9,1725,,22300,weekly,2020-10-1T21:00:00.000,options,call
177,1601016180000,18.9,20.45,18.8,20.4,4625,,22300,weekly,2020-10-1T21:00:00.000,options,call
178,1601016240000,21.5,22.1,20.95,21.6,6700,,22300,weekly,2020-10-1T21:00:00.000,options,call
179,1601016300000,21.6,21.65,20.65,21.55,2500,,22300,weekly,2020-10-1T21:00:00.000,options,call
180,1601016360000,21.55,22.0,20.9,21.35,2675,,22300,weekly,2020-10-1T21:00:00.000,options,call
181,1601016420000,21.35,21.85,20.85,21.3,1750,,22300,weekly,2020-10-1T21:00:00.000,options,call
182,1601016480000,21.25,21.5,20.7,20.7,2625,,22300,weekly,2020-10-1T21:00:00.000,options,call
183,1601016540000,20.7,28.0,20.25,27.9,7200,,22300,weekly,2020-10-1T21:00:00.000,options,call
184,1601016600000,27.15,29.4,26.2,27.4,4825,,22300,weekly,2020-10-1T21:00:00.000,options,call
185,1601016660000,27.4,31.05,27.4,30.1,2975,,22300,weekly,2020-10-1T21:00:00.000,options,call
186,1601016720000,30.0,30.0,27.55,27.55,2075,,22300,weekly,2020-10-1T21:00:00.000,options,call
187,1601016780000,27.7,28.5,26.8,26.9,2750,,22300,weekly,2020-10-1T21:00:00.000,options,call
188,1601016840000,27.0,27.2,25.25,26.1,4500,,22300,weekly,2020-10-1T21:00:00.000,options,call
189,1601016900000,26.1,27.25,25.35,27.0,3775,,22300,weekly,2020-10-1T21:00:00.000,options,call
190,1601016960000,27.15,33.9,27.15,33.9,7400,,22300,weekly,2020-10-1T21:00:00.000,options,call
191,1601017020000,33.45,33.7,31.25,32.65,5500,,22300,weekly,2020-10-1T21:00:00.000,options,call
192,1601017080000,32.55,32.7,30.7,31.1,4450,,22300,weekly,2020-10-1T21:00:00.000,options,call
193,1601017140000,31.45,32.75,30.75,31.4,5200,,22300,weekly,2020-10-1T21:00:00.000,options,call
194,1601017200000,30.6,31.25,30.3,30.3,2825,,22300,weekly,2020-10-1T21:00:00.000,options,call
195,1601017260000,30.35,30.35,27.75,28.6,7000,,22300,weekly,2020-10-1T21:00:00.000,options,call
196,1601017320000,28.25,28.25,26.75,27.3,1725,,22300,weekly,2020-10-1T21:00:00.000,options,call
197,1601017380000,27.4,27.95,25.2,25.2,3350,,22300,weekly,2020-10-1T21:00:00.000,options,call
198,1601017440000,25.5,26.0,25.3,25.3,1575,,22300,weekly,2020-10-1T21:00:00.000,options,call
199,1601017500000,25.3,26.0,24.2,25.65,2950,,22300,weekly,2020-10-1T21:00:00.000,options,call
200,1601017560000,25.4,25.6,25.05,25.4,1575,,22300,weekly,2020-10-1T21:00:00.000,options,call
201,1601017620000,25.3,25.8,24.45,24.45,3025,,22300,weekly,2020-10-1T21:00:00.000,options,call
202,1601017680000,24.55,26.2,24.55,26.05,1775,,22300,weekly,2020-10-1T21:00:00.000,options,call
203,1601017740000,26.35,26.85,25.95,26.15,3675,,22300,weekly,2020-10-1T21:00:00.000,options,call
204,1601017800000,26.15,26.55,25.35,26.55,2050,,22300,weekly,2020-10-1T21:00:00.000,options,call
205,1601017860000,26.6,29.0,26.2,29.0,2650,,22300,weekly,2020-10-1T21:00:00.000,options,call
206,1601017920000,29.0,30.45,29.0,29.7,2475,,22300,weekly,2020-10-1T21:00:00.000,options,call
207,1601017980000,29.75,33.7,29.55,32.6,3675,,22300,weekly,2020-10-1T21:00:00.000,options,call
208,1601018040000,32.6,33.05,30.85,30.85,2325,,22300,weekly,2020-10-1T21:00:00.000,options,call
209,1601018100000,30.9,30.9,29.3,29.3,3625,,22300,weekly,2020-10-1T21:00:00.000,options,call
210,1601018160000,29.3,30.7,29.3,29.8,1225,,22300,weekly,2020-10-1T21:00:00.000,options,call
211,1601018220000,29.8,30.35,29.2,29.35,1575,,22300,weekly,2020-10-1T21:00:00.000,options,call
212,1601018280000,29.35,29.35,28.4,28.7,1900,,22300,weekly,2020-10-1T21:00:00.000,options,call
213,1601018340000,28.65,29.6,28.65,29.0,2050,,22300,weekly,2020-10-1T21:00:00.000,options,call
214,1601018400000,29.0,29.0,27.2,27.6,3350,,22300,weekly,2020-10-1T21:00:00.000,options,call
215,1601018460000,27.6,27.6,26.55,27.15,2550,,22300,weekly,2020-10-1T21:00:00.000,options,call
216,1601018520000,27.25,29.55,27.25,29.55,1350,,22300,weekly,2020-10-1T21:00:00.000,options,call
217,1601018580000,29.45,29.55,28.95,29.15,3125,,22300,weekly,2020-10-1T21:00:00.000,options,call
218,1601018640000,29.55,30.8,29.0,29.05,2075,,22300,weekly,2020-10-1T21:00:00.000,options,call
219,1601018700000,29.25,29.5,28.3,28.35,1100,,22300,weekly,2020-10-1T21:00:00.000,options,call
220,1601018760000,28.3,28.65,27.25,27.75,1675,,22300,weekly,2020-10-1T21:00:00.000,options,call
221,1601018820000,27.6,29.6,27.6,29.4,1950,,22300,weekly,2020-10-1T21:00:00.000,options,call
222,1601018880000,29.4,29.7,29.2,29.5,875,,22300,weekly,2020-10-1T21:00:00.000,options,call
223,1601018940000,29.35,29.35,28.0,28.15,2625,,22300,weekly,2020-10-1T21:00:00.000,options,call
224,1601019000000,28.15,29.05,28.05,28.5,475,,22300,weekly,2020-10-1T21:00:00.000,options,call
225,1601019060000,28.7,28.75,27.85,28.3,475,,22300,weekly,2020-10-1T21:00:00.000,options,call
226,1601019120000,28.4,28.45,27.5,28.15,1550,,22300,weekly,2020-10-1T21:00:00.000,options,call
227,1601019180000,28.15,28.15,27.15,27.75,775,,22300,weekly,2020-10-1T21:00:00.000,options,call
228,1601019240000,27.75,27.75,26.55,27.4,3400,,22300,weekly,2020-10-1T21:00:00.000,options,call
229,1601019300000,27.4,27.4,26.6,27.25,1700,,22300,weekly,2020-10-1T21:00:00.000,options,call
230,1601019360000,27.25,27.45,26.6,27.05,850,,22300,weekly,2020-10-1T21:00:00.000,options,call
231,1601019420000,27.3,29.0,27.3,28.35,1675,,22300,weekly,2020-10-1T21:00:00.000,options,call
232,1601019480000,28.45,29.0,28.15,28.7,1075,,22300,weekly,2020-10-1T21:00:00.000,options,call
233,1601019540000,28.5,29.05,28.15,28.7,800,,22300,weekly,2020-10-1T21:00:00.000,options,call
234,1601019600000,28.9,29.25,28.25,28.6,400,,22300,weekly,2020-10-1T21:00:00.000,options,call
235,1601019660000,28.6,28.6,26.9,28.0,900,,22300,weekly,2020-10-1T21:00:00.000,options,call
236,1601019720000,27.45,27.6,26.3,27.5,1850,,22300,weekly,2020-10-1T21:00:00.000,options,call
237,1601019780000,27.5,28.5,27.35,28.5,875,,22300,weekly,2020-10-1T21:00:00.000,options,call
238,1601019840000,28.05,28.35,26.3,27.85,2300,,22300,weekly,2020-10-1T21:00:00.000,options,call
239,1601019900000,27.45,27.5,26.5,26.65,625,,22300,weekly,2020-10-1T21:00:00.000,options,call
240,1601019960000,27.0,27.05,26.35,26.35,600,,22300,weekly,2020-10-1T21:00:00.000,options,call
241,1601020020000,26.35,26.35,23.65,24.3,3475,,22300,weekly,2020-10-1T21:00:00.000,options,call
242,1601020080000,24.5,25.0,24.25,25.0,1850,,22300,weekly,2020-10-1T21:00:00.000,options,call
243,1601020140000,25.0,27.3,25.0,27.2,2225,,22300,weekly,2020-10-1T21:00:00.000,options,call
244,1601020200000,27.25,28.25,27.05,27.45,2800,,22300,weekly,2020-10-1T21:00:00.000,options,call
245,1601020260000,27.8,28.0,27.45,27.45,575,,22300,weekly,2020-10-1T21:00:00.000,options,call
246,1601020320000,27.2,27.7,27.05,27.05,225,,22300,weekly,2020-10-1T21:00:00.000,options,call
247,1601020380000,27.05,27.05,26.1,26.7,775,,22300,weekly,2020-10-1T21:00:00.000,options,call
248,1601020440000,27.0,27.8,27.0,27.0,750,,22300,weekly,2020-10-1T21:00:00.000,options,call
249,1601020500000,27.25,28.1,26.4,28.0,850,,22300,weekly,2020-10-1T21:00:00.000,options,call
250,1601020560000,28.0,28.0,27.05,27.65,775,,22300,weekly,2020-10-1T21:00:00.000,options,call
251,1601020620000,27.65,28.35,27.6,27.85,3125,,22300,weekly,2020-10-1T21:00:00.000,options,call
252,1601020680000,27.8,29.3,27.6,29.0,2600,,22300,weekly,2020-10-1T21:00:00.000,options,call
253,1601020740000,29.0,30.5,29.0,29.5,1825,,22300,weekly,2020-10-1T21:00:00.000,options,call
254,1601020800000,29.65,30.55,29.2,29.5,1400,,22300,weekly,2020-10-1T21:00:00.000,options,call
255,1601020860000,29.5,30.25,29.25,29.45,475,,22300,weekly,2020-10-1T21:00:00.000,options,call
256,1601020920000,29.45,29.65,28.4,28.5,1975,,22300,weekly,2020-10-1T21:00:00.000,options,call
257,1601020980000,28.5,29.0,28.15,28.6,850,,22300,weekly,2020-10-1T21:00:00.000,options,call
258,1601021040000,28.6,29.1,27.55,28.6,1225,,22300,weekly,2020-10-1T21:00:00.000,options,call
259,1601021100000,28.6,28.65,27.4,28.4,1825,,22300,weekly,2020-10-1T21:00:00.000,options,call
260,1601021160000,28.4,28.45,27.6,28.0,1000,,22300,weekly,2020-10-1T21:00:00.000,options,call
261,1601021220000,27.8,28.1,26.6,26.8,4250,,22300,weekly,2020-10-1T21:00:00.000,options,call
262,1601021280000,26.75,27.4,26.35,26.6,2800,,22300,weekly,2020-10-1T21:00:00.000,options,call
263,1601021340000,26.6,26.85,26.1,26.6,1125,,22300,weekly,2020-10-1T21:00:00.000,options,call
264,1601021400000,26.65,26.65,24.65,26.05,5625,,22300,weekly,2020-10-1T21:00:00.000,options,call
265,1601021460000,26.1,26.35,25.55,25.8,1100,,22300,weekly,2020-10-1T21:00:00.000,options,call
266,1601021520000,25.9,26.25,25.4,25.65,800,,22300,weekly,2020-10-1T21:00:00.000,options,call
267,1601021580000,25.65,26.35,25.65,26.15,675,,22300,weekly,2020-10-1T21:00:00.000,options,call
268,1601021640000,26.3,26.3,24.4,25.0,950,,22300,weekly,2020-10-1T21:00:00.000,options,call
269,1601021700000,25.0,26.6,24.7,25.95,3625,,22300,weekly,2020-10-1T21:00:00.000,options,call
270,1601021760000,26.4,27.4,26.0,26.85,4700,,22300,weekly,2020-10-1T21:00:00.000,options,call
271,1601021820000,26.7,26.7,25.9,26.4,1000,,22300,weekly,2020-10-1T21:00:00.000,options,call
272,1601021880000,26.45,27.0,25.35,25.35,725,,22300,weekly,2020-10-1T21:00:00.000,options,call
273,1601021940000,25.35,26.05,25.05,26.05,775,,22300,weekly,2020-10-1T21:00:00.000,options,call
274,1601022000000,25.95,27.15,25.95,26.05,575,,22300,weekly,2020-10-1T21:00:00.000,options,call
275,1601022060000,26.65,26.65,26.0,26.5,250,,22300,weekly,2020-10-1T21:00:00.000,options,call
276,1601022120000,26.4,26.6,25.95,26.0,2750,,22300,weekly,2020-10-1T21:00:00.000,options,call
277,1601022180000,26.05,26.45,25.05,25.75,2025,,22300,weekly,2020-10-1T21:00:00.000,options,call
278,1601022240000,25.65,26.15,24.4,26.0,1825,,22300,weekly,2020-10-1T21:00:00.000,options,call
279,1601022300000,26.25,26.75,25.9,26.55,800,,22300,weekly,2020-10-1T21:00:00.000,options,call
280,1601022360000,27.05,27.15,26.5,26.95,925,,22300,weekly,2020-10-1T21:00:00.000,options,call
281,1601022420000,26.95,27.0,25.75,26.2,1425,,22300,weekly,2020-10-1T21:00:00.000,options,call
282,1601022480000,26.55,26.75,26.25,26.25,925,,22300,weekly,2020-10-1T21:00:00.000,options,call
283,1601022540000,26.25,27.0,26.25,27.0,975,,22300,weekly,2020-10-1T21:00:00.000,options,call
284,1601022600000,27.0,27.55,26.2,27.55,2450,,22300,weekly,2020-10-1T21:00:00.000,options,call
285,1601022660000,27.7,27.95,26.75,26.75,800,,22300,weekly,2020-10-1T21:00:00.000,options,call
286,1601022720000,26.75,27.2,26.35,26.95,700,,22300,weekly,2020-10-1T21:00:00.000,options,call
287,1601022780000,26.7,26.7,26.25,26.4,350,,22300,weekly,2020-10-1T21:00:00.000,options,call
288,1601022840000,26.95,27.55,26.8,27.05,1000,,22300,weekly,2020-10-1T21:00:00.000,options,call
289,1601022900000,27.05,27.25,26.55,27.25,1800,,22300,weekly,2020-10-1T21:00:00.000,options,call
290,1601022960000,27.2,27.3,26.75,27.0,975,,22300,weekly,2020-10-1T21:00:00.000,options,call
291,1601023020000,27.0,27.0,26.15,26.2,350,,22300,weekly,2020-10-1T21:00:00.000,options,call
292,1601023080000,26.1,27.0,26.1,27.0,175,,22300,weekly,2020-10-1T21:00:00.000,options,call
293,1601023140000,27.15,30.3,27.15,30.05,3550,,22300,weekly,2020-10-1T21:00:00.000,options,call
294,1601023200000,30.25,31.95,29.65,30.2,5275,,22300,weekly,2020-10-1T21:00:00.000,options,call
295,1601023260000,30.5,31.0,29.35,31.0,1925,,22300,weekly,2020-10-1T21:00:00.000,options,call
296,1601023320000,30.7,30.7,29.4,29.95,900,,22300,weekly,2020-10-1T21:00:00.000,options,call
297,1601023380000,29.9,31.0,29.0,30.1,3600,,22300,weekly,2020-10-1T21:00:00.000,options,call
298,1601023440000,30.05,32.0,29.1,30.3,4900,,22300,weekly,2020-10-1T21:00:00.000,options,call
299,1601023500000,29.65,29.95,28.95,29.9,1775,,22300,weekly,2020-10-1T21:00:00.000,options,call
300,1601023560000,29.85,30.35,28.65,29.95,1375,,22300,weekly,2020-10-1T21:00:00.000,options,call
301,1601023620000,30.2,30.2,28.4,28.55,1925,,22300,weekly,2020-10-1T21:00:00.000,options,call
302,1601023680000,28.6,28.65,27.1,27.55,1475,,22300,weekly,2020-10-1T21:00:00.000,options,call
303,1601023740000,27.45,28.65,27.45,28.35,950,,22300,weekly,2020-10-1T21:00:00.000,options,call
304,1601023800000,28.15,28.75,28.15,28.75,550,,22300,weekly,2020-10-1T21:00:00.000,options,call
305,1601023860000,28.9,28.9,27.8,28.25,1325,,22300,weekly,2020-10-1T21:00:00.000,options,call
306,1601023920000,28.05,28.1,27.0,27.6,1650,,22300,weekly,2020-10-1T21:00:00.000,options,call
307,1601023980000,27.75,28.65,27.75,28.1,975,,22300,weekly,2020-10-1T21:00:00.000,options,call
308,1601024040000,28.05,28.6,27.45,27.85,1025,,22300,weekly,2020-10-1T21:00:00.000,options,call
309,1601024100000,28.05,31.4,28.05,29.6,2775,,22300,weekly,2020-10-1T21:00:00.000,options,call
310,1601024160000,29.6,30.2,29.05,29.25,1475,,22300,weekly,2020-10-1T21:00:00.000,options,call
311,1601024220000,29.25,30.05,28.55,28.85,1275,,22300,weekly,2020-10-1T21:00:00.000,options,call
312,1601024280000,29.5,32.45,29.35,32.45,4350,,22300,weekly,2020-10-1T21:00:00.000,options,call
313,1601024340000,32.2,32.2,30.15,30.3,3775,,22300,weekly,2020-10-1T21:00:00.000,options,call
314,1601024400000,30.3,30.3,29.2,29.65,1075,,22300,weekly,2020-10-1T21:00:00.000,options,call
315,1601024460000,29.65,30.4,28.55,29.15,1725,,22300,weekly,2020-10-1T21:00:00.000,options,call
316,1601024520000,29.15,29.15,26.4,27.95,3025,,22300,weekly,2020-10-1T21:00:00.000,options,call
317,1601024580000,28.05,28.95,27.2,27.45,2850,,22300,weekly,2020-10-1T21:00:00.000,options,call
318,1601024640000,27.45,28.7,27.45,28.5,2525,,22300,weekly,2020-10-1T21:00:00.000,options,call
319,1601024700000,28.5,29.35,27.65,27.65,1325,,22300,weekly,2020-10-1T21:00:00.000,options,call
320,1601024760000,27.65,28.35,27.3,28.15,850,,22300,weekly,2020-10-1T21:00:00.000,options,call
321,1601024820000,28.15,28.55,27.0,27.0,1225,,22300,weekly,2020-10-1T21:00:00.000,options,call
322,1601024880000,26.85,28.2,26.85,28.0,975,,22300,weekly,2020-10-1T21:00:00.000,options,call
323,1601024940000,28.35,31.0,28.35,29.45,4125,,22300,weekly,2020-10-1T21:00:00.000,options,call
324,1601025000000,29.1,30.55,28.8,29.4,4175,,22300,weekly,2020-10-1T21:00:00.000,options,call
325,1601025060000,29.7,31.3,29.25,29.5,2375,,22300,weekly,2020-10-1T21:00:00.000,options,call
326,1601025120000,29.45,29.9,28.55,29.1,2750,,22300,weekly,2020-10-1T21:00:00.000,options,call
327,1601025180000,29.0,29.7,28.6,28.7,1550,,22300,weekly,2020-10-1T21:00:00.000,options,call
328,1601025240000,28.8,30.55,28.8,29.45,3375,,22300,weekly,2020-10-1T21:00:00.000,options,call
329,1601025300000,29.15,29.7,28.8,29.0,2275,,22300,weekly,2020-10-1T21:00:00.000,options,call
330,1601025360000,29.0,29.65,28.0,28.0,6225,,22300,weekly,2020-10-1T21:00:00.000,options,call
331,1601025420000,28.0,28.3,25.05,26.5,7350,,22300,weekly,2020-10-1T21:00:00.000,options,call
332,1601025480000,26.2,27.35,25.7,26.0,4200,,22300,weekly,2020-10-1T21:00:00.000,options,call
333,1601025540000,26.0,26.25,24.7,25.7,1950,,22300,weekly,2020-10-1T21:00:00.000,options,call
334,1601025600000,25.7,26.1,24.65,24.85,3625,,22300,weekly,2020-10-1T21:00:00.000,options,call
335,1601025660000,24.65,25.0,23.6,24.45,3250,,22300,weekly,2020-10-1T21:00:00.000,options,call
336,1601025720000,24.45,24.45,23.85,24.0,2575,,22300,weekly,2020-10-1T21:00:00.000,options,call
337,1601025780000,24.2,25.4,24.0,25.35,5000,,22300,weekly,2020-10-1T21:00:00.000,options,call
338,1601025840000,25.4,26.2,25.05,25.5,1775,,22300,weekly,2020-10-1T21:00:00.000,options,call
339,1601025900000,25.35,26.3,25.0,25.95,3250,,22300,weekly,2020-10-1T21:00:00.000,options,call
340,1601025960000,26.0,26.5,25.45,26.5,3025,,22300,weekly,2020-10-1T21:00:00.000,options,call
341,1601026020000,26.45,26.45,24.7,24.95,1950,,22300,weekly,2020-10-1T21:00:00.000,options,call
342,1601026080000,24.8,25.7,24.6,24.6,2300,,22300,weekly,2020-10-1T21:00:00.000,options,call
343,1601026140000,24.6,24.75,23.5,24.75,2925,,22300,weekly,2020-10-1T21:00:00.000,options,call
344,1601026200000,24.45,24.75,23.9,23.95,2400,,22300,weekly,2020-10-1T21:00:00.000,options,call
345,1601026260000,24.2,24.25,22.15,23.2,7700,,22300,weekly,2020-10-1T21:00:00.000,options,call
346,1601026320000,23.3,23.6,22.45,23.15,2800,,22300,weekly,2020-10-1T21:00:00.000,options,call
347,1601026380000,22.95,23.0,22.0,23.0,2825,,22300,weekly,2020-10-1T21:00:00.000,options,call
348,1601026440000,23.0,23.7,22.75,23.3,12750,,22300,weekly,2020-10-1T21:00:00.000,options,call
349,1601026500000,23.15,23.45,22.45,22.75,1825,,22300,weekly,2020-10-1T21:00:00.000,options,call
350,1601026560000,22.75,23.8,22.15,23.3,2350,,22300,weekly,2020-10-1T21:00:00.000,options,call
351,1601026620000,23.45,24.0,23.3,23.35,1100,,22300,weekly,2020-10-1T21:00:00.000,options,call
352,1601026680000,24.1,24.4,23.4,23.4,1125,,22300,weekly,2020-10-1T21:00:00.000,options,call
353,1601026740000,23.35,23.95,23.15,23.45,2225,,22300,weekly,2020-10-1T21:00:00.000,options,call
354,1601026800000,23.3,23.5,22.3,23.0,5075,,22300,weekly,2020-10-1T21:00:00.000,options,call
355,1601026860000,23.0,23.45,22.5,22.8,4400,,22300,weekly,2020-10-1T21:00:00.000,options,call
356,1601026920000,22.8,23.3,22.75,23.25,2950,,22300,weekly,2020-10-1T21:00:00.000,options,call
357,1601026980000,23.25,23.4,22.6,22.9,2800,,22300,weekly,2020-10-1T21:00:00.000,options,call
358,1601027040000,22.9,22.9,21.6,21.65,3625,,22300,weekly,2020-10-1T21:00:00.000,options,call
359,1601027100000,21.75,22.7,21.7,22.3,5375,,22300,weekly,2020-10-1T21:00:00.000,options,call
360,1601027160000,22.3,22.95,21.85,22.15,2475,,22300,weekly,2020-10-1T21:00:00.000,options,call
361,1601027220000,22.5,23.2,22.45,23.05,1450,,22300,weekly,2020-10-1T21:00:00.000,options,call
362,1601027280000,23.2,23.2,22.65,22.8,4100,,22300,weekly,2020-10-1T21:00:00.000,options,call
363,1601027340000,22.8,23.0,21.9,22.65,3475,,22300,weekly,2020-10-1T21:00:00.000,options,call
364,1601027400000,22.65,22.85,21.95,22.1,3450,,22300,weekly,2020-10-1T21:00:00.000,options,call
365,1601027460000,21.9,21.9,21.15,21.55,2800,,22300,weekly,2020-10-1T21:00:00.000,options,call
366,1601027520000,21.55,21.55,21.2,21.2,2675,,22300,weekly,2020-10-1T21:00:00.000,options,call
367,1601027580000,21.35,21.45,20.5,20.65,4650,,22300,weekly,2020-10-1T21:00:00.000,options,call
368,1601027640000,20.9,20.9,19.9,20.0,3625,,22300,weekly,2020-10-1T21:00:00.000,options,call
369,1601027700000,20.0,20.05,19.8,19.85,2525,,22300,weekly,2020-10-1T21:00:00.000,options,call
370,1601027760000,19.95,20.0,19.7,19.8,3375,,22300,weekly,2020-10-1T21:00:00.000,options,call
371,1601027820000,19.8,19.8,18.8,19.0,3050,,22300,weekly,2020-10-1T21:00:00.000,options,call
372,1601027880000,19.0,19.4,18.35,19.0,5050,,22300,weekly,2020-10-1T21:00:00.000,options,call
