,timestamp,open,high,low,close,volume,open_interest,strike,expiry_type,expiry,instrument,contract_type
0,1559274240000,401.1,432.55,398.0,413.7,6360,,31400,weekly,2019-6-6T21:00:00.000,options,call
1,1559274300000,419.25,428.0,411.0,428.0,4120,,31400,weekly,2019-6-6T21:00:00.000,options,call
2,1559274360000,430.15,458.0,430.1,458.0,5480,,31400,weekly,2019-6-6T21:00:00.000,options,call
3,1559274420000,456.75,460.0,440.95,440.95,5160,,31400,weekly,2019-6-6T21:00:00.000,options,call
4,1559274480000,442.0,448.2,441.7,447.85,2980,,31400,weekly,2019-6-6T21:00:00.000,options,call
5,1559274540000,446.6,460.0,446.6,457.45,3000,,31400,weekly,2019-6-6T21:00:00.000,options,call
6,1559274600000,457.4,479.9,454.0,479.9,1260,,31400,weekly,2019-6-6T21:00:00.000,options,call
7,1559274660000,478.9,486.1,476.95,483.65,2360,,31400,weekly,2019-6-6T21:00:00.000,options,call
8,1559274720000,480.4,491.9,478.3,490.0,640,,31400,weekly,2019-6-6T21:00:00.000,options,call
9,1559274780000,492.1,494.9,480.65,485.15,1620,,31400,weekly,2019-6-6T21:00:00.000,options,call
10,1559274840000,485.6,491.75,485.0,486.85,260,,31400,weekly,2019-6-6T21:00:00.000,options,call
11,1559274900000,486.85,491.45,484.9,486.3,1220,,31400,weekly,2019-6-6T21:00:00.000,options,call
12,1559274960000,492.65,495.0,488.5,493.4,420,,31400,weekly,2019-6-6T21:00:00.000,options,call
13,1559275020000,496.75,500.0,496.0,499.0,880,,31400,weekly,2019-6-6T21:00:00.000,options,call
14,1559275080000,498.0,499.45,491.65,495.0,1100,,31400,weekly,2019-6-6T21:00:00.000,options,call
15,1559275140000,496.6,498.3,490.9,491.5,1860,,31400,weekly,2019-6-6T21:00:00.000,options,call
16,1559275200000,490.0,490.1,481.65,481.65,960,,31400,weekly,2019-6-6T21:00:00.000,options,call
17,1559275260000,482.75,491.25,482.5,491.25,920,,31400,weekly,2019-6-6T21:00:00.000,options,call
18,1559275320000,485.7,487.95,485.7,486.35,280,,31400,weekly,2019-6-6T21:00:00.000,options,call
19,1559275380000,486.8,486.8,482.5,486.0,2000,,31400,weekly,2019-6-6T21:00:00.000,options,call
20,1559275440000,480.0,480.25,466.9,466.9,980,,31400,weekly,2019-6-6T21:00:00.000,options,call
21,1559275500000,466.65,472.1,465.5,467.05,680,,31400,weekly,2019-6-6T21:00:00.000,options,call
22,1559275560000,470.25,473.9,469.6,472.55,340,,31400,weekly,2019-6-6T21:00:00.000,options,call
23,1559275620000,474.0,479.0,474.0,477.7,460,,31400,weekly,2019-6-6T21:00:00.000,options,call
24,1559275680000,478.1,490.55,478.1,487.8,1080,,31400,weekly,2019-6-6T21:00:00.000,options,call
25,1559275740000,486.05,486.05,485.0,485.0,960,,31400,weekly,2019-6-6T21:00:00.000,options,call
26,1559275800000,480.0,480.0,476.0,476.0,60,,31400,weekly,2019-6-6T21:00:00.000,options,call
27,1559275860000,476.25,478.0,471.75,478.0,620,,31400,weekly,2019-6-6T21:00:00.000,options,call
28,1559275920000,476.05,481.5,476.05,478.05,440,,31400,weekly,2019-6-6T21:00:00.000,options,call
29,1559275980000,476.55,476.95,472.0,472.0,140,,31400,weekly,2019-6-6T21:00:00.000,options,call
30,1559276040000,472.25,476.45,472.25,476.0,80,,31400,weekly,2019-6-6T21:00:00.000,options,call
31,1559276100000,480.0,484.2,479.35,481.2,180,,31400,weekly,2019-6-6T21:00:00.000,options,call
32,1559276160000,482.6,482.6,475.0,475.0,380,,31400,weekly,2019-6-6T21:00:00.000,options,call
33,1559276220000,472.0,472.0,469.35,471.7,220,,31400,weekly,2019-6-6T21:00:00.000,options,call
34,1559276280000,471.2,473.95,469.35,473.95,120,,31400,weekly,2019-6-6T21:00:00.000,options,call
35,1559276400000,476.55,476.55,476.55,476.55,40,,31400,weekly,2019-6-6T21:00:00.000,options,call
36,1559276460000,480.0,487.55,480.0,487.55,440,,31400,weekly,2019-6-6T21:00:00.000,options,call
37,1559276520000,486.3,491.1,486.3,488.3,420,,31400,weekly,2019-6-6T21:00:00.000,options,call
38,1559276580000,483.95,483.95,477.85,483.8,580,,31400,weekly,2019-6-6T21:00:00.000,options,call
39,1559276640000,480.0,483.8,479.0,483.8,60,,31400,weekly,2019-6-6T21:00:00.000,options,call
40,1559276760000,479.7,479.7,478.9,478.9,40,,31400,weekly,2019-6-6T21:00:00.000,options,call
41,1559276820000,478.9,480.0,478.5,480.0,60,,31400,weekly,2019-6-6T21:00:00.000,options,call
42,1559276880000,476.95,476.95,467.85,473.65,540,,31400,weekly,2019-6-6T21:00:00.000,options,call
43,1559276940000,474.8,478.35,474.45,475.45,300,,31400,weekly,2019-6-6T21:00:00.000,options,call
44,1559277000000,475.55,475.55,471.5,471.5,120,,31400,weekly,2019-6-6T21:00:00.000,options,call
45,1559277060000,470.7,472.8,467.3,470.6,700,,31400,weekly,2019-6-6T21:00:00.000,options,call
46,1559277120000,473.0,476.0,471.25,476.0,1420,,31400,weekly,2019-6-6T21:00:00.000,options,call
47,1559277180000,473.65,476.0,473.65,474.35,260,,31400,weekly,2019-6-6T21:00:00.000,options,call
48,1559277240000,478.65,478.65,473.75,473.75,160,,31400,weekly,2019-6-6T21:00:00.000,options,call
49,1559277300000,473.55,484.45,473.55,480.15,860,,31400,weekly,2019-6-6T21:00:00.000,options,call
50,1559277360000,480.05,483.05,480.05,482.0,680,,31400,weekly,2019-6-6T21:00:00.000,options,call
51,1559277420000,482.0,483.1,480.1,480.6,1260,,31400,weekly,2019-6-6T21:00:00.000,options,call
52,1559277480000,481.15,481.55,474.65,474.65,760,,31400,weekly,2019-6-6T21:00:00.000,options,call
53,1559277540000,473.65,476.15,472.75,472.8,120,,31400,weekly,2019-6-6T21:00:00.000,options,call
54,1559277600000,474.55,475.35,473.6,473.6,660,,31400,weekly,2019-6-6T21:00:00.000,options,call
55,1559277720000,470.3,470.3,467.8,467.8,60,,31400,weekly,2019-6-6T21:00:00.000,options,call
56,1559277780000,468.9,478.0,468.9,475.1,340,,31400,weekly,2019-6-6T21:00:00.000,options,call
57,1559277840000,475.05,482.0,475.05,480.0,580,,31400,weekly,2019-6-6T21:00:00.000,options,call
58,1559277900000,478.1,478.15,475.2,475.8,980,,31400,weekly,2019-6-6T21:00:00.000,options,call
59,1559277960000,472.15,472.15,469.15,469.15,580,,31400,weekly,2019-6-6T21:00:00.000,options,call
60,1559278020000,469.15,469.15,442.75,448.95,3200,,31400,weekly,2019-6-6T21:00:00.000,options,call
61,1559278080000,442.7,445.0,427.3,440.05,1640,,31400,weekly,2019-6-6T21:00:00.000,options,call
62,1559278140000,437.5,438.15,432.0,435.0,820,,31400,weekly,2019-6-6T21:00:00.000,options,call
63,1559278200000,436.3,440.0,434.15,440.0,880,,31400,weekly,2019-6-6T21:00:00.000,options,call
64,1559278260000,443.8,443.8,440.0,440.0,200,,31400,weekly,2019-6-6T21:00:00.000,options,call
65,1559278320000,443.0,443.0,443.0,443.0,40,,31400,weekly,2019-6-6T21:00:00.000,options,call
66,1559278380000,443.1,443.1,433.7,436.85,800,,31400,weekly,2019-6-6T21:00:00.000,options,call
67,1559278440000,438.0,444.5,438.0,444.5,300,,31400,weekly,2019-6-6T21:00:00.000,options,call
68,1559278500000,444.75,449.2,444.0,449.2,480,,31400,weekly,2019-6-6T21:00:00.000,options,call
69,1559278560000,449.05,449.05,445.6,445.6,120,,31400,weekly,2019-6-6T21:00:00.000,options,call
70,1559278620000,445.0,445.0,445.0,445.0,20,,31400,weekly,2019-6-6T21:00:00.000,options,call
71,1559278680000,444.0,444.0,441.6,441.6,80,,31400,weekly,2019-6-6T21:00:00.000,options,call
72,1559278740000,440.0,440.0,418.0,423.95,2120,,31400,weekly,2019-6-6T21:00:00.000,options,call
73,1559278800000,425.0,425.1,420.2,420.2,380,,31400,weekly,2019-6-6T21:00:00.000,options,call
74,1559278860000,413.4,418.35,403.6,416.9,1320,,31400,weekly,2019-6-6T21:00:00.000,options,call
75,1559278920000,412.8,422.5,412.8,422.15,180,,31400,weekly,2019-6-6T21:00:00.000,options,call
76,1559278980000,422.25,425.45,420.8,420.8,260,,31400,weekly,2019-6-6T21:00:00.000,options,call
77,1559279040000,424.15,425.0,424.15,425.0,60,,31400,weekly,2019-6-6T21:00:00.000,options,call
78,1559279100000,432.7,432.7,432.7,432.7,20,,31400,weekly,2019-6-6T21:00:00.000,options,call
79,1559279160000,426.0,426.0,426.0,426.0,20,,31400,weekly,2019-6-6T21:00:00.000,options,call
80,1559279280000,423.9,424.2,415.0,415.0,140,,31400,weekly,2019-6-6T21:00:00.000,options,call
81,1559279340000,415.0,425.4,415.0,423.3,160,,31400,weekly,2019-6-6T21:00:00.000,options,call
82,1559279400000,422.6,424.15,422.45,422.7,140,,31400,weekly,2019-6-6T21:00:00.000,options,call
83,1559279460000,429.15,429.15,428.2,428.25,160,,31400,weekly,2019-6-6T21:00:00.000,options,call
84,1559279520000,424.8,424.8,419.15,422.0,140,,31400,weekly,2019-6-6T21:00:00.000,options,call
85,1559279640000,428.0,428.0,428.0,428.0,20,,31400,weekly,2019-6-6T21:00:00.000,options,call
86,1559279760000,421.5,426.45,421.5,425.55,60,,31400,weekly,2019-6-6T21:00:00.000,options,call
87,1559279820000,425.8,437.7,425.8,433.95,440,,31400,weekly,2019-6-6T21:00:00.000,options,call
88,1559279880000,432.0,434.6,431.3,434.6,460,,31400,weekly,2019-6-6T21:00:00.000,options,call
89,1559279940000,438.4,438.4,427.6,428.45,300,,31400,weekly,2019-6-6T21:00:00.000,options,call
90,1559280000000,426.95,426.95,418.4,420.15,740,,31400,weekly,2019-6-6T21:00:00.000,options,call
91,1559280060000,416.5,419.45,415.0,419.45,220,,31400,weekly,2019-6-6T21:00:00.000,options,call
92,1559280120000,417.75,417.75,415.7,415.7,420,,31400,weekly,2019-6-6T21:00:00.000,options,call
93,1559280180000,415.0,417.2,409.3,416.25,220,,31400,weekly,2019-6-6T21:00:00.000,options,call
94,1559280240000,415.0,415.0,412.3,412.3,60,,31400,weekly,2019-6-6T21:00:00.000,options,call
95,1559280300000,418.0,418.5,418.0,418.5,240,,31400,weekly,2019-6-6T21:00:00.000,options,call
96,1559280360000,419.5,420.85,417.45,417.45,340,,31400,weekly,2019-6-6T21:00:00.000,options,call
97,1559280420000,415.2,415.2,404.3,408.25,960,,31400,weekly,2019-6-6T21:00:00.000,options,call
98,1559280480000,402.85,417.4,402.85,415.8,660,,31400,weekly,2019-6-6T21:00:00.000,options,call
99,1559280540000,415.1,420.0,415.1,420.0,180,,31400,weekly,2019-6-6T21:00:00.000,options,call
100,1559280600000,424.0,424.0,424.0,424.0,40,,31400,weekly,2019-6-6T21:00:00.000,options,call
101,1559280660000,416.45,422.1,416.45,422.1,60,,31400,weekly,2019-6-6T21:00:00.000,options,call
102,1559280720000,424.0,428.0,424.0,428.0,720,,31400,weekly,2019-6-6T21:00:00.000,options,call
103,1559280780000,428.4,428.4,428.4,428.4,60,,31400,weekly,2019-6-6T21:00:00.000,options,call
104,1559280840000,428.0,433.15,428.0,433.15,60,,31400,weekly,2019-6-6T21:00:00.000,options,call
105,1559280900000,430.25,430.25,430.25,430.25,100,,31400,weekly,2019-6-6T21:00:00.000,options,call
106,1559280960000,430.6,437.15,430.6,436.65,260,,31400,weekly,2019-6-6T21:00:00.000,options,call
107,1559281020000,434.45,438.65,434.45,435.85,160,,31400,weekly,2019-6-6T21:00:00.000,options,call
108,1559281080000,433.95,433.95,427.2,430.6,100,,31400,weekly,2019-6-6T21:00:00.000,options,call
109,1559281140000,426.1,427.95,426.1,427.95,180,,31400,weekly,2019-6-6T21:00:00.000,options,call
110,1559281200000,428.75,429.9,426.7,426.7,80,,31400,weekly,2019-6-6T21:00:00.000,options,call
111,1559281260000,428.7,431.65,428.7,431.65,100,,31400,weekly,2019-6-6T21:00:00.000,options,call
112,1559281320000,429.6,429.6,429.6,429.6,40,,31400,weekly,2019-6-6T21:00:00.000,options,call
113,1559281380000,434.75,434.75,434.75,434.75,40,,31400,weekly,2019-6-6T21:00:00.000,options,call
114,1559281440000,434.6,436.65,434.6,434.7,80,,31400,weekly,2019-6-6T21:00:00.000,options,call
115,1559281500000,436.65,440.2,436.65,440.2,180,,31400,weekly,2019-6-6T21:00:00.000,options,call
116,1559281560000,442.55,446.9,442.55,444.55,80,,31400,weekly,2019-6-6T21:00:00.000,options,call
117,1559281620000,444.15,444.15,441.6,443.25,320,,31400,weekly,2019-6-6T21:00:00.000,options,call
118,1559281680000,443.25,443.25,443.25,443.25,20,,31400,weekly,2019-6-6T21:00:00.000,options,call
119,1559281740000,445.5,445.5,445.5,445.5,20,,31400,weekly,2019-6-6T21:00:00.000,options,call
120,1559281860000,435.0,435.0,435.0,435.0,140,,31400,weekly,2019-6-6T21:00:00.000,options,call
121,1559281920000,431.8,435.0,431.8,432.55,320,,31400,weekly,2019-6-6T21:00:00.000,options,call
122,1559281980000,430.9,430.9,430.9,430.9,20,,31400,weekly,2019-6-6T21:00:00.000,options,call
123,1559282040000,421.75,423.05,421.75,423.05,180,,31400,weekly,2019-6-6T21:00:00.000,options,call
124,1559282220000,426.55,427.4,426.55,427.4,40,,31400,weekly,2019-6-6T21:00:00.000,options,call
125,1559282280000,427.0,427.0,426.4,426.4,100,,31400,weekly,2019-6-6T21:00:00.000,options,call
126,1559282340000,426.15,426.15,426.15,426.15,40,,31400,weekly,2019-6-6T21:00:00.000,options,call
127,1559282520000,426.0,427.1,426.0,427.1,60,,31400,weekly,2019-6-6T21:00:00.000,options,call
128,1559282580000,426.15,426.15,426.15,426.15,140,,31400,weekly,2019-6-6T21:00:00.000,options,call
129,1559282700000,427.9,430.25,427.9,430.25,120,,31400,weekly,2019-6-6T21:00:00.000,options,call
130,1559282760000,423.7,423.7,423.7,423.7,40,,31400,weekly,2019-6-6T21:00:00.000,options,call
131,1559282820000,427.2,427.2,415.0,415.0,640,,31400,weekly,2019-6-6T21:00:00.000,options,call
132,1559282880000,412.8,412.8,406.35,408.85,720,,31400,weekly,2019-6-6T21:00:00.000,options,call
133,1559282940000,408.05,410.35,408.05,410.35,560,,31400,weekly,2019-6-6T21:00:00.000,options,call
134,1559283000000,412.7,412.7,406.2,406.2,420,,31400,weekly,2019-6-6T21:00:00.000,options,call
135,1559283060000,402.25,402.25,377.05,394.85,4860,,31400,weekly,2019-6-6T21:00:00.000,options,call
136,1559283120000,394.35,397.55,394.35,397.55,100,,31400,weekly,2019-6-6T21:00:00.000,options,call
137,1559283180000,394.75,394.75,386.8,391.0,840,,31400,weekly,2019-6-6T21:00:00.000,options,call
138,1559283240000,388.0,390.35,380.95,380.95,380,,31400,weekly,2019-6-6T21:00:00.000,options,call
139,1559283300000,368.0,374.8,342.8,351.55,4300,,31400,weekly,2019-6-6T21:00:00.000,options,call
140,1559283360000,354.55,358.0,345.0,353.0,1620,,31400,weekly,2019-6-6T21:00:00.000,options,call
141,1559283420000,353.0,362.3,351.8,362.3,1440,,31400,weekly,2019-6-6T21:00:00.000,options,call
142,1559283480000,361.1,365.0,359.0,363.0,500,,31400,weekly,2019-6-6T21:00:00.000,options,call
143,1559283540000,363.0,363.0,350.0,351.45,1180,,31400,weekly,2019-6-6T21:00:00.000,options,call
144,1559283600000,355.0,355.0,322.3,332.8,4160,,31400,weekly,2019-6-6T21:00:00.000,options,call
145,1559283660000,336.05,344.3,333.75,344.3,820,,31400,weekly,2019-6-6T21:00:00.000,options,call
146,1559283720000,343.0,345.0,340.05,340.05,940,,31400,weekly,2019-6-6T21:00:00.000,options,call
147,1559283780000,341.2,342.6,312.05,313.6,4120,,31400,weekly,2019-6-6T21:00:00.000,options,call
148,1559283840000,310.1,316.85,300.25,310.5,4740,,31400,weekly,2019-6-6T21:00:00.000,options,call
149,1559283900000,309.0,311.6,286.3,296.65,5100,,31400,weekly,2019-6-6T21:00:00.000,options,call
150,1559283960000,297.2,305.05,295.3,295.9,3200,,31400,weekly,2019-6-6T21:00:00.000,options,call
151,1559284020000,296.45,296.45,263.95,264.8,10480,,31400,weekly,2019-6-6T21:00:00.000,options,call
152,1559284080000,263.95,274.3,234.1,240.45,17960,,31400,weekly,2019-6-6T21:00:00.000,options,call
153,1559284140000,240.05,240.05,71.05,115.0,48620,,31400,weekly,2019-6-6T21:00:00.000,options,call
154,1559284200000,107.5,250.0,107.5,235.1,33460,,31400,weekly,2019-6-6T21:00:00.000,options,call
155,1559284260000,232.0,243.7,206.25,209.6,16140,,31400,weekly,2019-6-6T21:00:00.000,options,call
156,1559284320000,209.65,242.05,175.0,227.5,16020,,31400,weekly,2019-6-6T21:00:00.000,options,call
157,1559284380000,230.4,249.95,226.2,247.95,11900,,31400,weekly,2019-6-6T21:00:00.000,options,call
158,1559284440000,246.3,286.0,246.3,265.15,20580,,31400,weekly,2019-6-6T21:00:00.000,options,call
159,1559284500000,271.65,271.65,239.95,247.75,21560,,31400,weekly,2019-6-6T21:00:00.000,options,call
160,1559284560000,243.15,243.15,223.2,231.2,27640,,31400,weekly,2019-6-6T21:00:00.000,options,call
161,1559284620000,229.3,263.35,229.3,254.3,24460,,31400,weekly,2019-6-6T21:00:00.000,options,call
162,1559284680000,256.8,264.65,247.3,255.15,19240,,31400,weekly,2019-6-6T21:00:00.000,options,call
163,1559284740000,255.9,267.35,245.65,263.75,12100,,31400,weekly,2019-6-6T21:00:00.000,options,call
164,1559284800000,264.65,281.9,262.0,281.6,14100,,31400,weekly,2019-6-6T21:00:00.000,options,call
165,1559284860000,279.4,285.35,259.2,262.1,16040,,31400,weekly,2019-6-6T21:00:00.000,options,call
166,1559284920000,263.85,263.85,246.3,255.3,15960,,31400,weekly,2019-6-6T21:00:00.000,options,call
167,1559284980000,255.15,257.6,244.9,257.6,10960,,31400,weekly,2019-6-6T21:00:00.000,options,call
168,1559285040000,258.3,274.1,257.45,268.25,9520,,31400,weekly,2019-6-6T21:00:00.000,options,call
169,1559285100000,268.55,270.85,260.65,266.0,7460,,31400,weekly,2019-6-6T21:00:00.000,options,call
170,1559285160000,266.4,276.05,265.85,267.05,8440,,31400,weekly,2019-6-6T21:00:00.000,options,call
171,1559285220000,267.05,281.55,267.05,275.8,17100,,31400,weekly,2019-6-6T21:00:00.000,options,call
172,1559285280000,275.3,283.25,271.55,280.05,15960,,31400,weekly,2019-6-6T21:00:00.000,options,call
173,1559285340000,281.0,304.9,281.0,300.45,25780,,31400,weekly,2019-6-6T21:00:00.000,options,call
174,1559285400000,301.7,302.65,272.8,276.5,11860,,31400,weekly,2019-6-6T21:00:00.000,options,call
175,1559285460000,277.75,279.2,247.85,253.85,18580,,31400,weekly,2019-6-6T21:00:00.000,options,call
176,1559285520000,254.65,268.0,254.65,267.15,11220,,31400,weekly,2019-6-6T21:00:00.000,options,call
177,1559285580000,266.75,268.25,257.75,265.3,8140,,31400,weekly,2019-6-6T21:00:00.000,options,call
178,1559285640000,264.85,266.35,254.2,263.5,9680,,31400,weekly,2019-6-6T21:00:00.000,options,call
179,1559285700000,261.3,265.3,255.05,257.25,9380,,31400,weekly,2019-6-6T21:00:00.000,options,call
180,1559285760000,257.45,261.15,250.15,257.75,6840,,31400,weekly,2019-6-6T21:00:00.000,options,call
181,1559285820000,257.15,262.85,255.8,259.15,4960,,31400,weekly,2019-6-6T21:00:00.000,options,call
182,1559285880000,260.25,273.55,260.25,265.2,13060,,31400,weekly,2019-6-6T21:00:00.000,options,call
183,1559285940000,264.65,272.8,260.25,269.4,9860,,31400,weekly,2019-6-6T21:00:00.000,options,call
184,1559286000000,273.75,279.9,266.45,279.9,6320,,31400,weekly,2019-6-6T21:00:00.000,options,call
185,1559286060000,281.4,281.4,270.75,272.8,7620,,31400,weekly,2019-6-6T21:00:00.000,options,call
186,1559286120000,273.95,276.5,260.1,264.95,11660,,31400,weekly,2019-6-6T21:00:00.000,options,call
187,1559286180000,263.85,265.0,252.65,255.6,7300,,31400,weekly,2019-6-6T21:00:00.000,options,call
188,1559286240000,255.2,259.3,252.25,258.15,3760,,31400,weekly,2019-6-6T21:00:00.000,options,call
189,1559286300000,258.95,261.55,249.2,253.2,9320,,31400,weekly,2019-6-6T21:00:00.000,options,call
190,1559286360000,253.15,264.25,253.15,264.25,5960,,31400,weekly,2019-6-6T21:00:00.000,options,call
191,1559286420000,262.45,264.0,255.1,256.85,8560,,31400,weekly,2019-6-6T21:00:00.000,options,call
192,1559286480000,256.9,263.0,256.9,262.65,4260,,31400,weekly,2019-6-6T21:00:00.000,options,call
193,1559286540000,262.95,268.7,259.1,266.75,9240,,31400,weekly,2019-6-6T21:00:00.000,options,call
194,1559286600000,268.0,272.95,266.0,270.6,4040,,31400,weekly,2019-6-6T21:00:00.000,options,call
195,1559286660000,268.55,270.0,255.0,258.3,6320,,31400,weekly,2019-6-6T21:00:00.000,options,call
196,1559286720000,257.25,261.15,256.1,258.15,2360,,31400,weekly,2019-6-6T21:00:00.000,options,call
197,1559286780000,258.7,262.7,258.7,262.0,4240,,31400,weekly,2019-6-6T21:00:00.000,options,call
198,1559286840000,263.6,268.8,260.85,262.85,5960,,31400,weekly,2019-6-6T21:00:00.000,options,call
199,1559286900000,263.0,267.3,261.85,266.65,3420,,31400,weekly,2019-6-6T21:00:00.000,options,call
200,1559286960000,267.1,271.0,267.0,270.15,5180,,31400,weekly,2019-6-6T21:00:00.000,options,call
201,1559287020000,270.0,276.3,268.45,272.75,7640,,31400,weekly,2019-6-6T21:00:00.000,options,call
202,1559287080000,273.7,275.0,266.3,266.75,9880,,31400,weekly,2019-6-6T21:00:00.000,options,call
203,1559287140000,266.75,292.75,266.75,292.75,15280,,31400,weekly,2019-6-6T21:00:00.000,options,call
204,1559287200000,286.9,315.25,278.95,311.4,21760,,31400,weekly,2019-6-6T21:00:00.000,options,call
205,1559287260000,309.85,317.4,276.75,276.75,21380,,31400,weekly,2019-6-6T21:00:00.000,options,call
206,1559287320000,272.35,273.2,250.65,251.6,27200,,31400,weekly,2019-6-6T21:00:00.000,options,call
207,1559287380000,252.5,252.5,208.95,243.55,37580,,31400,weekly,2019-6-6T21:00:00.000,options,call
208,1559287440000,244.6,250.5,231.7,242.1,19640,,31400,weekly,2019-6-6T21:00:00.000,options,call
209,1559287500000,240.5,251.45,237.2,246.65,18860,,31400,weekly,2019-6-6T21:00:00.000,options,call
210,1559287560000,247.25,263.3,242.15,261.25,12560,,31400,weekly,2019-6-6T21:00:00.000,options,call
211,1559287620000,260.0,263.4,254.0,262.65,12040,,31400,weekly,2019-6-6T21:00:00.000,options,call
212,1559287680000,262.25,264.75,248.9,249.15,10340,,31400,weekly,2019-6-6T21:00:00.000,options,call
213,1559287740000,246.0,255.15,241.4,247.4,10400,,31400,weekly,2019-6-6T21:00:00.000,options,call
214,1559287800000,246.75,265.0,246.75,258.15,8480,,31400,weekly,2019-6-6T21:00:00.000,options,call
215,1559287860000,258.65,271.5,257.7,267.65,10700,,31400,weekly,2019-6-6T21:00:00.000,options,call
216,1559287920000,266.2,270.0,258.65,260.1,6520,,31400,weekly,2019-6-6T21:00:00.000,options,call
217,1559287980000,258.75,263.25,258.05,261.4,4100,,31400,weekly,2019-6-6T21:00:00.000,options,call
218,1559288040000,262.8,267.8,261.45,267.7,5580,,31400,weekly,2019-6-6T21:00:00.000,options,call
219,1559288100000,269.5,284.7,267.95,276.45,18020,,31400,weekly,2019-6-6T21:00:00.000,options,call
220,1559288160000,277.0,279.2,270.0,270.0,4980,,31400,weekly,2019-6-6T21:00:00.000,options,call
221,1559288220000,264.75,269.65,256.55,258.65,5020,,31400,weekly,2019-6-6T21:00:00.000,options,call
222,1559288280000,259.1,264.65,257.35,261.55,7900,,31400,weekly,2019-6-6T21:00:00.000,options,call
223,1559288340000,262.3,273.35,261.7,271.4,8460,,31400,weekly,2019-6-6T21:00:00.000,options,call
224,1559288400000,271.35,279.0,271.35,276.05,8020,,31400,weekly,2019-6-6T21:00:00.000,options,call
225,1559288460000,277.6,277.6,260.95,264.15,8300,,31400,weekly,2019-6-6T21:00:00.000,options,call
226,1559288520000,265.15,275.0,265.15,272.7,5700,,31400,weekly,2019-6-6T21:00:00.000,options,call
227,1559288580000,272.6,276.0,269.0,269.0,6820,,31400,weekly,2019-6-6T21:00:00.000,options,call
228,1559288640000,269.0,276.4,267.6,271.8,5920,,31400,weekly,2019-6-6T21:00:00.000,options,call
229,1559288700000,269.6,270.65,261.8,261.8,4600,,31400,weekly,2019-6-6T21:00:00.000,options,call
230,1559288760000,264.6,264.6,249.2,255.45,11260,,31400,weekly,2019-6-6T21:00:00.000,options,call
231,1559288820000,256.15,262.95,254.4,254.7,4120,,31400,weekly,2019-6-6T21:00:00.000,options,call
232,1559288880000,255.0,258.5,243.5,245.4,5900,,31400,weekly,2019-6-6T21:00:00.000,options,call
233,1559288940000,245.0,246.1,238.45,242.9,7160,,31400,weekly,2019-6-6T21:00:00.000,options,call
234,1559289000000,243.2,244.55,218.6,227.15,20660,,31400,weekly,2019-6-6T21:00:00.000,options,call
235,1559289060000,228.1,231.1,205.2,219.4,16540,,31400,weekly,2019-6-6T21:00:00.000,options,call
236,1559289120000,220.0,221.3,211.45,212.6,12560,,31400,weekly,2019-6-6T21:00:00.000,options,call
237,1559289180000,213.25,217.15,205.7,211.8,13200,,31400,weekly,2019-6-6T21:00:00.000,options,call
238,1559289240000,216.35,226.0,215.85,217.4,11860,,31400,weekly,2019-6-6T21:00:00.000,options,call
239,1559289300000,213.1,222.2,208.55,215.45,6840,,31400,weekly,2019-6-6T21:00:00.000,options,call
240,1559289360000,215.05,223.35,215.05,218.35,6760,,31400,weekly,2019-6-6T21:00:00.000,options,call
241,1559289420000,218.8,219.05,211.4,215.6,6460,,31400,weekly,2019-6-6T21:00:00.000,options,call
242,1559289480000,217.6,223.9,211.9,223.9,8600,,31400,weekly,2019-6-6T21:00:00.000,options,call
243,1559289540000,223.2,228.4,218.3,221.25,10340,,31400,weekly,2019-6-6T21:00:00.000,options,call
244,1559289600000,222.1,225.0,216.35,217.75,5800,,31400,weekly,2019-6-6T21:00:00.000,options,call
245,1559289660000,218.95,222.8,217.5,222.55,4600,,31400,weekly,2019-6-6T21:00:00.000,options,call
246,1559289720000,221.0,221.0,198.0,200.0,15000,,31400,weekly,2019-6-6T21:00:00.000,options,call
247,1559289780000,196.45,202.95,193.0,199.2,8260,,31400,weekly,2019-6-6T21:00:00.000,options,call
248,1559289840000,201.9,209.35,200.0,206.4,6360,,31400,weekly,2019-6-6T21:00:00.000,options,call
249,1559289900000,208.5,213.05,207.2,209.25,8140,,31400,weekly,2019-6-6T21:00:00.000,options,call
250,1559289960000,208.35,210.0,202.95,206.2,3140,,31400,weekly,2019-6-6T21:00:00.000,options,call
251,1559290020000,206.2,225.0,206.1,223.75,7840,,31400,weekly,2019-6-6T21:00:00.000,options,call
252,1559290080000,222.45,222.95,212.8,212.8,6380,,31400,weekly,2019-6-6T21:00:00.000,options,call
253,1559290140000,213.7,214.3,201.4,204.25,6660,,31400,weekly,2019-6-6T21:00:00.000,options,call
254,1559290200000,205.4,209.5,203.45,203.45,3260,,31400,weekly,2019-6-6T21:00:00.000,options,call
255,1559290260000,204.6,210.0,200.0,208.7,5780,,31400,weekly,2019-6-6T21:00:00.000,options,call
256,1559290320000,208.85,215.1,208.3,210.95,7560,,31400,weekly,2019-6-6T21:00:00.000,options,call
257,1559290380000,213.7,217.35,211.2,212.8,3520,,31400,weekly,2019-6-6T21:00:00.000,options,call
258,1559290440000,211.0,218.7,208.05,214.9,6960,,31400,weekly,2019-6-6T21:00:00.000,options,call
259,1559290500000,214.1,219.6,213.85,217.4,7180,,31400,weekly,2019-6-6T21:00:00.000,options,call
260,1559290560000,216.95,236.05,212.05,230.0,14660,,31400,weekly,2019-6-6T21:00:00.000,options,call
261,1559290620000,229.25,236.65,226.4,234.45,9640,,31400,weekly,2019-6-6T21:00:00.000,options,call
262,1559290680000,233.05,233.05,224.1,225.3,5760,,31400,weekly,2019-6-6T21:00:00.000,options,call
263,1559290740000,225.0,234.9,225.0,230.3,9660,,31400,weekly,2019-6-6T21:00:00.000,options,call
264,1559290800000,228.75,248.0,227.45,241.2,12940,,31400,weekly,2019-6-6T21:00:00.000,options,call
265,1559290860000,240.5,241.5,231.3,231.3,9920,,31400,weekly,2019-6-6T21:00:00.000,options,call
266,1559290920000,233.1,247.6,230.45,247.6,6620,,31400,weekly,2019-6-6T21:00:00.000,options,call
267,1559290980000,248.55,248.9,238.95,243.7,21120,,31400,weekly,2019-6-6T21:00:00.000,options,call
268,1559291040000,243.5,245.85,233.25,235.8,8500,,31400,weekly,2019-6-6T21:00:00.000,options,call
269,1559291100000,236.8,238.45,223.45,225.4,8340,,31400,weekly,2019-6-6T21:00:00.000,options,call
270,1559291160000,226.35,229.0,224.95,228.8,5040,,31400,weekly,2019-6-6T21:00:00.000,options,call
271,1559291220000,228.0,232.0,218.1,218.1,6900,,31400,weekly,2019-6-6T21:00:00.000,options,call
272,1559291280000,216.9,220.25,207.75,211.95,7660,,31400,weekly,2019-6-6T21:00:00.000,options,call
273,1559291340000,208.7,213.3,205.1,212.65,11760,,31400,weekly,2019-6-6T21:00:00.000,options,call
274,1559291400000,211.25,227.0,211.25,225.4,7880,,31400,weekly,2019-6-6T21:00:00.000,options,call
275,1559291460000,224.15,225.0,217.9,220.55,7240,,31400,weekly,2019-6-6T21:00:00.000,options,call
276,1559291520000,222.85,231.95,219.25,230.2,7780,,31400,weekly,2019-6-6T21:00:00.000,options,call
277,1559291580000,229.4,239.25,227.95,232.05,11260,,31400,weekly,2019-6-6T21:00:00.000,options,call
278,1559291640000,232.7,232.7,227.05,227.4,5080,,31400,weekly,2019-6-6T21:00:00.000,options,call
279,1559291700000,228.4,234.65,228.4,229.15,3060,,31400,weekly,2019-6-6T21:00:00.000,options,call
280,1559291760000,228.15,240.05,227.55,235.0,6600,,31400,weekly,2019-6-6T21:00:00.000,options,call
281,1559291820000,235.4,235.4,228.8,233.35,1700,,31400,weekly,2019-6-6T21:00:00.000,options,call
282,1559291880000,235.85,237.1,229.85,230.5,3860,,31400,weekly,2019-6-6T21:00:00.000,options,call
283,1559291940000,231.35,232.6,214.45,217.6,10560,,31400,weekly,2019-6-6T21:00:00.000,options,call
284,1559292000000,217.85,224.3,215.0,215.65,4740,,31400,weekly,2019-6-6T21:00:00.000,options,call
285,1559292060000,215.6,219.6,210.4,219.6,5400,,31400,weekly,2019-6-6T21:00:00.000,options,call
286,1559292120000,220.9,223.05,219.9,220.95,3700,,31400,weekly,2019-6-6T21:00:00.000,options,call
287,1559292180000,220.0,225.75,213.95,213.95,5420,,31400,weekly,2019-6-6T21:00:00.000,options,call
288,1559292240000,215.0,215.0,206.65,209.0,7140,,31400,weekly,2019-6-6T21:00:00.000,options,call
289,1559292300000,206.5,207.1,198.1,206.45,11440,,31400,weekly,2019-6-6T21:00:00.000,options,call
290,1559292360000,206.4,212.9,206.15,212.0,2360,,31400,weekly,2019-6-6T21:00:00.000,options,call
291,1559292420000,213.4,213.4,198.65,206.1,11040,,31400,weekly,2019-6-6T21:00:00.000,options,call
292,1559292480000,205.65,208.0,200.0,202.25,4960,,31400,weekly,2019-6-6T21:00:00.000,options,call
293,1559292540000,200.0,200.0,187.45,196.1,10640,,31400,weekly,2019-6-6T21:00:00.000,options,call
294,1559292600000,196.15,200.45,191.0,199.85,6040,,31400,weekly,2019-6-6T21:00:00.000,options,call
295,1559292660000,200.85,206.35,199.95,205.1,5740,,31400,weekly,2019-6-6T21:00:00.000,options,call
296,1559292720000,205.0,206.1,187.7,190.45,10820,,31400,weekly,2019-6-6T21:00:00.000,options,call
297,1559292780000,190.25,190.65,172.4,184.0,17260,,31400,weekly,2019-6-6T21:00:00.000,options,call
298,1559292840000,183.1,189.9,182.4,189.75,5780,,31400,weekly,2019-6-6T21:00:00.000,options,call
299,1559292900000,192.75,194.4,183.0,187.25,6100,,31400,weekly,2019-6-6T21:00:00.000,options,call
300,1559292960000,189.35,189.35,182.0,185.4,7600,,31400,weekly,2019-6-6T21:00:00.000,options,call
301,1559293020000,186.85,190.2,183.4,188.8,3600,,31400,weekly,2019-6-6T21:00:00.000,options,call
302,1559293080000,185.85,187.55,183.0,185.35,11920,,31400,weekly,2019-6-6T21:00:00.000,options,call
303,1559293140000,186.45,194.0,186.1,190.55,7740,,31400,weekly,2019-6-6T21:00:00.000,options,call
304,1559293200000,190.6,191.5,185.0,188.15,3160,,31400,weekly,2019-6-6T21:00:00.000,options,call
305,1559293260000,188.9,192.0,186.55,187.4,2900,,31400,weekly,2019-6-6T21:00:00.000,options,call
306,1559293320000,186.55,192.85,182.0,191.8,5900,,31400,weekly,2019-6-6T21:00:00.000,options,call
307,1559293380000,193.05,193.05,188.15,188.75,2840,,31400,weekly,2019-6-6T21:00:00.000,options,call
308,1559293440000,188.5,207.85,188.5,204.2,14660,,31400,weekly,2019-6-6T21:00:00.000,options,call
309,1559293500000,205.05,218.65,205.05,211.7,19800,,31400,weekly,2019-6-6T21:00:00.000,options,call
310,1559293560000,211.9,213.25,205.45,206.4,6160,,31400,weekly,2019-6-6T21:00:00.000,options,call
311,1559293620000,206.9,207.8,198.0,204.3,5500,,31400,weekly,2019-6-6T21:00:00.000,options,call
312,1559293680000,202.1,205.95,200.0,203.75,4360,,31400,weekly,2019-6-6T21:00:00.000,options,call
313,1559293740000,204.2,215.3,202.95,213.6,4420,,31400,weekly,2019-6-6T21:00:00.000,options,call
314,1559293800000,213.65,227.65,212.0,226.9,17060,,31400,weekly,2019-6-6T21:00:00.000,options,call
315,1559293860000,228.7,242.4,226.5,228.95,21360,,31400,weekly,2019-6-6T21:00:00.000,options,call
316,1559293920000,227.95,229.35,219.3,221.95,9980,,31400,weekly,2019-6-6T21:00:00.000,options,call
317,1559293980000,222.0,226.55,216.45,217.1,10880,,31400,weekly,2019-6-6T21:00:00.000,options,call
318,1559294040000,215.8,218.1,200.85,206.7,7340,,31400,weekly,2019-6-6T21:00:00.000,options,call
319,1559294100000,205.35,214.65,202.25,213.45,8120,,31400,weekly,2019-6-6T21:00:00.000,options,call
320,1559294160000,214.95,228.2,214.95,221.4,17440,,31400,weekly,2019-6-6T21:00:00.000,options,call
321,1559294220000,220.0,231.05,219.55,223.8,11980,,31400,weekly,2019-6-6T21:00:00.000,options,call
322,1559294280000,222.7,222.7,207.6,209.0,10680,,31400,weekly,2019-6-6T21:00:00.000,options,call
323,1559294340000,207.9,215.0,207.2,208.1,6760,,31400,weekly,2019-6-6T21:00:00.000,options,call
324,1559294400000,211.75,216.45,207.8,214.9,3880,,31400,weekly,2019-6-6T21:00:00.000,options,call
325,1559294460000,215.5,216.7,208.1,211.1,5320,,31400,weekly,2019-6-6T21:00:00.000,options,call
326,1559294520000,211.5,211.9,205.85,209.15,6160,,31400,weekly,2019-6-6T21:00:00.000,options,call
327,1559294580000,205.8,217.0,205.8,215.75,4680,,31400,weekly,2019-6-6T21:00:00.000,options,call
328,1559294640000,218.85,218.85,194.25,197.25,18400,,31400,weekly,2019-6-6T21:00:00.000,options,call
329,1559294700000,198.0,198.0,189.7,194.9,10840,,31400,weekly,2019-6-6T21:00:00.000,options,call
330,1559294760000,194.35,203.45,192.75,201.9,7500,,31400,weekly,2019-6-6T21:00:00.000,options,call
331,1559294820000,200.0,205.75,198.25,199.45,7400,,31400,weekly,2019-6-6T21:00:00.000,options,call
332,1559294880000,200.75,202.2,192.75,198.25,8740,,31400,weekly,2019-6-6T21:00:00.000,options,call
333,1559294940000,197.45,226.95,197.45,217.85,24180,,31400,weekly,2019-6-6T21:00:00.000,options,call
334,1559295000000,220.1,221.65,210.05,214.0,17880,,31400,weekly,2019-6-6T21:00:00.000,options,call
335,1559295060000,212.65,215.0,199.95,205.7,16840,,31400,weekly,2019-6-6T21:00:00.000,options,call
336,1559295120000,205.55,211.4,205.0,208.85,14040,,31400,weekly,2019-6-6T21:00:00.000,options,call
337,1559295180000,208.8,218.05,207.4,217.75,20480,,31400,weekly,2019-6-6T21:00:00.000,options,call
338,1559295240000,220.1,221.05,209.2,210.0,10800,,31400,weekly,2019-6-6T21:00:00.000,options,call
339,1559295300000,211.4,214.3,200.8,204.3,15160,,31400,weekly,2019-6-6T21:00:00.000,options,call
340,1559295360000,202.5,211.0,202.5,211.0,6560,,31400,weekly,2019-6-6T21:00:00.000,options,call
341,1559295420000,210.5,210.5,202.65,206.05,4680,,31400,weekly,2019-6-6T21:00:00.000,options,call
342,1559295480000,206.55,210.9,204.0,210.9,8180,,31400,weekly,2019-6-6T21:00:00.000,options,call
343,1559295540000,212.0,212.0,205.6,207.25,3760,,31400,weekly,2019-6-6T21:00:00.000,options,call
344,1559295600000,205.0,212.95,204.1,212.95,8100,,31400,weekly,2019-6-6T21:00:00.000,options,call
345,1559295660000,212.1,212.75,205.8,206.0,5620,,31400,weekly,2019-6-6T21:00:00.000,options,call
346,1559295720000,205.25,212.15,205.25,210.55,5980,,31400,weekly,2019-6-6T21:00:00.000,options,call
347,1559295780000,208.85,213.0,208.55,210.3,8060,,31400,weekly,2019-6-6T21:00:00.000,options,call
348,1559295840000,208.25,224.6,208.25,223.8,15260,,31400,weekly,2019-6-6T21:00:00.000,options,call
349,1559295900000,225.0,229.0,219.75,221.55,15820,,31400,weekly,2019-6-6T21:00:00.000,options,call
350,1559295960000,220.55,226.3,220.0,224.75,9680,,31400,weekly,2019-6-6T21:00:00.000,options,call
351,1559296020000,224.75,226.75,217.2,218.05,8140,,31400,weekly,2019-6-6T21:00:00.000,options,call
352,1559296080000,217.0,218.0,211.35,216.3,10740,,31400,weekly,2019-6-6T21:00:00.000,options,call
353,1559296140000,217.95,217.95,211.9,214.75,6600,,31400,weekly,2019-6-6T21:00:00.000,options,call
354,1559296200000,213.75,221.0,213.75,220.0,17520,,31400,weekly,2019-6-6T21:00:00.000,options,call
355,1559296260000,219.55,222.05,218.55,218.55,16940,,31400,weekly,2019-6-6T21:00:00.000,options,call
356,1559296320000,218.85,222.3,217.75,221.2,16600,,31400,weekly,2019-6-6T21:00:00.000,options,call
357,1559296380000,220.7,223.9,220.05,221.85,10120,,31400,weekly,2019-6-6T21:00:00.000,options,call
358,1559296440000,221.8,222.3,217.45,217.45,11240,,31400,weekly,2019-6-6T21:00:00.000,options,call
359,1559296500000,217.0,217.9,212.4,212.8,12340,,31400,weekly,2019-6-6T21:00:00.000,options,call
360,1559296560000,211.85,212.2,205.75,205.75,12720,,31400,weekly,2019-6-6T21:00:00.000,options,call
361,1559296620000,205.45,206.1,203.3,203.95,10040,,31400,weekly,2019-6-6T21:00:00.000,options,call
362,1559296680000,204.0,205.6,200.0,200.0,7240,,31400,weekly,2019-6-6T21:00:00.000,options,call
363,1559296740000,204.0,214.1,200.0,214.1,0,,31400,weekly,2019-6-6T21:00:00.000,options,call
