,timestamp,open,high,low,close,volume,open_interest,strike,expiry_type,expiry,instrument,contract_type
0,1595495700000,99.3,99.3,72.0,83.2,13650,,24000,weekly,2020-7-30T21:00:00.000,options,call
1,1595495760000,82.3,92.5,82.0,91.0,9475,,24000,weekly,2020-7-30T21:00:00.000,options,call
2,1595495820000,91.0,100.95,89.55,99.0,9200,,24000,weekly,2020-7-30T21:00:00.000,options,call
3,1595495880000,99.0,101.95,97.1,100.05,5650,,24000,weekly,2020-7-30T21:00:00.000,options,call
4,1595495940000,100.0,100.1,96.8,97.55,6475,,24000,weekly,2020-7-30T21:00:00.000,options,call
5,1595496000000,97.3,100.0,95.35,97.25,8200,,24000,weekly,2020-7-30T21:00:00.000,options,call
6,1595496060000,97.55,98.6,93.0,94.1,5925,,24000,weekly,2020-7-30T21:00:00.000,options,call
7,1595496120000,94.2,97.0,92.6,93.35,9700,,24000,weekly,2020-7-30T21:00:00.000,options,call
8,1595496180000,92.6,94.85,91.45,94.15,5825,,24000,weekly,2020-7-30T21:00:00.000,options,call
9,1595496240000,93.4,95.0,89.95,91.7,8575,,24000,weekly,2020-7-30T21:00:00.000,options,call
10,1595496300000,90.5,90.95,87.35,90.7,9550,,24000,weekly,2020-7-30T21:00:00.000,options,call
11,1595496360000,90.0,91.3,89.25,90.0,6025,,24000,weekly,2020-7-30T21:00:00.000,options,call
12,1595496420000,90.05,92.4,90.05,92.4,5975,,24000,weekly,2020-7-30T21:00:00.000,options,call
13,1595496480000,92.5,93.0,89.45,93.0,7325,,24000,weekly,2020-7-30T21:00:00.000,options,call
14,1595496540000,93.9,95.2,92.05,93.6,3850,,24000,weekly,2020-7-30T21:00:00.000,options,call
15,1595496600000,93.6,94.15,91.7,92.65,2175,,24000,weekly,2020-7-30T21:00:00.000,options,call
16,1595496660000,92.65,92.65,87.5,88.0,4400,,24000,weekly,2020-7-30T21:00:00.000,options,call
17,1595496720000,88.75,89.55,87.0,88.95,8200,,24000,weekly,2020-7-30T21:00:00.000,options,call
18,1595496780000,88.35,89.0,86.75,87.7,3325,,24000,weekly,2020-7-30T21:00:00.000,options,call
19,1595496840000,87.7,88.85,85.2,88.7,4050,,24000,weekly,2020-7-30T21:00:00.000,options,call
20,1595496900000,88.35,90.25,87.35,90.25,5325,,24000,weekly,2020-7-30T21:00:00.000,options,call
21,1595496960000,89.9,90.5,89.0,89.05,6575,,24000,weekly,2020-7-30T21:00:00.000,options,call
22,1595497020000,89.6,90.15,87.6,89.25,2075,,24000,weekly,2020-7-30T21:00:00.000,options,call
23,1595497080000,89.55,91.75,88.2,88.2,4775,,24000,weekly,2020-7-30T21:00:00.000,options,call
24,1595497140000,87.7,87.7,84.9,85.3,8525,,24000,weekly,2020-7-30T21:00:00.000,options,call
25,1595497200000,85.6,85.6,84.15,84.75,3800,,24000,weekly,2020-7-30T21:00:00.000,options,call
26,1595497260000,84.65,87.15,84.25,87.15,3125,,24000,weekly,2020-7-30T21:00:00.000,options,call
27,1595497320000,87.0,87.25,86.3,87.0,1375,,24000,weekly,2020-7-30T21:00:00.000,options,call
28,1595497380000,87.2,91.4,86.95,89.7,4350,,24000,weekly,2020-7-30T21:00:00.000,options,call
29,1595497440000,89.9,90.15,88.45,89.45,7325,,24000,weekly,2020-7-30T21:00:00.000,options,call
30,1595497500000,88.15,88.3,86.2,87.0,2525,,24000,weekly,2020-7-30T21:00:00.000,options,call
31,1595497560000,87.0,87.15,86.2,86.35,1250,,24000,weekly,2020-7-30T21:00:00.000,options,call
32,1595497620000,85.8,86.95,85.0,85.95,7700,,24000,weekly,2020-7-30T21:00:00.000,options,call
33,1595497680000,85.85,87.7,85.45,86.0,4725,,24000,weekly,2020-7-30T21:00:00.000,options,call
34,1595497740000,86.1,86.1,82.9,83.25,3400,,24000,weekly,2020-7-30T21:00:00.000,options,call
35,1595497800000,83.25,85.0,82.25,82.25,2700,,24000,weekly,2020-7-30T21:00:00.000,options,call
36,1595497860000,82.0,82.0,79.45,80.8,9725,,24000,weekly,2020-7-30T21:00:00.000,options,call
37,1595497920000,80.55,82.05,79.0,79.1,5925,,24000,weekly,2020-7-30T21:00:00.000,options,call
38,1595497980000,79.1,79.8,78.1,79.2,5800,,24000,weekly,2020-7-30T21:00:00.000,options,call
39,1595498040000,79.2,80.0,78.4,78.95,3300,,24000,weekly,2020-7-30T21:00:00.000,options,call
40,1595498100000,78.7,80.0,77.2,80.0,6000,,24000,weekly,2020-7-30T21:00:00.000,options,call
41,1595498160000,80.0,81.45,79.3,80.3,4425,,24000,weekly,2020-7-30T21:00:00.000,options,call
42,1595498220000,80.3,81.4,79.8,80.55,3025,,24000,weekly,2020-7-30T21:00:00.000,options,call
43,1595498280000,80.55,81.4,79.9,81.3,1575,,24000,weekly,2020-7-30T21:00:00.000,options,call
44,1595498340000,81.3,81.85,78.05,78.05,2825,,24000,weekly,2020-7-30T21:00:00.000,options,call
45,1595498400000,78.45,78.95,77.6,78.75,2550,,24000,weekly,2020-7-30T21:00:00.000,options,call
46,1595498460000,78.75,79.0,77.15,79.0,3000,,24000,weekly,2020-7-30T21:00:00.000,options,call
47,1595498520000,79.5,79.7,77.7,78.05,2275,,24000,weekly,2020-7-30T21:00:00.000,options,call
48,1595498580000,77.5,78.9,77.05,77.95,2625,,24000,weekly,2020-7-30T21:00:00.000,options,call
49,1595498640000,78.45,79.4,78.1,78.5,1575,,24000,weekly,2020-7-30T21:00:00.000,options,call
50,1595498700000,79.2,81.0,78.6,79.15,3550,,24000,weekly,2020-7-30T21:00:00.000,options,call
51,1595498760000,79.3,79.7,78.5,79.65,2575,,24000,weekly,2020-7-30T21:00:00.000,options,call
52,1595498820000,79.55,79.65,78.2,78.2,3250,,24000,weekly,2020-7-30T21:00:00.000,options,call
53,1595498880000,78.95,78.95,78.2,78.5,1250,,24000,weekly,2020-7-30T21:00:00.000,options,call
54,1595498940000,81.0,81.4,80.45,80.45,725,,24000,weekly,2020-7-30T21:00:00.000,options,call
55,1595499000000,79.0,79.7,78.25,78.55,2225,,24000,weekly,2020-7-30T21:00:00.000,options,call
56,1595499060000,78.0,78.0,76.25,76.25,2975,,24000,weekly,2020-7-30T21:00:00.000,options,call
57,1595499120000,76.2,77.1,76.0,76.55,1375,,24000,weekly,2020-7-30T21:00:00.000,options,call
58,1595499180000,77.0,78.0,77.0,78.0,1550,,24000,weekly,2020-7-30T21:00:00.000,options,call
59,1595499240000,79.0,79.3,78.4,78.7,450,,24000,weekly,2020-7-30T21:00:00.000,options,call
60,1595499300000,79.55,80.8,79.35,80.7,1300,,24000,weekly,2020-7-30T21:00:00.000,options,call
61,1595499360000,81.95,82.4,81.95,82.3,275,,24000,weekly,2020-7-30T21:00:00.000,options,call
62,1595499420000,83.95,83.95,81.85,81.85,1375,,24000,weekly,2020-7-30T21:00:00.000,options,call
63,1595499480000,82.3,82.4,81.85,81.85,550,,24000,weekly,2020-7-30T21:00:00.000,options,call
64,1595499540000,80.85,81.55,80.45,81.55,1275,,24000,weekly,2020-7-30T21:00:00.000,options,call
65,1595499600000,83.0,83.25,81.45,81.45,2400,,24000,weekly,2020-7-30T21:00:00.000,options,call
66,1595499660000,81.2,81.7,80.4,81.1,3425,,24000,weekly,2020-7-30T21:00:00.000,options,call
67,1595499720000,81.55,83.35,81.45,82.9,3400,,24000,weekly,2020-7-30T21:00:00.000,options,call
68,1595499780000,82.2,82.85,81.65,82.85,1175,,24000,weekly,2020-7-30T21:00:00.000,options,call
69,1595499840000,82.75,84.5,82.6,83.5,3050,,24000,weekly,2020-7-30T21:00:00.000,options,call
70,1595499900000,83.55,84.15,82.1,82.9,2725,,24000,weekly,2020-7-30T21:00:00.000,options,call
71,1595499960000,83.4,83.9,82.4,82.55,3075,,24000,weekly,2020-7-30T21:00:00.000,options,call
72,1595500020000,82.5,82.85,81.3,82.05,3050,,24000,weekly,2020-7-30T21:00:00.000,options,call
73,1595500080000,82.1,84.1,81.9,83.7,1700,,24000,weekly,2020-7-30T21:00:00.000,options,call
74,1595500140000,83.75,84.7,83.1,84.1,3700,,24000,weekly,2020-7-30T21:00:00.000,options,call
75,1595500200000,84.1,87.3,84.1,86.8,5500,,24000,weekly,2020-7-30T21:00:00.000,options,call
76,1595500260000,86.8,88.3,86.35,88.1,4075,,24000,weekly,2020-7-30T21:00:00.000,options,call
77,1595500320000,88.1,89.15,86.25,87.1,3800,,24000,weekly,2020-7-30T21:00:00.000,options,call
78,1595500380000,86.6,87.5,86.15,87.1,2575,,24000,weekly,2020-7-30T21:00:00.000,options,call
79,1595500440000,87.1,87.1,85.85,85.85,2850,,24000,weekly,2020-7-30T21:00:00.000,options,call
80,1595500500000,86.1,86.1,84.3,85.05,1450,,24000,weekly,2020-7-30T21:00:00.000,options,call
81,1595500560000,85.0,86.3,83.45,85.6,1825,,24000,weekly,2020-7-30T21:00:00.000,options,call
82,1595500620000,85.2,86.55,85.2,85.7,475,,24000,weekly,2020-7-30T21:00:00.000,options,call
83,1595500680000,85.95,86.55,85.65,86.35,825,,24000,weekly,2020-7-30T21:00:00.000,options,call
84,1595500740000,86.35,87.25,86.0,87.05,825,,24000,weekly,2020-7-30T21:00:00.000,options,call
85,1595500800000,86.8,87.5,85.5,85.5,1475,,24000,weekly,2020-7-30T21:00:00.000,options,call
86,1595500860000,85.95,86.0,84.55,84.55,1100,,24000,weekly,2020-7-30T21:00:00.000,options,call
87,1595500920000,84.55,86.2,84.3,85.95,2575,,24000,weekly,2020-7-30T21:00:00.000,options,call
88,1595500980000,85.95,86.75,85.3,86.3,1625,,24000,weekly,2020-7-30T21:00:00.000,options,call
89,1595501040000,85.65,87.05,85.6,86.0,3600,,24000,weekly,2020-7-30T21:00:00.000,options,call
90,1595501100000,86.0,87.15,85.95,86.85,3775,,24000,weekly,2020-7-30T21:00:00.000,options,call
91,1595501160000,86.8,87.0,83.55,83.55,3175,,24000,weekly,2020-7-30T21:00:00.000,options,call
92,1595501220000,83.7,84.4,82.05,82.5,3075,,24000,weekly,2020-7-30T21:00:00.000,options,call
93,1595501280000,82.15,84.65,82.15,84.2,4400,,24000,weekly,2020-7-30T21:00:00.000,options,call
94,1595501340000,84.25,85.4,83.8,85.0,4075,,24000,weekly,2020-7-30T21:00:00.000,options,call
95,1595501400000,85.75,86.5,85.45,86.0,1900,,24000,weekly,2020-7-30T21:00:00.000,options,call
96,1595501460000,86.0,86.75,84.65,84.95,875,,24000,weekly,2020-7-30T21:00:00.000,options,call
97,1595501520000,85.05,85.05,83.0,83.55,2475,,24000,weekly,2020-7-30T21:00:00.000,options,call
98,1595501580000,83.55,84.8,83.45,83.55,825,,24000,weekly,2020-7-30T21:00:00.000,options,call
99,1595501640000,83.55,85.25,82.5,84.85,1875,,24000,weekly,2020-7-30T21:00:00.000,options,call
100,1595501700000,85.0,85.85,84.85,85.15,625,,24000,weekly,2020-7-30T21:00:00.000,options,call
101,1595501760000,85.15,86.0,85.0,86.0,2300,,24000,weekly,2020-7-30T21:00:00.000,options,call
102,1595501820000,85.95,86.1,85.2,85.2,1150,,24000,weekly,2020-7-30T21:00:00.000,options,call
103,1595501880000,85.2,86.35,85.2,85.8,1550,,24000,weekly,2020-7-30T21:00:00.000,options,call
104,1595501940000,85.8,85.8,84.6,85.45,2875,,24000,weekly,2020-7-30T21:00:00.000,options,call
105,1595502000000,85.85,90.55,85.85,89.4,11275,,24000,weekly,2020-7-30T21:00:00.000,options,call
106,1595502060000,90.3,93.65,89.15,90.8,15700,,24000,weekly,2020-7-30T21:00:00.000,options,call
107,1595502120000,91.25,91.25,88.05,89.35,7900,,24000,weekly,2020-7-30T21:00:00.000,options,call
108,1595502180000,89.35,89.95,88.55,89.4,2175,,24000,weekly,2020-7-30T21:00:00.000,options,call
109,1595502240000,89.1,91.6,88.9,91.6,2000,,24000,weekly,2020-7-30T21:00:00.000,options,call
110,1595502300000,91.65,92.85,89.35,89.85,6225,,24000,weekly,2020-7-30T21:00:00.000,options,call
111,1595502360000,90.05,90.05,88.65,89.55,1975,,24000,weekly,2020-7-30T21:00:00.000,options,call
112,1595502420000,90.0,92.0,90.0,91.7,2825,,24000,weekly,2020-7-30T21:00:00.000,options,call
113,1595502480000,92.0,92.05,90.0,91.8,4550,,24000,weekly,2020-7-30T21:00:00.000,options,call
114,1595502540000,91.7,94.8,91.25,91.7,3575,,24000,weekly,2020-7-30T21:00:00.000,options,call
115,1595502600000,91.7,92.55,90.65,91.0,2125,,24000,weekly,2020-7-30T21:00:00.000,options,call
116,1595502660000,90.6,91.55,90.5,91.55,2575,,24000,weekly,2020-7-30T21:00:00.000,options,call
117,1595502720000,92.05,92.65,91.0,91.65,1375,,24000,weekly,2020-7-30T21:00:00.000,options,call
118,1595502780000,91.6,91.95,89.6,90.8,3125,,24000,weekly,2020-7-30T21:00:00.000,options,call
119,1595502840000,90.8,95.7,90.8,94.65,7575,,24000,weekly,2020-7-30T21:00:00.000,options,call
120,1595502900000,94.25,97.3,92.25,92.35,4150,,24000,weekly,2020-7-30T21:00:00.000,options,call
121,1595502960000,90.4,92.95,90.4,92.95,3325,,24000,weekly,2020-7-30T21:00:00.000,options,call
122,1595503020000,92.95,93.8,92.55,93.55,3025,,24000,weekly,2020-7-30T21:00:00.000,options,call
123,1595503080000,93.55,93.95,92.4,92.4,4150,,24000,weekly,2020-7-30T21:00:00.000,options,call
124,1595503140000,93.1,93.1,90.85,91.75,5100,,24000,weekly,2020-7-30T21:00:00.000,options,call
125,1595503200000,91.9,92.05,90.0,90.25,4300,,24000,weekly,2020-7-30T21:00:00.000,options,call
126,1595503260000,90.0,92.0,90.0,91.0,6225,,24000,weekly,2020-7-30T21:00:00.000,options,call
127,1595503320000,90.3,91.7,89.5,91.45,4900,,24000,weekly,2020-7-30T21:00:00.000,options,call
128,1595503380000,90.9,91.25,90.0,90.15,3725,,24000,weekly,2020-7-30T21:00:00.000,options,call
129,1595503440000,90.85,90.85,89.45,90.7,4825,,24000,weekly,2020-7-30T21:00:00.000,options,call
130,1595503500000,90.7,91.3,90.0,91.3,2375,,24000,weekly,2020-7-30T21:00:00.000,options,call
131,1595503560000,91.75,93.0,91.7,92.5,4150,,24000,weekly,2020-7-30T21:00:00.000,options,call
132,1595503620000,92.55,92.6,90.45,92.35,1275,,24000,weekly,2020-7-30T21:00:00.000,options,call
133,1595503680000,92.35,92.35,90.3,90.5,2775,,24000,weekly,2020-7-30T21:00:00.000,options,call
134,1595503740000,90.0,91.4,89.1,91.4,2675,,24000,weekly,2020-7-30T21:00:00.000,options,call
135,1595503800000,91.75,91.75,90.4,90.85,775,,24000,weekly,2020-7-30T21:00:00.000,options,call
136,1595503860000,90.85,92.8,89.45,91.9,3825,,24000,weekly,2020-7-30T21:00:00.000,options,call
137,1595503920000,92.0,93.05,91.7,93.05,2725,,24000,weekly,2020-7-30T21:00:00.000,options,call
138,1595503980000,93.0,94.55,91.95,91.95,4600,,24000,weekly,2020-7-30T21:00:00.000,options,call
139,1595504040000,92.55,94.75,92.55,94.6,1575,,24000,weekly,2020-7-30T21:00:00.000,options,call
140,1595504100000,94.7,95.0,91.65,92.0,3000,,24000,weekly,2020-7-30T21:00:00.000,options,call
141,1595504160000,92.25,95.0,92.25,94.3,3375,,24000,weekly,2020-7-30T21:00:00.000,options,call
142,1595504220000,94.8,96.95,93.45,93.95,6500,,24000,weekly,2020-7-30T21:00:00.000,options,call
143,1595504280000,94.0,96.7,93.9,95.4,7725,,24000,weekly,2020-7-30T21:00:00.000,options,call
144,1595504340000,95.35,97.0,94.0,96.95,1950,,24000,weekly,2020-7-30T21:00:00.000,options,call
145,1595504400000,97.95,98.2,96.1,97.1,6425,,24000,weekly,2020-7-30T21:00:00.000,options,call
146,1595504460000,95.95,96.35,94.7,94.7,3025,,24000,weekly,2020-7-30T21:00:00.000,options,call
147,1595504520000,94.4,96.95,94.0,96.95,3025,,24000,weekly,2020-7-30T21:00:00.000,options,call
148,1595504580000,96.95,97.85,96.85,97.35,2150,,24000,weekly,2020-7-30T21:00:00.000,options,call
149,1595504640000,97.35,99.9,97.2,99.0,6175,,24000,weekly,2020-7-30T21:00:00.000,options,call
150,1595504700000,99.0,100.95,99.0,100.45,13350,,24000,weekly,2020-7-30T21:00:00.000,options,call
151,1595504760000,100.15,101.0,97.8,98.55,7500,,24000,weekly,2020-7-30T21:00:00.000,options,call
152,1595504820000,97.95,98.4,97.35,98.35,800,,24000,weekly,2020-7-30T21:00:00.000,options,call
153,1595504880000,101.4,102.0,100.25,100.6,4300,,24000,weekly,2020-7-30T21:00:00.000,options,call
154,1595504940000,99.45,100.25,99.3,99.45,625,,24000,weekly,2020-7-30T21:00:00.000,options,call
155,1595505000000,100.95,100.95,100.4,100.4,300,,24000,weekly,2020-7-30T21:00:00.000,options,call
156,1595505060000,99.6,99.9,99.0,99.1,1600,,24000,weekly,2020-7-30T21:00:00.000,options,call
157,1595505120000,100.65,101.0,100.0,100.7,925,,24000,weekly,2020-7-30T21:00:00.000,options,call
158,1595505180000,100.65,100.9,100.25,100.3,525,,24000,weekly,2020-7-30T21:00:00.000,options,call
159,1595505240000,100.7,100.7,100.25,100.25,1325,,24000,weekly,2020-7-30T21:00:00.000,options,call
160,1595505300000,98.05,99.6,98.05,99.5,1175,,24000,weekly,2020-7-30T21:00:00.000,options,call
161,1595505360000,98.45,99.1,98.15,98.15,350,,24000,weekly,2020-7-30T21:00:00.000,options,call
162,1595505420000,99.1,99.95,99.1,99.65,275,,24000,weekly,2020-7-30T21:00:00.000,options,call
163,1595505480000,98.2,98.65,97.0,97.0,850,,24000,weekly,2020-7-30T21:00:00.000,options,call
164,1595505540000,97.05,97.05,96.3,97.0,825,,24000,weekly,2020-7-30T21:00:00.000,options,call
165,1595505600000,97.15,98.45,97.1,98.45,750,,24000,weekly,2020-7-30T21:00:00.000,options,call
166,1595505660000,99.0,99.0,98.6,98.6,50,,24000,weekly,2020-7-30T21:00:00.000,options,call
167,1595505720000,98.85,100.0,98.85,100.0,2700,,24000,weekly,2020-7-30T21:00:00.000,options,call
168,1595505780000,99.5,100.0,99.35,99.95,2600,,24000,weekly,2020-7-30T21:00:00.000,options,call
169,1595505840000,100.0,100.0,99.3,99.45,850,,24000,weekly,2020-7-30T21:00:00.000,options,call
170,1595505900000,99.65,100.0,99.15,99.65,1225,,24000,weekly,2020-7-30T21:00:00.000,options,call
171,1595505960000,99.95,100.75,99.7,100.5,2400,,24000,weekly,2020-7-30T21:00:00.000,options,call
172,1595506020000,100.35,101.0,100.0,101.0,700,,24000,weekly,2020-7-30T21:00:00.000,options,call
173,1595506080000,100.75,100.75,100.05,100.1,1525,,24000,weekly,2020-7-30T21:00:00.000,options,call
174,1595506140000,100.75,101.6,100.35,101.1,725,,24000,weekly,2020-7-30T21:00:00.000,options,call
175,1595506200000,101.35,101.65,100.1,100.1,650,,24000,weekly,2020-7-30T21:00:00.000,options,call
176,1595506260000,100.95,101.1,99.85,99.85,1575,,24000,weekly,2020-7-30T21:00:00.000,options,call
177,1595506320000,100.0,101.5,99.75,101.5,3000,,24000,weekly,2020-7-30T21:00:00.000,options,call
178,1595506380000,101.5,103.0,101.1,101.5,2350,,24000,weekly,2020-7-30T21:00:00.000,options,call
179,1595506440000,101.2,102.3,101.0,102.05,1475,,24000,weekly,2020-7-30T21:00:00.000,options,call
180,1595506500000,102.5,107.0,102.1,104.8,8675,,24000,weekly,2020-7-30T21:00:00.000,options,call
181,1595506560000,104.05,111.0,102.35,107.25,8875,,24000,weekly,2020-7-30T21:00:00.000,options,call
182,1595506620000,106.8,110.35,106.55,109.65,17650,,24000,weekly,2020-7-30T21:00:00.000,options,call
183,1595506680000,109.65,114.0,109.4,109.7,11725,,24000,weekly,2020-7-30T21:00:00.000,options,call
184,1595506740000,109.7,112.6,109.0,112.6,10800,,24000,weekly,2020-7-30T21:00:00.000,options,call
185,1595506800000,112.6,114.2,111.55,112.55,8350,,24000,weekly,2020-7-30T21:00:00.000,options,call
186,1595506860000,113.25,114.6,111.75,113.75,7025,,24000,weekly,2020-7-30T21:00:00.000,options,call
187,1595506920000,114.4,114.75,111.95,112.8,5925,,24000,weekly,2020-7-30T21:00:00.000,options,call
188,1595506980000,113.1,113.2,107.95,108.3,6025,,24000,weekly,2020-7-30T21:00:00.000,options,call
189,1595507040000,108.4,109.3,107.35,107.95,6000,,24000,weekly,2020-7-30T21:00:00.000,options,call
190,1595507100000,107.45,107.45,104.4,106.95,5150,,24000,weekly,2020-7-30T21:00:00.000,options,call
191,1595507160000,107.0,107.25,104.7,105.45,4050,,24000,weekly,2020-7-30T21:00:00.000,options,call
192,1595507220000,105.1,106.0,102.75,103.5,5975,,24000,weekly,2020-7-30T21:00:00.000,options,call
193,1595507280000,104.0,107.0,104.0,107.0,6625,,24000,weekly,2020-7-30T21:00:00.000,options,call
194,1595507340000,106.95,108.7,106.15,107.6,4500,,24000,weekly,2020-7-30T21:00:00.000,options,call
195,1595507400000,107.85,111.4,107.85,109.95,8400,,24000,weekly,2020-7-30T21:00:00.000,options,call
196,1595507460000,109.75,110.15,106.65,109.8,6650,,24000,weekly,2020-7-30T21:00:00.000,options,call
197,1595507520000,109.8,111.7,109.8,111.4,3000,,24000,weekly,2020-7-30T21:00:00.000,options,call
198,1595507580000,111.4,111.4,109.7,110.25,5900,,24000,weekly,2020-7-30T21:00:00.000,options,call
199,1595507640000,110.25,110.95,109.55,110.6,2800,,24000,weekly,2020-7-30T21:00:00.000,options,call
200,1595507700000,110.3,111.4,108.8,110.9,4600,,24000,weekly,2020-7-30T21:00:00.000,options,call
201,1595507760000,111.1,111.3,108.0,108.0,4300,,24000,weekly,2020-7-30T21:00:00.000,options,call
202,1595507820000,108.15,108.2,104.3,104.8,7275,,24000,weekly,2020-7-30T21:00:00.000,options,call
203,1595507880000,104.7,106.8,104.0,104.45,4475,,24000,weekly,2020-7-30T21:00:00.000,options,call
204,1595507940000,104.45,105.9,103.85,105.9,5350,,24000,weekly,2020-7-30T21:00:00.000,options,call
205,1595508000000,105.95,105.95,104.55,105.7,2925,,24000,weekly,2020-7-30T21:00:00.000,options,call
206,1595508060000,105.45,106.3,104.6,105.7,2200,,24000,weekly,2020-7-30T21:00:00.000,options,call
207,1595508120000,106.0,106.1,104.0,104.4,3425,,24000,weekly,2020-7-30T21:00:00.000,options,call
208,1595508180000,104.15,106.7,104.0,106.0,2400,,24000,weekly,2020-7-30T21:00:00.000,options,call
209,1595508240000,106.0,106.15,104.0,104.0,4200,,24000,weekly,2020-7-30T21:00:00.000,options,call
210,1595508300000,104.2,104.2,94.35,95.0,19100,,24000,weekly,2020-7-30T21:00:00.000,options,call
211,1595508360000,93.95,96.2,93.1,95.2,6550,,24000,weekly,2020-7-30T21:00:00.000,options,call
212,1595508420000,95.2,96.35,92.3,92.3,8775,,24000,weekly,2020-7-30T21:00:00.000,options,call
213,1595508480000,91.3,94.1,90.5,94.0,5450,,24000,weekly,2020-7-30T21:00:00.000,options,call
214,1595508540000,94.0,94.65,92.0,92.0,4675,,24000,weekly,2020-7-30T21:00:00.000,options,call
215,1595508600000,91.6,93.1,90.1,92.85,10750,,24000,weekly,2020-7-30T21:00:00.000,options,call
216,1595508660000,92.85,93.3,91.0,91.0,2975,,24000,weekly,2020-7-30T21:00:00.000,options,call
217,1595508720000,91.0,93.0,90.3,92.15,4075,,24000,weekly,2020-7-30T21:00:00.000,options,call
218,1595508780000,92.15,92.45,91.0,91.4,2050,,24000,weekly,2020-7-30T21:00:00.000,options,call
219,1595508840000,91.95,94.5,91.95,93.25,3700,,24000,weekly,2020-7-30T21:00:00.000,options,call
220,1595508900000,93.35,95.25,93.2,95.0,3725,,24000,weekly,2020-7-30T21:00:00.000,options,call
221,1595508960000,94.65,96.0,94.15,95.25,3000,,24000,weekly,2020-7-30T21:00:00.000,options,call
222,1595509020000,95.5,98.45,95.5,97.0,6200,,24000,weekly,2020-7-30T21:00:00.000,options,call
223,1595509080000,97.0,97.25,95.0,97.25,5275,,24000,weekly,2020-7-30T21:00:00.000,options,call
224,1595509140000,97.5,97.85,96.4,97.8,3775,,24000,weekly,2020-7-30T21:00:00.000,options,call
225,1595509200000,98.0,98.7,96.75,98.05,3475,,24000,weekly,2020-7-30T21:00:00.000,options,call
226,1595509260000,97.65,98.8,96.7,96.9,2725,,24000,weekly,2020-7-30T21:00:00.000,options,call
227,1595509320000,96.5,97.55,95.6,95.65,15100,,24000,weekly,2020-7-30T21:00:00.000,options,call
228,1595509380000,95.7,96.0,94.1,95.0,6200,,24000,weekly,2020-7-30T21:00:00.000,options,call
229,1595509440000,94.9,95.95,94.15,95.0,20075,,24000,weekly,2020-7-30T21:00:00.000,options,call
230,1595509500000,94.85,96.0,94.85,95.15,13550,,24000,weekly,2020-7-30T21:00:00.000,options,call
231,1595509560000,95.25,96.45,94.0,95.7,5700,,24000,weekly,2020-7-30T21:00:00.000,options,call
232,1595509620000,96.0,96.65,95.0,95.75,3175,,24000,weekly,2020-7-30T21:00:00.000,options,call
233,1595509680000,96.0,96.15,94.8,94.8,2750,,24000,weekly,2020-7-30T21:00:00.000,options,call
234,1595509740000,94.2,95.9,94.0,95.6,2600,,24000,weekly,2020-7-30T21:00:00.000,options,call
235,1595509800000,95.6,96.0,94.0,95.8,1875,,24000,weekly,2020-7-30T21:00:00.000,options,call
236,1595509860000,95.8,98.25,95.8,97.15,5550,,24000,weekly,2020-7-30T21:00:00.000,options,call
237,1595509920000,97.35,97.55,95.25,96.0,2675,,24000,weekly,2020-7-30T21:00:00.000,options,call
238,1595509980000,96.35,97.95,96.25,97.55,2200,,24000,weekly,2020-7-30T21:00:00.000,options,call
239,1595510040000,98.45,99.95,96.9,97.0,3950,,24000,weekly,2020-7-30T21:00:00.000,options,call
240,1595510100000,96.95,97.3,96.5,97.25,1400,,24000,weekly,2020-7-30T21:00:00.000,options,call
241,1595510160000,97.7,100.0,97.7,100.0,1700,,24000,weekly,2020-7-30T21:00:00.000,options,call
242,1595510220000,99.7,105.6,99.05,104.7,9625,,24000,weekly,2020-7-30T21:00:00.000,options,call
243,1595510280000,105.25,105.55,102.4,102.95,6550,,24000,weekly,2020-7-30T21:00:00.000,options,call
244,1595510340000,102.0,105.65,102.0,105.0,8050,,24000,weekly,2020-7-30T21:00:00.000,options,call
245,1595510400000,105.0,107.7,105.0,106.8,12075,,24000,weekly,2020-7-30T21:00:00.000,options,call
246,1595510460000,106.3,107.5,105.75,106.1,9375,,24000,weekly,2020-7-30T21:00:00.000,options,call
247,1595510520000,105.85,107.0,105.25,106.05,2100,,24000,weekly,2020-7-30T21:00:00.000,options,call
248,1595510580000,106.5,106.95,104.0,104.0,4650,,24000,weekly,2020-7-30T21:00:00.000,options,call
249,1595510640000,104.0,105.95,104.0,104.85,1100,,24000,weekly,2020-7-30T21:00:00.000,options,call
250,1595510700000,104.85,105.5,100.05,101.95,4050,,24000,weekly,2020-7-30T21:00:00.000,options,call
251,1595510760000,101.65,104.5,99.55,104.3,5100,,24000,weekly,2020-7-30T21:00:00.000,options,call
252,1595510820000,104.05,105.0,103.75,104.75,2100,,24000,weekly,2020-7-30T21:00:00.000,options,call
253,1595510880000,104.8,107.25,104.2,106.0,3675,,24000,weekly,2020-7-30T21:00:00.000,options,call
254,1595510940000,106.0,106.35,103.55,104.1,3025,,24000,weekly,2020-7-30T21:00:00.000,options,call
255,1595511000000,104.25,107.65,104.25,106.05,3600,,24000,weekly,2020-7-30T21:00:00.000,options,call
256,1595511060000,106.3,108.0,106.3,108.0,2650,,24000,weekly,2020-7-30T21:00:00.000,options,call
257,1595511120000,107.45,113.45,107.45,110.95,21050,,24000,weekly,2020-7-30T21:00:00.000,options,call
258,1595511180000,110.7,111.2,109.0,109.0,5925,,24000,weekly,2020-7-30T21:00:00.000,options,call
259,1595511240000,108.5,108.9,106.55,107.7,3900,,24000,weekly,2020-7-30T21:00:00.000,options,call
260,1595511300000,108.15,110.0,108.15,109.75,1950,,24000,weekly,2020-7-30T21:00:00.000,options,call
261,1595511360000,108.9,109.0,107.05,109.0,1975,,24000,weekly,2020-7-30T21:00:00.000,options,call
262,1595511420000,109.25,110.7,108.8,109.25,1750,,24000,weekly,2020-7-30T21:00:00.000,options,call
263,1595511480000,109.25,110.85,109.25,109.25,3000,,24000,weekly,2020-7-30T21:00:00.000,options,call
264,1595511540000,109.25,112.65,108.3,111.55,4375,,24000,weekly,2020-7-30T21:00:00.000,options,call
265,1595511600000,112.05,112.1,108.8,108.8,4600,,24000,weekly,2020-7-30T21:00:00.000,options,call
266,1595511660000,109.25,110.2,107.75,109.0,2075,,24000,weekly,2020-7-30T21:00:00.000,options,call
267,1595511720000,109.2,110.45,108.45,110.2,5225,,24000,weekly,2020-7-30T21:00:00.000,options,call
268,1595511780000,110.2,110.45,107.0,108.6,3650,,24000,weekly,2020-7-30T21:00:00.000,options,call
269,1595511840000,108.6,110.1,108.6,109.15,1050,,24000,weekly,2020-7-30T21:00:00.000,options,call
270,1595511900000,109.15,110.2,108.55,110.2,2800,,24000,weekly,2020-7-30T21:00:00.000,options,call
271,1595511960000,110.2,110.9,109.4,110.4,3775,,24000,weekly,2020-7-30T21:00:00.000,options,call
272,1595512020000,110.4,110.4,102.1,104.65,7100,,24000,weekly,2020-7-30T21:00:00.000,options,call
273,1595512080000,103.95,104.45,96.85,98.3,14150,,24000,weekly,2020-7-30T21:00:00.000,options,call
274,1595512140000,97.65,100.5,97.65,100.0,10400,,24000,weekly,2020-7-30T21:00:00.000,options,call
275,1595512200000,100.05,104.65,99.6,103.0,3075,,24000,weekly,2020-7-30T21:00:00.000,options,call
276,1595512260000,103.5,105.25,102.5,104.95,4225,,24000,weekly,2020-7-30T21:00:00.000,options,call
277,1595512320000,104.65,104.65,101.0,102.85,7725,,24000,weekly,2020-7-30T21:00:00.000,options,call
278,1595512380000,103.5,103.6,101.55,101.65,4250,,24000,weekly,2020-7-30T21:00:00.000,options,call
279,1595512440000,101.55,104.5,101.55,104.0,2200,,24000,weekly,2020-7-30T21:00:00.000,options,call
280,1595512500000,104.0,107.85,104.0,106.9,10500,,24000,weekly,2020-7-30T21:00:00.000,options,call
281,1595512560000,106.7,107.8,104.3,104.3,4300,,24000,weekly,2020-7-30T21:00:00.000,options,call
282,1595512620000,104.5,108.1,104.25,108.1,3125,,24000,weekly,2020-7-30T21:00:00.000,options,call
283,1595512680000,107.3,108.7,106.05,108.25,3200,,24000,weekly,2020-7-30T21:00:00.000,options,call
284,1595512740000,108.7,111.2,107.0,108.75,7250,,24000,weekly,2020-7-30T21:00:00.000,options,call
285,1595512800000,110.0,115.5,109.0,113.95,15725,,24000,weekly,2020-7-30T21:00:00.000,options,call
286,1595512860000,113.35,113.65,111.55,111.9,6000,,24000,weekly,2020-7-30T21:00:00.000,options,call
287,1595512920000,112.5,113.2,109.45,111.55,7425,,24000,weekly,2020-7-30T21:00:00.000,options,call
288,1595512980000,111.35,112.9,111.0,111.0,2750,,24000,weekly,2020-7-30T21:00:00.000,options,call
289,1595513040000,111.0,114.7,111.0,113.15,7250,,24000,weekly,2020-7-30T21:00:00.000,options,call
290,1595513100000,113.05,114.25,112.55,113.3,8675,,24000,weekly,2020-7-30T21:00:00.000,options,call
291,1595513160000,113.35,114.6,111.5,111.5,5750,,24000,weekly,2020-7-30T21:00:00.000,options,call
292,1595513220000,112.0,112.0,106.6,109.05,5525,,24000,weekly,2020-7-30T21:00:00.000,options,call
293,1595513280000,109.55,111.0,108.85,111.0,4675,,24000,weekly,2020-7-30T21:00:00.000,options,call
294,1595513340000,110.9,119.7,110.9,119.7,13475,,24000,weekly,2020-7-30T21:00:00.000,options,call
295,1595513400000,117.9,118.0,115.55,116.2,12025,,24000,weekly,2020-7-30T21:00:00.000,options,call
296,1595513460000,116.4,118.0,115.75,117.0,7625,,24000,weekly,2020-7-30T21:00:00.000,options,call
297,1595513520000,117.0,117.6,115.45,116.5,6500,,24000,weekly,2020-7-30T21:00:00.000,options,call
298,1595513580000,116.2,117.0,114.5,115.4,9925,,24000,weekly,2020-7-30T21:00:00.000,options,call
299,1595513640000,115.3,115.75,114.2,115.75,2875,,24000,weekly,2020-7-30T21:00:00.000,options,call
300,1595513700000,115.6,117.85,114.75,115.35,12875,,24000,weekly,2020-7-30T21:00:00.000,options,call
301,1595513760000,115.4,115.4,107.45,107.45,10925,,24000,weekly,2020-7-30T21:00:00.000,options,call
302,1595513820000,107.7,107.8,102.35,105.0,13900,,24000,weekly,2020-7-30T21:00:00.000,options,call
303,1595513880000,105.15,106.65,102.45,106.35,5150,,24000,weekly,2020-7-30T21:00:00.000,options,call
304,1595513940000,106.35,109.9,105.65,105.75,8900,,24000,weekly,2020-7-30T21:00:00.000,options,call
305,1595514000000,104.65,108.95,103.65,108.4,6850,,24000,weekly,2020-7-30T21:00:00.000,options,call
306,1595514060000,107.9,108.65,106.5,108.0,9975,,24000,weekly,2020-7-30T21:00:00.000,options,call
307,1595514120000,108.4,108.4,102.75,107.05,8625,,24000,weekly,2020-7-30T21:00:00.000,options,call
308,1595514180000,107.05,107.05,101.85,102.9,4875,,24000,weekly,2020-7-30T21:00:00.000,options,call
309,1595514240000,102.25,105.05,98.65,102.2,12075,,24000,weekly,2020-7-30T21:00:00.000,options,call
310,1595514300000,102.5,106.05,101.7,106.05,9150,,24000,weekly,2020-7-30T21:00:00.000,options,call
311,1595514360000,106.45,106.65,104.8,105.95,5125,,24000,weekly,2020-7-30T21:00:00.000,options,call
312,1595514420000,105.25,105.85,102.85,104.35,8275,,24000,weekly,2020-7-30T21:00:00.000,options,call
313,1595514480000,106.0,106.05,101.9,101.9,6675,,24000,weekly,2020-7-30T21:00:00.000,options,call
314,1595514540000,100.7,103.95,100.7,101.0,3400,,24000,weekly,2020-7-30T21:00:00.000,options,call
315,1595514600000,101.0,101.0,90.5,94.0,21425,,24000,weekly,2020-7-30T21:00:00.000,options,call
316,1595514660000,94.3,95.55,90.6,93.5,9375,,24000,weekly,2020-7-30T21:00:00.000,options,call
317,1595514720000,93.2,94.7,91.2,93.0,8575,,24000,weekly,2020-7-30T21:00:00.000,options,call
318,1595514780000,93.15,96.95,91.8,96.95,7075,,24000,weekly,2020-7-30T21:00:00.000,options,call
319,1595514840000,96.9,99.9,95.25,98.8,12225,,24000,weekly,2020-7-30T21:00:00.000,options,call
320,1595514900000,98.5,105.2,98.5,104.3,6450,,24000,weekly,2020-7-30T21:00:00.000,options,call
321,1595514960000,105.25,106.35,103.1,103.1,8725,,24000,weekly,2020-7-30T21:00:00.000,options,call
322,1595515020000,103.4,105.3,101.25,103.9,6950,,24000,weekly,2020-7-30T21:00:00.000,options,call
323,1595515080000,103.9,104.25,98.0,98.95,5725,,24000,weekly,2020-7-30T21:00:00.000,options,call
324,1595515140000,99.15,101.5,98.65,98.85,6025,,24000,weekly,2020-7-30T21:00:00.000,options,call
325,1595515200000,99.15,105.75,99.15,104.25,11425,,24000,weekly,2020-7-30T21:00:00.000,options,call
326,1595515260000,104.45,105.0,100.15,102.0,7025,,24000,weekly,2020-7-30T21:00:00.000,options,call
327,1595515320000,102.0,106.3,100.85,105.2,10050,,24000,weekly,2020-7-30T21:00:00.000,options,call
328,1595515380000,104.6,106.8,104.0,104.75,12625,,24000,weekly,2020-7-30T21:00:00.000,options,call
329,1595515440000,104.35,107.5,103.55,104.55,5900,,24000,weekly,2020-7-30T21:00:00.000,options,call
330,1595515500000,104.55,106.25,103.0,105.95,3125,,24000,weekly,2020-7-30T21:00:00.000,options,call
331,1595515560000,105.95,109.2,105.7,105.7,9925,,24000,weekly,2020-7-30T21:00:00.000,options,call
332,1595515620000,105.75,106.65,104.25,104.25,4375,,24000,weekly,2020-7-30T21:00:00.000,options,call
333,1595515680000,104.95,105.5,103.45,104.35,2125,,24000,weekly,2020-7-30T21:00:00.000,options,call
334,1595515740000,104.3,104.4,100.65,102.2,2575,,24000,weekly,2020-7-30T21:00:00.000,options,call
335,1595515800000,102.85,105.1,102.85,104.6,2225,,24000,weekly,2020-7-30T21:00:00.000,options,call
336,1595515860000,104.6,104.8,102.25,102.25,3450,,24000,weekly,2020-7-30T21:00:00.000,options,call
337,1595515920000,102.25,102.8,100.25,101.55,7075,,24000,weekly,2020-7-30T21:00:00.000,options,call
338,1595515980000,101.1,101.4,97.5,99.2,10650,,24000,weekly,2020-7-30T21:00:00.000,options,call
339,1595516040000,99.2,100.0,96.3,96.3,3100,,24000,weekly,2020-7-30T21:00:00.000,options,call
340,1595516100000,96.0,98.45,95.2,98.45,5525,,24000,weekly,2020-7-30T21:00:00.000,options,call
341,1595516160000,97.95,100.0,97.4,99.75,6150,,24000,weekly,2020-7-30T21:00:00.000,options,call
342,1595516220000,99.95,103.0,99.1,102.7,3950,,24000,weekly,2020-7-30T21:00:00.000,options,call
343,1595516280000,103.0,104.0,101.4,103.6,8450,,24000,weekly,2020-7-30T21:00:00.000,options,call
344,1595516340000,103.6,103.6,101.15,101.8,4800,,24000,weekly,2020-7-30T21:00:00.000,options,call
345,1595516400000,101.9,104.05,99.45,104.05,9150,,24000,weekly,2020-7-30T21:00:00.000,options,call
346,1595516460000,103.75,104.8,101.75,102.35,5875,,24000,weekly,2020-7-30T21:00:00.000,options,call
347,1595516520000,102.25,102.4,100.6,101.55,5175,,24000,weekly,2020-7-30T21:00:00.000,options,call
348,1595516580000,102.25,103.2,100.8,102.0,4900,,24000,weekly,2020-7-30T21:00:00.000,options,call
349,1595516640000,101.95,107.2,101.85,106.4,11550,,24000,weekly,2020-7-30T21:00:00.000,options,call
350,1595516700000,106.5,108.0,105.05,105.75,9375,,24000,weekly,2020-7-30T21:00:00.000,options,call
351,1595516760000,106.0,109.65,105.8,109.0,7550,,24000,weekly,2020-7-30T21:00:00.000,options,call
352,1595516820000,109.15,110.65,108.7,109.45,16675,,24000,weekly,2020-7-30T21:00:00.000,options,call
353,1595516880000,110.35,113.9,110.25,112.95,13500,,24000,weekly,2020-7-30T21:00:00.000,options,call
354,1595516940000,113.5,113.5,109.8,109.8,10725,,24000,weekly,2020-7-30T21:00:00.000,options,call
355,1595517000000,110.0,110.85,107.8,109.65,19575,,24000,weekly,2020-7-30T21:00:00.000,options,call
356,1595517060000,110.5,110.7,108.55,110.55,5400,,24000,weekly,2020-7-30T21:00:00.000,options,call
357,1595517120000,111.0,111.9,110.0,110.85,11375,,24000,weekly,2020-7-30T21:00:00.000,options,call
358,1595517180000,109.95,111.25,109.0,109.4,5400,,24000,weekly,2020-7-30T21:00:00.000,options,call
359,1595517240000,109.4,110.65,106.9,107.05,8575,,24000,weekly,2020-7-30T21:00:00.000,options,call
360,1595517300000,106.25,106.8,102.5,105.0,17225,,24000,weekly,2020-7-30T21:00:00.000,options,call
361,1595517360000,104.05,107.25,104.05,107.25,9975,,24000,weekly,2020-7-30T21:00:00.000,options,call
362,1595517420000,107.3,109.35,107.0,108.45,17500,,24000,weekly,2020-7-30T21:00:00.000,options,call
363,1595517480000,108.6,110.5,107.75,110.3,17775,,24000,weekly,2020-7-30T21:00:00.000,options,call
364,1595517540000,110.0,112.75,110.0,112.45,20100,,24000,weekly,2020-7-30T21:00:00.000,options,call
365,1595517600000,112.5,115.2,111.7,114.75,23775,,24000,weekly,2020-7-30T21:00:00.000,options,call
366,1595517660000,115.4,116.95,114.9,116.0,30100,,24000,weekly,2020-7-30T21:00:00.000,options,call
367,1595517720000,115.95,116.0,114.6,114.9,17750,,24000,weekly,2020-7-30T21:00:00.000,options,call
368,1595517780000,115.0,116.8,114.9,115.8,19675,,24000,weekly,2020-7-30T21:00:00.000,options,call
369,1595517840000,116.05,116.85,115.15,115.15,25475,,24000,weekly,2020-7-30T21:00:00.000,options,call
370,1595517900000,115.15,115.9,113.9,114.05,17775,,24000,weekly,2020-7-30T21:00:00.000,options,call
371,1595517960000,114.15,115.2,111.5,112.0,21150,,24000,weekly,2020-7-30T21:00:00.000,options,call
372,1595518020000,112.55,114.85,111.7,113.85,22000,,24000,weekly,2020-7-30T21:00:00.000,options,call
373,1595518080000,114.6,117.0,114.15,116.65,26350,,24000,weekly,2020-7-30T21:00:00.000,options,call
374,1595518140000,116.75,120.0,116.05,119.0,30450,,24000,weekly,2020-7-30T21:00:00.000,options,call
