,timestamp,open,high,low,close,volume,open_interest,strike,expiry_type,expiry,instrument,contract_type
0,1607418900000,216.65,216.7,212.45,212.45,525,,13500,weekly,2020-12-17T21:00:00.000,options,put
1,1607418960000,210.2,215.6,210.2,214.35,1050,,13500,weekly,2020-12-17T21:00:00.000,options,put
2,1607419020000,214.35,214.35,211.2,211.2,750,,13500,weekly,2020-12-17T21:00:00.000,options,put
3,1607419080000,211.2,211.2,205.7,205.7,5475,,13500,weekly,2020-12-17T21:00:00.000,options,put
4,1607419140000,203.95,205.7,203.0,203.0,1050,,13500,weekly,2020-12-17T21:00:00.000,options,put
5,1607419200000,203.0,206.25,203.0,206.25,600,,13500,weekly,2020-12-17T21:00:00.000,options,put
6,1607419260000,206.25,206.25,201.45,202.2,150,,13500,weekly,2020-12-17T21:00:00.000,options,put
7,1607419320000,202.2,202.2,199.15,199.15,1125,,13500,weekly,2020-12-17T21:00:00.000,options,put
8,1607419380000,199.15,206.8,199.0,206.0,1200,,13500,weekly,2020-12-17T21:00:00.000,options,put
9,1607419440000,206.0,206.0,201.15,201.15,375,,13500,weekly,2020-12-17T21:00:00.000,options,put
10,1607419500000,201.15,202.6,200.75,202.6,225,,13500,weekly,2020-12-17T21:00:00.000,options,put
11,1607419560000,202.6,202.65,199.0,199.0,525,,13500,weekly,2020-12-17T21:00:00.000,options,put
12,1607419620000,199.0,200.2,199.0,200.2,975,,13500,weekly,2020-12-17T21:00:00.000,options,put
13,1607419680000,200.2,200.2,198.6,198.6,225,,13500,weekly,2020-12-17T21:00:00.000,options,put
14,1607419740000,198.6,198.75,198.6,198.75,150,,13500,weekly,2020-12-17T21:00:00.000,options,put
15,1607419860000,198.75,200.25,198.05,198.05,600,,13500,weekly,2020-12-17T21:00:00.000,options,put
16,1607419920000,198.05,198.05,193.9,194.1,1575,,13500,weekly,2020-12-17T21:00:00.000,options,put
17,1607419980000,194.1,194.1,192.0,192.0,525,,13500,weekly,2020-12-17T21:00:00.000,options,put
18,1607420040000,192.0,194.5,192.0,194.3,300,,13500,weekly,2020-12-17T21:00:00.000,options,put
19,1607420100000,194.3,194.3,191.0,191.5,3000,,13500,weekly,2020-12-17T21:00:00.000,options,put
20,1607420160000,191.5,195.25,191.5,195.25,525,,13500,weekly,2020-12-17T21:00:00.000,options,put
21,1607420220000,195.25,195.45,192.5,192.5,525,,13500,weekly,2020-12-17T21:00:00.000,options,put
22,1607420280000,192.5,192.5,187.5,188.25,825,,13500,weekly,2020-12-17T21:00:00.000,options,put
23,1607420340000,188.25,189.2,188.25,189.2,75,,13500,weekly,2020-12-17T21:00:00.000,options,put
24,1607420400000,189.2,189.2,187.05,188.4,300,,13500,weekly,2020-12-17T21:00:00.000,options,put
25,1607420460000,188.4,189.9,187.5,188.85,975,,13500,weekly,2020-12-17T21:00:00.000,options,put
26,1607420520000,188.85,188.85,186.4,188.65,825,,13500,weekly,2020-12-17T21:00:00.000,options,put
27,1607420580000,188.65,189.1,187.65,188.1,1125,,13500,weekly,2020-12-17T21:00:00.000,options,put
28,1607420640000,188.1,188.25,186.85,186.85,1125,,13500,weekly,2020-12-17T21:00:00.000,options,put
29,1607420700000,186.85,186.85,185.0,185.0,825,,13500,weekly,2020-12-17T21:00:00.000,options,put
30,1607420760000,185.0,187.65,185.0,187.65,900,,13500,weekly,2020-12-17T21:00:00.000,options,put
31,1607420820000,187.65,187.65,185.65,186.7,900,,13500,weekly,2020-12-17T21:00:00.000,options,put
32,1607420880000,185.0,188.15,184.95,188.15,1575,,13500,weekly,2020-12-17T21:00:00.000,options,put
33,1607420940000,188.15,189.65,187.3,189.65,300,,13500,weekly,2020-12-17T21:00:00.000,options,put
34,1607421000000,189.65,189.65,186.5,186.5,450,,13500,weekly,2020-12-17T21:00:00.000,options,put
35,1607421060000,186.5,187.1,185.05,187.0,525,,13500,weekly,2020-12-17T21:00:00.000,options,put
36,1607421120000,187.0,187.0,184.0,184.0,375,,13500,weekly,2020-12-17T21:00:00.000,options,put
37,1607421180000,184.0,186.3,183.3,184.25,2700,,13500,weekly,2020-12-17T21:00:00.000,options,put
38,1607421240000,184.25,186.55,184.25,186.0,825,,13500,weekly,2020-12-17T21:00:00.000,options,put
39,1607421360000,186.0,187.0,183.0,183.0,1050,,13500,weekly,2020-12-17T21:00:00.000,options,put
40,1607421480000,183.0,183.0,179.0,181.8,1425,,13500,weekly,2020-12-17T21:00:00.000,options,put
41,1607421540000,181.8,181.8,179.9,179.9,1050,,13500,weekly,2020-12-17T21:00:00.000,options,put
42,1607421600000,179.9,180.0,178.0,180.0,450,,13500,weekly,2020-12-17T21:00:00.000,options,put
43,1607421720000,180.0,181.4,180.0,181.4,225,,13500,weekly,2020-12-17T21:00:00.000,options,put
44,1607421780000,181.4,181.5,181.4,181.45,150,,13500,weekly,2020-12-17T21:00:00.000,options,put
45,1607421900000,181.45,181.5,181.0,181.0,1050,,13500,weekly,2020-12-17T21:00:00.000,options,put
46,1607421960000,181.0,181.05,180.0,180.7,1275,,13500,weekly,2020-12-17T21:00:00.000,options,put
47,1607422020000,180.7,182.65,180.7,182.0,2025,,13500,weekly,2020-12-17T21:00:00.000,options,put
48,1607422080000,182.0,183.45,181.9,181.9,3075,,13500,weekly,2020-12-17T21:00:00.000,options,put
49,1607422140000,181.9,184.55,181.9,184.55,675,,13500,weekly,2020-12-17T21:00:00.000,options,put
50,1607422200000,184.55,185.5,184.55,185.5,300,,13500,weekly,2020-12-17T21:00:00.000,options,put
51,1607422260000,185.5,186.55,184.4,186.55,600,,13500,weekly,2020-12-17T21:00:00.000,options,put
52,1607422320000,186.55,186.55,185.0,185.5,525,,13500,weekly,2020-12-17T21:00:00.000,options,put
53,1607422380000,185.5,187.15,185.0,185.0,450,,13500,weekly,2020-12-17T21:00:00.000,options,put
54,1607422440000,185.0,185.9,185.0,185.9,75,,13500,weekly,2020-12-17T21:00:00.000,options,put
55,1607422560000,180.0,185.9,175.6,176.85,2175,,13500,weekly,2020-12-17T21:00:00.000,options,put
56,1607422620000,176.85,177.3,176.85,177.3,150,,13500,weekly,2020-12-17T21:00:00.000,options,put
57,1607422680000,177.3,178.9,177.3,178.0,525,,13500,weekly,2020-12-17T21:00:00.000,options,put
58,1607422740000,178.0,178.0,174.55,174.55,1725,,13500,weekly,2020-12-17T21:00:00.000,options,put
59,1607422800000,174.55,176.0,174.25,175.4,975,,13500,weekly,2020-12-17T21:00:00.000,options,put
60,1607422860000,175.4,176.65,175.4,176.65,150,,13500,weekly,2020-12-17T21:00:00.000,options,put
61,1607422920000,176.65,177.65,176.65,177.65,150,,13500,weekly,2020-12-17T21:00:00.000,options,put
62,1607422980000,177.65,177.65,176.5,176.65,225,,13500,weekly,2020-12-17T21:00:00.000,options,put
63,1607423100000,176.65,177.35,176.65,177.05,225,,13500,weekly,2020-12-17T21:00:00.000,options,put
64,1607423160000,177.05,177.45,177.05,177.45,75,,13500,weekly,2020-12-17T21:00:00.000,options,put
65,1607423220000,177.45,177.45,175.3,175.3,375,,13500,weekly,2020-12-17T21:00:00.000,options,put
66,1607423280000,175.3,175.9,175.2,175.9,750,,13500,weekly,2020-12-17T21:00:00.000,options,put
67,1607423340000,175.9,176.1,175.8,175.8,375,,13500,weekly,2020-12-17T21:00:00.000,options,put
68,1607423400000,175.8,178.65,175.8,178.65,1500,,13500,weekly,2020-12-17T21:00:00.000,options,put
69,1607423460000,178.65,179.0,177.5,179.0,150,,13500,weekly,2020-12-17T21:00:00.000,options,put
70,1607423520000,179.0,180.55,179.0,180.55,750,,13500,weekly,2020-12-17T21:00:00.000,options,put
71,1607423580000,180.55,180.55,180.1,180.1,375,,13500,weekly,2020-12-17T21:00:00.000,options,put
72,1607423640000,180.1,180.25,179.2,180.25,1425,,13500,weekly,2020-12-17T21:00:00.000,options,put
73,1607423700000,180.25,181.0,180.25,181.0,225,,13500,weekly,2020-12-17T21:00:00.000,options,put
74,1607423760000,181.0,181.55,181.0,181.55,150,,13500,weekly,2020-12-17T21:00:00.000,options,put
75,1607423820000,181.55,183.75,181.55,183.3,375,,13500,weekly,2020-12-17T21:00:00.000,options,put
76,1607423880000,183.3,183.3,180.5,180.5,2100,,13500,weekly,2020-12-17T21:00:00.000,options,put
77,1607423940000,180.5,182.3,180.5,182.3,750,,13500,weekly,2020-12-17T21:00:00.000,options,put
78,1607424000000,182.3,183.25,181.05,181.3,1350,,13500,weekly,2020-12-17T21:00:00.000,options,put
79,1607424060000,181.3,183.35,181.3,183.35,75,,13500,weekly,2020-12-17T21:00:00.000,options,put
80,1607424120000,183.1,185.0,182.2,184.3,525,,13500,weekly,2020-12-17T21:00:00.000,options,put
81,1607424180000,184.3,187.45,184.0,187.45,1275,,13500,weekly,2020-12-17T21:00:00.000,options,put
82,1607424240000,187.45,187.45,187.05,187.15,150,,13500,weekly,2020-12-17T21:00:00.000,options,put
83,1607424300000,187.15,187.15,183.0,183.55,225,,13500,weekly,2020-12-17T21:00:00.000,options,put
84,1607424360000,183.55,186.0,183.55,185.0,525,,13500,weekly,2020-12-17T21:00:00.000,options,put
85,1607424420000,185.0,185.0,185.0,185.0,75,,13500,weekly,2020-12-17T21:00:00.000,options,put
86,1607424540000,185.0,185.0,181.0,181.15,600,,13500,weekly,2020-12-17T21:00:00.000,options,put
87,1607424600000,181.15,184.0,181.15,184.0,300,,13500,weekly,2020-12-17T21:00:00.000,options,put
88,1607424660000,184.0,184.0,182.6,182.6,75,,13500,weekly,2020-12-17T21:00:00.000,options,put
89,1607424780000,182.6,185.0,182.6,185.0,375,,13500,weekly,2020-12-17T21:00:00.000,options,put
90,1607424840000,185.0,187.05,185.0,187.05,225,,13500,weekly,2020-12-17T21:00:00.000,options,put
91,1607424900000,187.05,187.9,184.75,187.9,525,,13500,weekly,2020-12-17T21:00:00.000,options,put
92,1607424960000,187.9,189.65,186.5,186.5,450,,13500,weekly,2020-12-17T21:00:00.000,options,put
93,1607425020000,186.5,189.55,186.5,188.25,450,,13500,weekly,2020-12-17T21:00:00.000,options,put
94,1607425080000,188.25,188.25,187.0,187.0,150,,13500,weekly,2020-12-17T21:00:00.000,options,put
95,1607425140000,187.0,190.0,187.0,190.0,375,,13500,weekly,2020-12-17T21:00:00.000,options,put
96,1607425200000,190.0,191.0,189.0,190.95,1725,,13500,weekly,2020-12-17T21:00:00.000,options,put
97,1607425260000,190.95,193.95,190.95,192.9,525,,13500,weekly,2020-12-17T21:00:00.000,options,put
98,1607425320000,192.9,194.95,192.1,193.5,900,,13500,weekly,2020-12-17T21:00:00.000,options,put
99,1607425380000,193.5,195.0,193.5,195.0,525,,13500,weekly,2020-12-17T21:00:00.000,options,put
100,1607425440000,195.0,198.2,195.0,198.2,600,,13500,weekly,2020-12-17T21:00:00.000,options,put
101,1607425500000,198.2,200.3,198.2,200.3,75,,13500,weekly,2020-12-17T21:00:00.000,options,put
102,1607425560000,198.0,200.3,198.0,198.75,450,,13500,weekly,2020-12-17T21:00:00.000,options,put
103,1607425620000,198.75,202.0,198.75,200.0,2175,,13500,weekly,2020-12-17T21:00:00.000,options,put
104,1607425680000,200.0,204.25,200.0,203.5,2325,,13500,weekly,2020-12-17T21:00:00.000,options,put
105,1607425740000,203.5,208.25,203.5,207.35,2400,,13500,weekly,2020-12-17T21:00:00.000,options,put
106,1607425800000,207.35,213.85,207.35,213.85,1950,,13500,weekly,2020-12-17T21:00:00.000,options,put
107,1607425860000,213.85,213.85,206.45,206.6,375,,13500,weekly,2020-12-17T21:00:00.000,options,put
108,1607425920000,206.6,208.95,204.0,205.0,750,,13500,weekly,2020-12-17T21:00:00.000,options,put
109,1607425980000,205.0,205.0,203.95,203.95,600,,13500,weekly,2020-12-17T21:00:00.000,options,put
110,1607426040000,203.95,204.0,199.25,200.15,600,,13500,weekly,2020-12-17T21:00:00.000,options,put
111,1607426100000,200.15,200.65,197.7,199.85,3000,,13500,weekly,2020-12-17T21:00:00.000,options,put
112,1607426160000,199.85,200.6,198.75,199.9,600,,13500,weekly,2020-12-17T21:00:00.000,options,put
113,1607426220000,199.9,205.0,199.9,205.0,600,,13500,weekly,2020-12-17T21:00:00.000,options,put
114,1607426280000,205.0,205.0,201.75,202.2,1725,,13500,weekly,2020-12-17T21:00:00.000,options,put
115,1607426340000,202.2,205.0,202.2,202.65,300,,13500,weekly,2020-12-17T21:00:00.000,options,put
116,1607426400000,202.65,203.15,202.5,202.5,150,,13500,weekly,2020-12-17T21:00:00.000,options,put
117,1607426460000,204.0,206.0,204.0,206.0,900,,13500,weekly,2020-12-17T21:00:00.000,options,put
118,1607426520000,206.0,207.95,206.0,207.95,450,,13500,weekly,2020-12-17T21:00:00.000,options,put
119,1607426580000,207.95,216.3,207.95,216.3,1200,,13500,weekly,2020-12-17T21:00:00.000,options,put
120,1607426640000,216.3,217.45,215.15,215.15,1125,,13500,weekly,2020-12-17T21:00:00.000,options,put
121,1607426700000,215.15,217.85,215.0,217.85,300,,13500,weekly,2020-12-17T21:00:00.000,options,put
122,1607426760000,217.85,225.35,217.85,222.7,375,,13500,weekly,2020-12-17T21:00:00.000,options,put
123,1607426820000,222.7,223.05,222.7,223.05,75,,13500,weekly,2020-12-17T21:00:00.000,options,put
124,1607426880000,223.05,223.05,222.0,222.95,225,,13500,weekly,2020-12-17T21:00:00.000,options,put
125,1607426940000,222.95,226.25,222.35,225.95,2400,,13500,weekly,2020-12-17T21:00:00.000,options,put
126,1607427000000,225.95,235.75,225.95,235.75,1800,,13500,weekly,2020-12-17T21:00:00.000,options,put
127,1607427060000,235.75,238.8,232.85,238.8,1425,,13500,weekly,2020-12-17T21:00:00.000,options,put
128,1607427120000,238.8,238.8,230.75,230.75,5550,,13500,weekly,2020-12-17T21:00:00.000,options,put
129,1607427180000,230.75,230.75,219.65,221.4,1875,,13500,weekly,2020-12-17T21:00:00.000,options,put
130,1607427240000,221.4,221.4,217.75,217.75,300,,13500,weekly,2020-12-17T21:00:00.000,options,put
131,1607427300000,217.75,219.95,216.8,217.3,750,,13500,weekly,2020-12-17T21:00:00.000,options,put
132,1607427360000,217.3,220.8,217.3,220.0,1875,,13500,weekly,2020-12-17T21:00:00.000,options,put
133,1607427420000,220.0,220.0,217.8,219.5,1800,,13500,weekly,2020-12-17T21:00:00.000,options,put
134,1607427480000,219.5,219.5,217.1,218.0,1650,,13500,weekly,2020-12-17T21:00:00.000,options,put
135,1607427540000,218.0,221.05,218.0,218.55,225,,13500,weekly,2020-12-17T21:00:00.000,options,put
136,1607427600000,218.55,219.25,212.15,213.2,375,,13500,weekly,2020-12-17T21:00:00.000,options,put
137,1607427660000,213.2,213.2,212.35,213.1,675,,13500,weekly,2020-12-17T21:00:00.000,options,put
138,1607427720000,213.1,216.55,213.1,216.55,450,,13500,weekly,2020-12-17T21:00:00.000,options,put
139,1607427780000,216.55,221.95,216.55,221.3,1800,,13500,weekly,2020-12-17T21:00:00.000,options,put
140,1607427900000,221.3,221.3,214.25,214.25,225,,13500,weekly,2020-12-17T21:00:00.000,options,put
141,1607428020000,214.25,220.0,214.25,219.45,600,,13500,weekly,2020-12-17T21:00:00.000,options,put
142,1607428080000,219.45,219.45,216.3,216.3,75,,13500,weekly,2020-12-17T21:00:00.000,options,put
143,1607428140000,216.3,216.3,212.4,212.4,300,,13500,weekly,2020-12-17T21:00:00.000,options,put
144,1607428200000,212.4,212.4,209.4,209.4,300,,13500,weekly,2020-12-17T21:00:00.000,options,put
145,1607428260000,209.4,210.3,209.4,210.3,75,,13500,weekly,2020-12-17T21:00:00.000,options,put
146,1607428320000,210.3,211.5,210.3,211.5,75,,13500,weekly,2020-12-17T21:00:00.000,options,put
147,1607428380000,211.5,211.5,211.05,211.05,75,,13500,weekly,2020-12-17T21:00:00.000,options,put
148,1607428440000,211.05,211.85,210.5,210.5,225,,13500,weekly,2020-12-17T21:00:00.000,options,put
149,1607428500000,209.0,209.95,209.0,209.95,225,,13500,weekly,2020-12-17T21:00:00.000,options,put
150,1607428560000,209.95,210.65,209.95,210.65,75,,13500,weekly,2020-12-17T21:00:00.000,options,put
151,1607428620000,210.65,215.75,210.65,215.75,300,,13500,weekly,2020-12-17T21:00:00.000,options,put
152,1607428680000,215.75,218.8,215.75,218.8,825,,13500,weekly,2020-12-17T21:00:00.000,options,put
153,1607428740000,218.8,222.7,218.8,220.0,675,,13500,weekly,2020-12-17T21:00:00.000,options,put
154,1607428800000,220.0,220.0,218.35,218.35,375,,13500,weekly,2020-12-17T21:00:00.000,options,put
155,1607428860000,218.35,218.35,216.95,217.45,375,,13500,weekly,2020-12-17T21:00:00.000,options,put
156,1607428920000,216.5,218.2,216.5,218.2,225,,13500,weekly,2020-12-17T21:00:00.000,options,put
157,1607428980000,218.2,218.2,216.0,216.0,75,,13500,weekly,2020-12-17T21:00:00.000,options,put
158,1607429040000,216.0,216.85,216.0,216.85,75,,13500,weekly,2020-12-17T21:00:00.000,options,put
159,1607429100000,216.85,220.75,216.85,220.75,300,,13500,weekly,2020-12-17T21:00:00.000,options,put
160,1607429220000,220.75,225.0,220.75,224.2,375,,13500,weekly,2020-12-17T21:00:00.000,options,put
161,1607429280000,224.2,228.3,224.2,225.65,150,,13500,weekly,2020-12-17T21:00:00.000,options,put
162,1607429340000,225.65,225.65,222.9,223.3,525,,13500,weekly,2020-12-17T21:00:00.000,options,put
163,1607429520000,223.3,223.3,219.9,219.9,75,,13500,weekly,2020-12-17T21:00:00.000,options,put
164,1607429580000,222.55,225.05,222.0,225.05,1050,,13500,weekly,2020-12-17T21:00:00.000,options,put
165,1607429640000,225.05,225.05,223.8,224.25,225,,13500,weekly,2020-12-17T21:00:00.000,options,put
166,1607429700000,224.25,229.0,224.25,229.0,300,,13500,weekly,2020-12-17T21:00:00.000,options,put
167,1607429760000,230.0,231.9,229.0,231.3,825,,13500,weekly,2020-12-17T21:00:00.000,options,put
168,1607429820000,231.3,231.3,229.05,231.0,300,,13500,weekly,2020-12-17T21:00:00.000,options,put
169,1607429880000,231.0,232.35,231.0,232.0,450,,13500,weekly,2020-12-17T21:00:00.000,options,put
170,1607429940000,232.0,232.0,230.5,230.8,225,,13500,weekly,2020-12-17T21:00:00.000,options,put
171,1607430000000,230.8,231.9,228.0,228.0,375,,13500,weekly,2020-12-17T21:00:00.000,options,put
172,1607430060000,228.0,228.0,218.0,218.0,675,,13500,weekly,2020-12-17T21:00:00.000,options,put
173,1607430120000,218.95,218.95,218.0,218.6,150,,13500,weekly,2020-12-17T21:00:00.000,options,put
174,1607430180000,218.6,218.6,217.0,217.0,600,,13500,weekly,2020-12-17T21:00:00.000,options,put
175,1607430240000,217.0,217.0,215.25,216.3,975,,13500,weekly,2020-12-17T21:00:00.000,options,put
176,1607430300000,216.3,218.0,216.3,218.0,75,,13500,weekly,2020-12-17T21:00:00.000,options,put
177,1607430360000,218.0,218.0,209.85,209.85,3225,,13500,weekly,2020-12-17T21:00:00.000,options,put
178,1607430420000,209.85,210.15,208.45,208.45,4425,,13500,weekly,2020-12-17T21:00:00.000,options,put
179,1607430480000,208.45,210.2,208.45,210.2,150,,13500,weekly,2020-12-17T21:00:00.000,options,put
180,1607430540000,210.2,210.2,209.75,210.0,150,,13500,weekly,2020-12-17T21:00:00.000,options,put
181,1607430600000,209.9,213.2,198.95,200.1,1050,,13500,weekly,2020-12-17T21:00:00.000,options,put
182,1607430660000,200.1,201.2,194.45,194.45,2475,,13500,weekly,2020-12-17T21:00:00.000,options,put
183,1607430720000,194.45,198.75,194.45,198.75,225,,13500,weekly,2020-12-17T21:00:00.000,options,put
184,1607430840000,198.75,204.2,198.75,203.7,1500,,13500,weekly,2020-12-17T21:00:00.000,options,put
185,1607430900000,203.7,203.7,201.9,202.2,1125,,13500,weekly,2020-12-17T21:00:00.000,options,put
186,1607430960000,202.2,209.7,202.2,209.7,300,,13500,weekly,2020-12-17T21:00:00.000,options,put
187,1607431020000,209.7,209.7,209.7,209.7,75,,13500,weekly,2020-12-17T21:00:00.000,options,put
188,1607431080000,209.7,211.5,209.7,211.5,300,,13500,weekly,2020-12-17T21:00:00.000,options,put
189,1607431140000,211.5,211.5,208.0,208.0,375,,13500,weekly,2020-12-17T21:00:00.000,options,put
190,1607431200000,208.0,210.35,207.7,210.35,600,,13500,weekly,2020-12-17T21:00:00.000,options,put
191,1607431260000,210.35,211.5,210.35,211.5,225,,13500,weekly,2020-12-17T21:00:00.000,options,put
192,1607431380000,211.5,211.5,207.2,207.55,225,,13500,weekly,2020-12-17T21:00:00.000,options,put
193,1607431440000,208.0,208.0,204.95,204.95,300,,13500,weekly,2020-12-17T21:00:00.000,options,put
194,1607431500000,204.95,205.0,204.15,204.15,225,,13500,weekly,2020-12-17T21:00:00.000,options,put
195,1607431680000,204.15,207.8,204.15,204.6,300,,13500,weekly,2020-12-17T21:00:00.000,options,put
196,1607431740000,204.6,205.6,203.75,205.6,450,,13500,weekly,2020-12-17T21:00:00.000,options,put
197,1607431800000,205.6,205.6,205.0,205.0,225,,13500,weekly,2020-12-17T21:00:00.000,options,put
198,1607431980000,205.0,205.25,205.0,205.0,225,,13500,weekly,2020-12-17T21:00:00.000,options,put
199,1607432040000,205.0,205.0,200.0,200.0,375,,13500,weekly,2020-12-17T21:00:00.000,options,put
200,1607432100000,200.0,200.0,200.0,200.0,300,,13500,weekly,2020-12-17T21:00:00.000,options,put
201,1607432160000,200.0,200.0,198.9,198.9,75,,13500,weekly,2020-12-17T21:00:00.000,options,put
202,1607432220000,198.9,199.05,197.55,197.55,1650,,13500,weekly,2020-12-17T21:00:00.000,options,put
203,1607432280000,197.55,198.35,197.55,198.35,600,,13500,weekly,2020-12-17T21:00:00.000,options,put
204,1607432340000,198.35,199.0,198.35,199.0,75,,13500,weekly,2020-12-17T21:00:00.000,options,put
205,1607432400000,199.0,199.0,193.2,195.0,1500,,13500,weekly,2020-12-17T21:00:00.000,options,put
206,1607432460000,195.0,197.25,195.0,197.25,75,,13500,weekly,2020-12-17T21:00:00.000,options,put
207,1607432520000,197.25,199.85,197.25,199.85,75,,13500,weekly,2020-12-17T21:00:00.000,options,put
208,1607432580000,199.85,201.0,199.85,200.4,2550,,13500,weekly,2020-12-17T21:00:00.000,options,put
209,1607432640000,200.4,202.2,200.4,202.2,375,,13500,weekly,2020-12-17T21:00:00.000,options,put
210,1607432700000,202.2,208.95,202.2,208.4,675,,13500,weekly,2020-12-17T21:00:00.000,options,put
211,1607432760000,208.4,217.0,208.4,215.3,1125,,13500,weekly,2020-12-17T21:00:00.000,options,put
212,1607432820000,215.3,215.3,209.3,210.15,900,,13500,weekly,2020-12-17T21:00:00.000,options,put
213,1607432880000,210.15,211.45,210.0,210.0,300,,13500,weekly,2020-12-17T21:00:00.000,options,put
214,1607432940000,210.0,213.0,210.0,213.0,225,,13500,weekly,2020-12-17T21:00:00.000,options,put
215,1607433000000,213.0,215.0,213.0,214.0,150,,13500,weekly,2020-12-17T21:00:00.000,options,put
216,1607433060000,214.0,214.0,203.8,203.8,975,,13500,weekly,2020-12-17T21:00:00.000,options,put
217,1607433120000,203.8,206.0,203.8,205.0,225,,13500,weekly,2020-12-17T21:00:00.000,options,put
218,1607433240000,205.0,205.0,204.0,204.0,525,,13500,weekly,2020-12-17T21:00:00.000,options,put
219,1607433300000,204.0,204.0,200.0,200.85,900,,13500,weekly,2020-12-17T21:00:00.000,options,put
220,1607433480000,200.85,201.2,200.0,201.2,225,,13500,weekly,2020-12-17T21:00:00.000,options,put
221,1607433540000,201.2,202.4,201.2,202.4,75,,13500,weekly,2020-12-17T21:00:00.000,options,put
222,1607433600000,202.4,202.4,202.0,202.4,225,,13500,weekly,2020-12-17T21:00:00.000,options,put
223,1607433660000,202.4,203.8,202.4,203.8,900,,13500,weekly,2020-12-17T21:00:00.000,options,put
224,1607433720000,203.8,203.8,195.95,195.95,975,,13500,weekly,2020-12-17T21:00:00.000,options,put
225,1607433780000,195.95,195.95,195.0,195.0,450,,13500,weekly,2020-12-17T21:00:00.000,options,put
226,1607433840000,195.0,196.4,195.0,196.4,300,,13500,weekly,2020-12-17T21:00:00.000,options,put
227,1607433900000,196.4,196.4,196.25,196.25,225,,13500,weekly,2020-12-17T21:00:00.000,options,put
228,1607434020000,196.25,197.5,196.25,197.5,150,,13500,weekly,2020-12-17T21:00:00.000,options,put
229,1607434200000,201.85,207.45,200.35,205.4,900,,13500,weekly,2020-12-17T21:00:00.000,options,put
230,1607434260000,205.4,208.0,205.4,206.55,1125,,13500,weekly,2020-12-17T21:00:00.000,options,put
231,1607434320000,206.5,206.5,198.15,198.15,600,,13500,weekly,2020-12-17T21:00:00.000,options,put
232,1607434380000,198.15,199.85,192.8,192.8,525,,13500,weekly,2020-12-17T21:00:00.000,options,put
233,1607434440000,192.8,192.9,191.0,192.8,600,,13500,weekly,2020-12-17T21:00:00.000,options,put
234,1607434500000,192.8,192.8,185.0,188.25,2700,,13500,weekly,2020-12-17T21:00:00.000,options,put
235,1607434560000,189.3,189.3,186.85,187.7,525,,13500,weekly,2020-12-17T21:00:00.000,options,put
236,1607434620000,187.7,190.9,187.7,190.6,225,,13500,weekly,2020-12-17T21:00:00.000,options,put
237,1607434680000,190.6,193.3,190.6,193.3,975,,13500,weekly,2020-12-17T21:00:00.000,options,put
238,1607434740000,193.3,196.15,193.3,196.15,150,,13500,weekly,2020-12-17T21:00:00.000,options,put
239,1607434800000,196.15,196.55,196.15,196.5,675,,13500,weekly,2020-12-17T21:00:00.000,options,put
240,1607434860000,196.5,196.5,192.0,192.0,150,,13500,weekly,2020-12-17T21:00:00.000,options,put
241,1607434920000,192.0,192.0,190.0,192.0,825,,13500,weekly,2020-12-17T21:00:00.000,options,put
242,1607434980000,192.0,192.0,191.0,191.0,75,,13500,weekly,2020-12-17T21:00:00.000,options,put
243,1607435040000,191.0,191.0,190.0,190.0,600,,13500,weekly,2020-12-17T21:00:00.000,options,put
244,1607435100000,190.0,193.05,189.75,193.05,900,,13500,weekly,2020-12-17T21:00:00.000,options,put
245,1607435160000,193.05,193.05,190.0,190.0,450,,13500,weekly,2020-12-17T21:00:00.000,options,put
246,1607435220000,190.0,190.0,188.0,188.0,75,,13500,weekly,2020-12-17T21:00:00.000,options,put
247,1607435280000,188.0,188.0,186.15,186.75,825,,13500,weekly,2020-12-17T21:00:00.000,options,put
248,1607435340000,186.75,190.0,186.75,188.3,375,,13500,weekly,2020-12-17T21:00:00.000,options,put
249,1607435460000,188.3,194.2,188.3,194.2,375,,13500,weekly,2020-12-17T21:00:00.000,options,put
250,1607435520000,194.2,194.2,191.15,191.15,75,,13500,weekly,2020-12-17T21:00:00.000,options,put
251,1607435580000,191.15,191.75,190.05,191.75,225,,13500,weekly,2020-12-17T21:00:00.000,options,put
252,1607435640000,191.75,191.75,191.0,191.0,150,,13500,weekly,2020-12-17T21:00:00.000,options,put
253,1607435700000,190.0,190.0,187.65,187.65,525,,13500,weekly,2020-12-17T21:00:00.000,options,put
254,1607435880000,187.65,187.65,179.4,181.75,1425,,13500,weekly,2020-12-17T21:00:00.000,options,put
255,1607435940000,181.75,183.3,181.75,183.3,600,,13500,weekly,2020-12-17T21:00:00.000,options,put
256,1607436000000,182.8,182.8,181.65,181.65,225,,13500,weekly,2020-12-17T21:00:00.000,options,put
257,1607436060000,181.65,188.0,181.65,188.0,225,,13500,weekly,2020-12-17T21:00:00.000,options,put
258,1607436120000,188.0,188.0,186.75,187.0,750,,13500,weekly,2020-12-17T21:00:00.000,options,put
259,1607436180000,186.7,187.0,185.0,185.2,900,,13500,weekly,2020-12-17T21:00:00.000,options,put
260,1607436240000,185.2,187.4,185.2,187.4,375,,13500,weekly,2020-12-17T21:00:00.000,options,put
261,1607436300000,187.4,187.4,187.4,187.4,375,,13500,weekly,2020-12-17T21:00:00.000,options,put
262,1607436480000,187.4,190.0,187.4,190.0,225,,13500,weekly,2020-12-17T21:00:00.000,options,put
263,1607436540000,190.0,190.0,188.85,188.85,225,,13500,weekly,2020-12-17T21:00:00.000,options,put
264,1607436600000,188.85,192.45,188.85,192.45,225,,13500,weekly,2020-12-17T21:00:00.000,options,put
265,1607436660000,192.45,192.7,191.85,192.7,225,,13500,weekly,2020-12-17T21:00:00.000,options,put
266,1607436720000,192.7,193.0,189.35,189.35,600,,13500,weekly,2020-12-17T21:00:00.000,options,put
267,1607436780000,189.35,189.35,186.8,187.15,225,,13500,weekly,2020-12-17T21:00:00.000,options,put
268,1607436840000,187.15,187.6,187.15,187.6,75,,13500,weekly,2020-12-17T21:00:00.000,options,put
269,1607436900000,187.6,187.6,181.8,181.85,975,,13500,weekly,2020-12-17T21:00:00.000,options,put
270,1607436960000,181.85,181.85,180.0,181.6,2175,,13500,weekly,2020-12-17T21:00:00.000,options,put
271,1607437020000,181.6,181.6,181.55,181.55,150,,13500,weekly,2020-12-17T21:00:00.000,options,put
272,1607437080000,181.55,182.0,181.0,182.0,150,,13500,weekly,2020-12-17T21:00:00.000,options,put
273,1607437140000,182.0,183.15,181.85,183.15,150,,13500,weekly,2020-12-17T21:00:00.000,options,put
274,1607437200000,183.15,183.15,177.15,178.95,1725,,13500,weekly,2020-12-17T21:00:00.000,options,put
275,1607437260000,178.95,178.95,177.65,177.65,825,,13500,weekly,2020-12-17T21:00:00.000,options,put
276,1607437320000,176.0,177.65,173.25,173.75,750,,13500,weekly,2020-12-17T21:00:00.000,options,put
277,1607437380000,173.75,175.45,173.75,175.45,150,,13500,weekly,2020-12-17T21:00:00.000,options,put
278,1607437440000,175.45,175.8,174.0,175.8,525,,13500,weekly,2020-12-17T21:00:00.000,options,put
279,1607437500000,175.8,176.0,175.8,176.0,150,,13500,weekly,2020-12-17T21:00:00.000,options,put
280,1607437560000,176.0,176.65,175.3,176.65,225,,13500,weekly,2020-12-17T21:00:00.000,options,put
281,1607437620000,176.65,177.0,174.6,177.0,225,,13500,weekly,2020-12-17T21:00:00.000,options,put
282,1607437680000,177.0,177.25,177.0,177.25,75,,13500,weekly,2020-12-17T21:00:00.000,options,put
283,1607437740000,177.25,178.25,177.25,177.25,525,,13500,weekly,2020-12-17T21:00:00.000,options,put
284,1607437800000,177.25,177.25,167.5,168.3,1575,,13500,weekly,2020-12-17T21:00:00.000,options,put
285,1607437860000,168.3,168.8,166.95,168.8,1200,,13500,weekly,2020-12-17T21:00:00.000,options,put
286,1607437920000,168.8,168.8,166.25,167.45,675,,13500,weekly,2020-12-17T21:00:00.000,options,put
287,1607437980000,167.45,169.35,167.0,169.35,1425,,13500,weekly,2020-12-17T21:00:00.000,options,put
288,1607438040000,169.35,172.7,169.35,172.7,600,,13500,weekly,2020-12-17T21:00:00.000,options,put
289,1607438100000,172.7,179.0,172.7,175.45,4425,,13500,weekly,2020-12-17T21:00:00.000,options,put
290,1607438160000,175.45,177.95,174.6,174.6,5400,,13500,weekly,2020-12-17T21:00:00.000,options,put
291,1607438220000,174.6,174.6,174.6,174.6,75,,13500,weekly,2020-12-17T21:00:00.000,options,put
292,1607438280000,174.6,174.6,171.0,174.55,900,,13500,weekly,2020-12-17T21:00:00.000,options,put
293,1607438340000,174.55,176.25,174.35,175.3,675,,13500,weekly,2020-12-17T21:00:00.000,options,put
294,1607438400000,175.3,176.25,175.3,176.25,150,,13500,weekly,2020-12-17T21:00:00.000,options,put
295,1607438460000,176.25,176.25,173.55,173.55,825,,13500,weekly,2020-12-17T21:00:00.000,options,put
296,1607438520000,173.55,176.0,173.55,176.0,750,,13500,weekly,2020-12-17T21:00:00.000,options,put
297,1607438580000,176.0,178.25,176.0,178.25,300,,13500,weekly,2020-12-17T21:00:00.000,options,put
298,1607438640000,178.25,179.5,177.8,178.25,750,,13500,weekly,2020-12-17T21:00:00.000,options,put
299,1607438760000,178.25,178.25,175.0,176.8,300,,13500,weekly,2020-12-17T21:00:00.000,options,put
300,1607438820000,176.8,178.95,176.8,178.95,1275,,13500,weekly,2020-12-17T21:00:00.000,options,put
301,1607438880000,178.95,183.55,178.95,183.55,3675,,13500,weekly,2020-12-17T21:00:00.000,options,put
302,1607438940000,183.55,183.55,182.0,183.2,375,,13500,weekly,2020-12-17T21:00:00.000,options,put
303,1607439000000,183.2,183.2,179.4,180.0,675,,13500,weekly,2020-12-17T21:00:00.000,options,put
304,1607439060000,180.0,180.0,179.5,179.5,375,,13500,weekly,2020-12-17T21:00:00.000,options,put
305,1607439120000,179.5,180.5,179.5,180.5,450,,13500,weekly,2020-12-17T21:00:00.000,options,put
306,1607439180000,180.5,181.65,180.5,181.0,450,,13500,weekly,2020-12-17T21:00:00.000,options,put
307,1607439240000,181.0,182.4,180.5,180.9,2400,,13500,weekly,2020-12-17T21:00:00.000,options,put
308,1607439360000,180.9,183.65,180.5,183.65,300,,13500,weekly,2020-12-17T21:00:00.000,options,put
309,1607439420000,181.75,186.35,181.75,186.35,600,,13500,weekly,2020-12-17T21:00:00.000,options,put
310,1607439480000,186.95,187.45,184.3,186.55,1125,,13500,weekly,2020-12-17T21:00:00.000,options,put
311,1607439540000,186.55,186.55,181.95,181.95,1725,,13500,weekly,2020-12-17T21:00:00.000,options,put
312,1607439600000,181.95,183.0,176.7,177.5,1725,,13500,weekly,2020-12-17T21:00:00.000,options,put
313,1607439660000,177.5,178.95,177.5,178.0,1275,,13500,weekly,2020-12-17T21:00:00.000,options,put
314,1607439720000,178.0,178.0,177.35,177.35,675,,13500,weekly,2020-12-17T21:00:00.000,options,put
315,1607439780000,177.35,179.35,177.35,179.35,75,,13500,weekly,2020-12-17T21:00:00.000,options,put
316,1607439840000,179.35,179.35,177.3,177.3,75,,13500,weekly,2020-12-17T21:00:00.000,options,put
317,1607439900000,177.3,177.3,177.0,177.0,75,,13500,weekly,2020-12-17T21:00:00.000,options,put
318,1607439960000,177.0,177.0,173.6,173.95,975,,13500,weekly,2020-12-17T21:00:00.000,options,put
319,1607440080000,173.95,180.7,173.95,179.85,1050,,13500,weekly,2020-12-17T21:00:00.000,options,put
320,1607440140000,179.85,190.0,179.85,190.0,1350,,13500,weekly,2020-12-17T21:00:00.000,options,put
321,1607440200000,190.0,192.15,188.25,190.5,3075,,13500,weekly,2020-12-17T21:00:00.000,options,put
322,1607440260000,191.0,192.55,188.8,188.8,525,,13500,weekly,2020-12-17T21:00:00.000,options,put
323,1607440320000,188.8,188.8,184.6,187.9,1725,,13500,weekly,2020-12-17T21:00:00.000,options,put
324,1607440380000,187.9,188.9,185.9,188.9,2250,,13500,weekly,2020-12-17T21:00:00.000,options,put
325,1607440440000,188.9,189.0,187.0,189.0,225,,13500,weekly,2020-12-17T21:00:00.000,options,put
326,1607440500000,190.95,193.0,189.0,193.0,750,,13500,weekly,2020-12-17T21:00:00.000,options,put
327,1607440560000,193.0,193.0,191.15,191.15,750,,13500,weekly,2020-12-17T21:00:00.000,options,put
328,1607440620000,191.15,193.85,191.15,193.85,825,,13500,weekly,2020-12-17T21:00:00.000,options,put
329,1607440680000,193.85,193.85,192.65,192.65,525,,13500,weekly,2020-12-17T21:00:00.000,options,put
330,1607440740000,192.65,192.65,191.4,191.4,750,,13500,weekly,2020-12-17T21:00:00.000,options,put
331,1607440800000,191.95,192.9,190.2,192.9,2700,,13500,weekly,2020-12-17T21:00:00.000,options,put
332,1607440860000,192.9,193.15,192.8,192.8,3750,,13500,weekly,2020-12-17T21:00:00.000,options,put
333,1607440920000,192.8,195.3,192.8,194.25,375,,13500,weekly,2020-12-17T21:00:00.000,options,put
334,1607440980000,194.25,194.35,194.0,194.0,225,,13500,weekly,2020-12-17T21:00:00.000,options,put
335,1607441040000,194.0,194.2,192.7,193.6,600,,13500,weekly,2020-12-17T21:00:00.000,options,put
336,1607441100000,193.6,194.85,193.1,194.85,1125,,13500,weekly,2020-12-17T21:00:00.000,options,put
337,1607441160000,194.85,194.9,192.95,192.95,675,,13500,weekly,2020-12-17T21:00:00.000,options,put
338,1607441220000,192.95,193.25,192.45,193.0,750,,13500,weekly,2020-12-17T21:00:00.000,options,put
339,1607441280000,193.0,194.4,192.6,192.6,600,,13500,weekly,2020-12-17T21:00:00.000,options,put
340,1607441340000,192.6,193.0,192.1,193.0,825,,13500,weekly,2020-12-17T21:00:00.000,options,put
