,timestamp,open,high,low,close,volume,open_interest,strike,expiry_type,expiry,instrument,contract_type
0,1642410900000,514.6,609.2,483.5,484.95,17125,80525,38600,weekly,2022-1-20T21:00:00.000,options,put
1,1642410960000,475.0,475.0,416.4,421.6,36950,80525,38600,weekly,2022-1-20T21:00:00.000,options,put
2,1642411020000,423.65,429.2,403.05,403.05,42175,100575,38600,weekly,2022-1-20T21:00:00.000,options,put
3,1642411080000,402.05,402.65,386.1,388.3,64625,100575,38600,weekly,2022-1-20T21:00:00.000,options,put
4,1642411140000,384.05,392.4,373.1,381.4,75675,100575,38600,weekly,2022-1-20T21:00:00.000,options,put
5,1642411200000,378.15,378.15,345.35,351.75,147375,177575,38600,weekly,2022-1-20T21:00:00.000,options,put
6,1642411260000,348.8,361.45,338.1,360.0,174450,177575,38600,weekly,2022-1-20T21:00:00.000,options,put
7,1642411320000,360.15,370.65,359.0,367.8,145550,177575,38600,weekly,2022-1-20T21:00:00.000,options,put
8,1642411380000,367.9,387.2,364.7,370.15,145925,311200,38600,weekly,2022-1-20T21:00:00.000,options,put
9,1642411440000,372.1,385.8,370.6,376.45,94875,311200,38600,weekly,2022-1-20T21:00:00.000,options,put
10,1642411500000,376.1,429.95,372.3,423.7,210850,311200,38600,weekly,2022-1-20T21:00:00.000,options,put
11,1642411560000,418.4,429.45,399.65,421.75,131675,295325,38600,weekly,2022-1-20T21:00:00.000,options,put
12,1642411620000,423.65,433.45,412.15,412.15,97775,295325,38600,weekly,2022-1-20T21:00:00.000,options,put
13,1642411680000,413.6,491.25,411.95,476.0,234575,295325,38600,weekly,2022-1-20T21:00:00.000,options,put
14,1642411740000,480.0,509.65,475.6,479.9,129050,253675,38600,weekly,2022-1-20T21:00:00.000,options,put
15,1642411800000,473.5,473.5,445.2,463.15,59825,253675,38600,weekly,2022-1-20T21:00:00.000,options,put
16,1642411860000,459.55,475.0,429.95,464.55,74825,253675,38600,weekly,2022-1-20T21:00:00.000,options,put
17,1642411920000,462.5,463.0,443.0,452.15,58325,245775,38600,weekly,2022-1-20T21:00:00.000,options,put
18,1642411980000,453.95,462.95,443.75,462.95,50300,245775,38600,weekly,2022-1-20T21:00:00.000,options,put
19,1642412040000,467.85,474.15,449.75,456.5,98650,245775,38600,weekly,2022-1-20T21:00:00.000,options,put
20,1642412100000,457.9,467.95,441.8,445.35,48075,306450,38600,weekly,2022-1-20T21:00:00.000,options,put
21,1642412160000,445.15,447.3,420.0,435.45,44375,306450,38600,weekly,2022-1-20T21:00:00.000,options,put
22,1642412220000,431.9,438.45,422.0,428.1,34050,306450,38600,weekly,2022-1-20T21:00:00.000,options,put
23,1642412280000,422.0,427.9,414.0,419.75,35825,309600,38600,weekly,2022-1-20T21:00:00.000,options,put
24,1642412340000,418.7,442.0,418.7,434.55,47525,309600,38600,weekly,2022-1-20T21:00:00.000,options,put
25,1642412400000,433.65,464.1,430.0,464.1,71225,309600,38600,weekly,2022-1-20T21:00:00.000,options,put
26,1642412460000,463.35,463.35,432.75,442.0,35400,309225,38600,weekly,2022-1-20T21:00:00.000,options,put
27,1642412520000,440.0,472.45,440.0,458.75,48275,309225,38600,weekly,2022-1-20T21:00:00.000,options,put
28,1642412580000,457.5,478.0,456.55,463.55,59325,309225,38600,weekly,2022-1-20T21:00:00.000,options,put
29,1642412640000,463.8,471.2,455.05,467.4,38425,311625,38600,weekly,2022-1-20T21:00:00.000,options,put
30,1642412700000,468.8,480.7,461.2,471.05,63925,311625,38600,weekly,2022-1-20T21:00:00.000,options,put
31,1642412760000,471.95,497.35,470.25,494.85,61550,311625,38600,weekly,2022-1-20T21:00:00.000,options,put
32,1642412820000,497.3,513.35,493.95,500.15,65375,296425,38600,weekly,2022-1-20T21:00:00.000,options,put
33,1642412880000,502.65,513.4,496.65,509.25,35050,296425,38600,weekly,2022-1-20T21:00:00.000,options,put
34,1642412940000,513.45,515.6,488.35,498.55,44925,296425,38600,weekly,2022-1-20T21:00:00.000,options,put
35,1642413000000,501.9,562.25,499.0,540.55,104650,260275,38600,weekly,2022-1-20T21:00:00.000,options,put
36,1642413060000,537.3,545.15,507.0,514.0,32125,260275,38600,weekly,2022-1-20T21:00:00.000,options,put
37,1642413120000,512.95,514.9,497.1,514.35,26450,260275,38600,weekly,2022-1-20T21:00:00.000,options,put
38,1642413180000,518.75,520.55,502.0,503.6,21850,261550,38600,weekly,2022-1-20T21:00:00.000,options,put
39,1642413240000,503.6,518.45,495.45,516.9,16550,261550,38600,weekly,2022-1-20T21:00:00.000,options,put
40,1642413300000,512.35,524.65,494.95,494.95,29675,261550,38600,weekly,2022-1-20T21:00:00.000,options,put
41,1642413360000,499.75,513.45,496.45,513.45,19125,265650,38600,weekly,2022-1-20T21:00:00.000,options,put
42,1642413420000,513.45,523.0,503.3,509.95,19575,265650,38600,weekly,2022-1-20T21:00:00.000,options,put
43,1642413480000,509.2,510.75,477.0,491.5,25475,265650,38600,weekly,2022-1-20T21:00:00.000,options,put
44,1642413540000,491.75,505.0,489.9,500.9,13800,269250,38600,weekly,2022-1-20T21:00:00.000,options,put
45,1642413600000,500.0,501.5,478.0,487.65,22700,269250,38600,weekly,2022-1-20T21:00:00.000,options,put
46,1642413660000,487.9,489.6,473.05,473.05,13875,269250,38600,weekly,2022-1-20T21:00:00.000,options,put
47,1642413720000,473.5,488.6,473.0,483.25,12575,265350,38600,weekly,2022-1-20T21:00:00.000,options,put
48,1642413780000,483.7,491.75,478.3,483.95,19800,265350,38600,weekly,2022-1-20T21:00:00.000,options,put
49,1642413840000,481.85,486.65,460.0,466.55,22500,265350,38600,weekly,2022-1-20T21:00:00.000,options,put
50,1642413900000,465.4,466.35,451.6,465.55,18150,260200,38600,weekly,2022-1-20T21:00:00.000,options,put
51,1642413960000,465.3,480.0,463.0,475.4,19050,260200,38600,weekly,2022-1-20T21:00:00.000,options,put
52,1642414020000,475.1,489.0,460.95,461.15,16800,260200,38600,weekly,2022-1-20T21:00:00.000,options,put
53,1642414080000,461.65,461.65,442.85,453.1,18950,262500,38600,weekly,2022-1-20T21:00:00.000,options,put
54,1642414140000,450.95,457.95,446.5,454.6,8125,262500,38600,weekly,2022-1-20T21:00:00.000,options,put
55,1642414200000,457.0,466.7,454.75,454.75,10625,262500,38600,weekly,2022-1-20T21:00:00.000,options,put
56,1642414260000,454.85,459.9,446.4,449.05,4650,264300,38600,weekly,2022-1-20T21:00:00.000,options,put
57,1642414320000,448.25,469.9,448.0,467.3,9450,264300,38600,weekly,2022-1-20T21:00:00.000,options,put
58,1642414380000,468.3,476.15,465.45,475.0,15225,264300,38600,weekly,2022-1-20T21:00:00.000,options,put
59,1642414440000,473.25,473.25,463.25,463.65,7575,266200,38600,weekly,2022-1-20T21:00:00.000,options,put
60,1642414500000,464.1,464.1,454.45,456.75,4925,266200,38600,weekly,2022-1-20T21:00:00.000,options,put
61,1642414560000,456.75,467.2,455.9,464.6,4250,266200,38600,weekly,2022-1-20T21:00:00.000,options,put
62,1642414620000,464.6,470.65,456.65,460.95,11850,273825,38600,weekly,2022-1-20T21:00:00.000,options,put
63,1642414680000,460.5,470.0,460.0,466.85,9300,273825,38600,weekly,2022-1-20T21:00:00.000,options,put
64,1642414740000,467.9,472.8,462.65,466.1,9225,273825,38600,weekly,2022-1-20T21:00:00.000,options,put
65,1642414800000,466.6,477.4,466.6,468.75,18075,276325,38600,weekly,2022-1-20T21:00:00.000,options,put
66,1642414860000,464.55,471.4,462.95,471.4,12225,276325,38600,weekly,2022-1-20T21:00:00.000,options,put
67,1642414920000,471.9,477.4,470.6,471.75,6475,276325,38600,weekly,2022-1-20T21:00:00.000,options,put
68,1642414980000,471.75,471.75,458.0,463.2,12325,275500,38600,weekly,2022-1-20T21:00:00.000,options,put
69,1642415040000,462.25,466.6,454.35,455.85,10500,275500,38600,weekly,2022-1-20T21:00:00.000,options,put
70,1642415100000,454.95,455.55,442.4,451.5,17900,275500,38600,weekly,2022-1-20T21:00:00.000,options,put
71,1642415160000,450.8,469.45,446.85,467.8,11100,273450,38600,weekly,2022-1-20T21:00:00.000,options,put
72,1642415220000,467.95,474.9,465.0,470.0,8625,273450,38600,weekly,2022-1-20T21:00:00.000,options,put
73,1642415280000,471.7,486.35,468.0,481.0,10875,273450,38600,weekly,2022-1-20T21:00:00.000,options,put
74,1642415340000,483.6,487.1,475.7,479.3,15475,271275,38600,weekly,2022-1-20T21:00:00.000,options,put
75,1642415400000,478.85,479.85,469.9,476.45,13125,271275,38600,weekly,2022-1-20T21:00:00.000,options,put
76,1642415460000,474.4,476.0,469.7,474.0,6850,271275,38600,weekly,2022-1-20T21:00:00.000,options,put
77,1642415520000,474.0,482.4,473.4,480.8,6450,274225,38600,weekly,2022-1-20T21:00:00.000,options,put
78,1642415580000,480.75,481.95,473.75,479.7,3900,274225,38600,weekly,2022-1-20T21:00:00.000,options,put
79,1642415640000,479.7,483.0,471.4,471.4,3175,274225,38600,weekly,2022-1-20T21:00:00.000,options,put
80,1642415700000,472.0,472.45,459.0,468.35,7550,273900,38600,weekly,2022-1-20T21:00:00.000,options,put
81,1642415760000,468.35,471.2,461.55,465.35,3775,273900,38600,weekly,2022-1-20T21:00:00.000,options,put
82,1642415820000,465.3,465.65,450.0,457.15,9525,273900,38600,weekly,2022-1-20T21:00:00.000,options,put
83,1642415880000,458.0,466.65,458.0,463.7,6075,273950,38600,weekly,2022-1-20T21:00:00.000,options,put
84,1642415940000,463.7,465.0,455.0,461.75,6200,273950,38600,weekly,2022-1-20T21:00:00.000,options,put
85,1642416000000,461.75,468.9,460.0,465.15,6075,273950,38600,weekly,2022-1-20T21:00:00.000,options,put
86,1642416060000,465.15,467.7,457.05,466.6,5875,274600,38600,weekly,2022-1-20T21:00:00.000,options,put
87,1642416120000,464.8,470.9,463.4,463.65,5225,274600,38600,weekly,2022-1-20T21:00:00.000,options,put
88,1642416180000,462.65,464.65,458.1,464.5,4875,274600,38600,weekly,2022-1-20T21:00:00.000,options,put
89,1642416240000,461.25,464.65,457.05,463.1,4675,274375,38600,weekly,2022-1-20T21:00:00.000,options,put
90,1642416300000,463.0,464.4,455.75,464.15,2450,274375,38600,weekly,2022-1-20T21:00:00.000,options,put
91,1642416360000,465.65,468.25,463.0,463.0,4625,274375,38600,weekly,2022-1-20T21:00:00.000,options,put
92,1642416420000,459.9,460.0,455.25,458.45,4750,275475,38600,weekly,2022-1-20T21:00:00.000,options,put
93,1642416480000,458.45,469.15,455.8,469.15,11175,275475,38600,weekly,2022-1-20T21:00:00.000,options,put
94,1642416540000,469.15,473.5,468.0,471.6,10675,275475,38600,weekly,2022-1-20T21:00:00.000,options,put
95,1642416600000,471.95,477.6,467.0,472.35,9450,274275,38600,weekly,2022-1-20T21:00:00.000,options,put
96,1642416660000,468.1,473.45,468.1,471.6,4900,274275,38600,weekly,2022-1-20T21:00:00.000,options,put
97,1642416720000,472.9,486.4,470.7,478.0,14150,274275,38600,weekly,2022-1-20T21:00:00.000,options,put
98,1642416780000,479.15,489.1,475.95,485.45,12750,273825,38600,weekly,2022-1-20T21:00:00.000,options,put
99,1642416840000,485.35,486.9,479.5,486.0,7775,273825,38600,weekly,2022-1-20T21:00:00.000,options,put
100,1642416900000,485.45,498.6,482.4,493.7,21425,273825,38600,weekly,2022-1-20T21:00:00.000,options,put
101,1642416960000,496.95,498.55,473.95,478.35,20025,272725,38600,weekly,2022-1-20T21:00:00.000,options,put
102,1642417020000,478.35,481.85,471.8,471.8,4550,272725,38600,weekly,2022-1-20T21:00:00.000,options,put
103,1642417080000,471.8,478.15,470.05,477.3,5950,272725,38600,weekly,2022-1-20T21:00:00.000,options,put
104,1642417140000,476.75,478.6,471.75,474.15,2675,272725,38600,weekly,2022-1-20T21:00:00.000,options,put
105,1642417200000,472.0,478.9,465.3,475.05,11100,272725,38600,weekly,2022-1-20T21:00:00.000,options,put
106,1642417260000,475.25,475.25,455.8,457.05,19450,272725,38600,weekly,2022-1-20T21:00:00.000,options,put
107,1642417320000,457.7,466.95,456.0,463.2,7700,271875,38600,weekly,2022-1-20T21:00:00.000,options,put
108,1642417380000,461.3,463.0,431.25,437.8,34575,271875,38600,weekly,2022-1-20T21:00:00.000,options,put
109,1642417440000,439.35,450.3,433.0,448.0,20675,271875,38600,weekly,2022-1-20T21:00:00.000,options,put
110,1642417500000,446.4,454.7,443.7,449.8,9150,279075,38600,weekly,2022-1-20T21:00:00.000,options,put
111,1642417560000,444.4,455.2,443.55,453.4,12275,279075,38600,weekly,2022-1-20T21:00:00.000,options,put
112,1642417620000,452.55,458.2,450.1,456.25,10825,279075,38600,weekly,2022-1-20T21:00:00.000,options,put
113,1642417680000,458.0,460.0,450.85,450.85,5375,283250,38600,weekly,2022-1-20T21:00:00.000,options,put
114,1642417740000,450.85,455.4,450.0,450.1,6800,283250,38600,weekly,2022-1-20T21:00:00.000,options,put
115,1642417800000,450.1,462.2,450.1,460.65,9125,283250,38600,weekly,2022-1-20T21:00:00.000,options,put
116,1642417860000,460.65,460.65,451.9,453.45,9925,282500,38600,weekly,2022-1-20T21:00:00.000,options,put
117,1642417920000,454.0,466.65,452.95,460.0,11675,282500,38600,weekly,2022-1-20T21:00:00.000,options,put
118,1642417980000,460.0,462.15,455.0,455.55,11250,282500,38600,weekly,2022-1-20T21:00:00.000,options,put
119,1642418040000,455.4,461.35,454.7,458.0,5975,273400,38600,weekly,2022-1-20T21:00:00.000,options,put
120,1642418100000,458.45,458.45,448.2,450.45,6200,273400,38600,weekly,2022-1-20T21:00:00.000,options,put
121,1642418160000,449.5,450.6,441.4,441.4,11200,273400,38600,weekly,2022-1-20T21:00:00.000,options,put
122,1642418220000,443.65,444.0,435.35,442.25,14900,270225,38600,weekly,2022-1-20T21:00:00.000,options,put
123,1642418280000,441.5,448.4,441.5,446.75,11700,270225,38600,weekly,2022-1-20T21:00:00.000,options,put
124,1642418340000,446.45,450.5,442.95,447.6,11025,270225,38600,weekly,2022-1-20T21:00:00.000,options,put
125,1642418400000,447.6,450.5,445.15,448.2,5900,268650,38600,weekly,2022-1-20T21:00:00.000,options,put
126,1642418460000,447.5,449.8,446.05,448.1,3175,268650,38600,weekly,2022-1-20T21:00:00.000,options,put
127,1642418520000,448.1,450.0,443.65,443.65,8000,268650,38600,weekly,2022-1-20T21:00:00.000,options,put
128,1642418580000,443.9,453.05,443.9,447.4,6325,269100,38600,weekly,2022-1-20T21:00:00.000,options,put
129,1642418640000,447.4,453.05,447.4,452.8,2600,269100,38600,weekly,2022-1-20T21:00:00.000,options,put
130,1642418700000,453.35,458.3,452.25,457.05,4850,269100,38600,weekly,2022-1-20T21:00:00.000,options,put
131,1642418760000,457.25,461.25,456.1,457.9,4675,263150,38600,weekly,2022-1-20T21:00:00.000,options,put
132,1642418820000,458.1,460.9,454.0,457.9,6925,263150,38600,weekly,2022-1-20T21:00:00.000,options,put
133,1642418880000,459.9,482.8,459.55,471.9,25250,263150,38600,weekly,2022-1-20T21:00:00.000,options,put
134,1642418940000,472.55,479.0,471.35,475.8,9975,263850,38600,weekly,2022-1-20T21:00:00.000,options,put
135,1642419000000,473.0,487.7,472.0,482.55,17850,263850,38600,weekly,2022-1-20T21:00:00.000,options,put
136,1642419060000,482.9,485.65,478.15,485.65,15400,263850,38600,weekly,2022-1-20T21:00:00.000,options,put
137,1642419120000,487.0,496.45,479.9,481.95,23375,260725,38600,weekly,2022-1-20T21:00:00.000,options,put
138,1642419180000,480.65,480.65,452.45,474.0,16875,260725,38600,weekly,2022-1-20T21:00:00.000,options,put
139,1642419240000,473.3,486.75,473.3,483.75,13900,260725,38600,weekly,2022-1-20T21:00:00.000,options,put
140,1642419300000,484.65,503.0,482.7,493.1,22550,263075,38600,weekly,2022-1-20T21:00:00.000,options,put
141,1642419360000,493.3,499.45,486.45,486.5,11025,263075,38600,weekly,2022-1-20T21:00:00.000,options,put
142,1642419420000,484.5,488.7,475.75,488.7,10775,263075,38600,weekly,2022-1-20T21:00:00.000,options,put
143,1642419480000,491.0,492.3,477.35,482.4,7525,265475,38600,weekly,2022-1-20T21:00:00.000,options,put
144,1642419540000,482.0,482.0,474.0,477.85,4350,265475,38600,weekly,2022-1-20T21:00:00.000,options,put
145,1642419600000,481.25,485.95,477.4,484.35,4425,265475,38600,weekly,2022-1-20T21:00:00.000,options,put
146,1642419660000,481.0,483.8,472.05,472.05,6750,264700,38600,weekly,2022-1-20T21:00:00.000,options,put
147,1642419720000,472.0,481.65,470.25,476.0,5775,264700,38600,weekly,2022-1-20T21:00:00.000,options,put
148,1642419780000,480.7,481.4,477.1,480.05,6925,264700,38600,weekly,2022-1-20T21:00:00.000,options,put
149,1642419840000,480.05,483.9,479.55,479.95,2675,265350,38600,weekly,2022-1-20T21:00:00.000,options,put
150,1642419900000,480.3,496.75,480.3,494.0,16575,265350,38600,weekly,2022-1-20T21:00:00.000,options,put
151,1642419960000,495.0,508.6,494.3,505.85,27250,265350,38600,weekly,2022-1-20T21:00:00.000,options,put
152,1642420020000,506.85,506.85,492.0,497.15,12425,262525,38600,weekly,2022-1-20T21:00:00.000,options,put
153,1642420080000,497.6,503.0,496.2,499.95,10950,262525,38600,weekly,2022-1-20T21:00:00.000,options,put
154,1642420140000,500.35,503.15,492.1,496.25,8900,262525,38600,weekly,2022-1-20T21:00:00.000,options,put
155,1642420200000,496.25,501.0,488.25,488.45,6475,264550,38600,weekly,2022-1-20T21:00:00.000,options,put
156,1642420260000,488.6,490.3,477.25,483.85,10375,264550,38600,weekly,2022-1-20T21:00:00.000,options,put
157,1642420320000,486.0,489.45,477.3,480.75,5050,264550,38600,weekly,2022-1-20T21:00:00.000,options,put
158,1642420380000,477.6,485.45,477.6,481.55,3500,263475,38600,weekly,2022-1-20T21:00:00.000,options,put
159,1642420440000,481.55,481.55,472.0,475.4,9575,263475,38600,weekly,2022-1-20T21:00:00.000,options,put
160,1642420500000,473.95,474.0,463.55,464.7,8075,263475,38600,weekly,2022-1-20T21:00:00.000,options,put
161,1642420560000,465.5,471.15,463.5,469.2,4375,265350,38600,weekly,2022-1-20T21:00:00.000,options,put
162,1642420620000,469.2,474.25,467.4,467.4,7875,265350,38600,weekly,2022-1-20T21:00:00.000,options,put
163,1642420680000,467.4,468.85,459.0,468.85,9300,265350,38600,weekly,2022-1-20T21:00:00.000,options,put
164,1642420740000,469.0,475.55,468.4,475.2,9675,267825,38600,weekly,2022-1-20T21:00:00.000,options,put
165,1642420800000,472.0,487.8,470.0,487.35,13675,267825,38600,weekly,2022-1-20T21:00:00.000,options,put
166,1642420860000,488.7,492.0,481.75,486.6,15250,267825,38600,weekly,2022-1-20T21:00:00.000,options,put
167,1642420920000,486.65,498.2,485.0,488.45,11750,262850,38600,weekly,2022-1-20T21:00:00.000,options,put
168,1642420980000,488.45,493.0,487.0,492.3,8500,262850,38600,weekly,2022-1-20T21:00:00.000,options,put
169,1642421040000,491.5,502.3,489.4,502.0,11775,262850,38600,weekly,2022-1-20T21:00:00.000,options,put
170,1642421100000,502.0,517.55,497.2,499.5,28925,260250,38600,weekly,2022-1-20T21:00:00.000,options,put
171,1642421160000,492.35,511.0,480.15,508.65,14300,260250,38600,weekly,2022-1-20T21:00:00.000,options,put
172,1642421220000,509.0,509.0,493.65,495.4,5550,260250,38600,weekly,2022-1-20T21:00:00.000,options,put
173,1642421280000,496.65,505.25,492.7,503.55,4775,257600,38600,weekly,2022-1-20T21:00:00.000,options,put
174,1642421340000,502.95,523.85,502.35,521.75,20325,257600,38600,weekly,2022-1-20T21:00:00.000,options,put
175,1642421400000,521.3,537.1,515.0,522.35,35300,257600,38600,weekly,2022-1-20T21:00:00.000,options,put
176,1642421460000,520.4,525.0,513.7,522.45,10700,249050,38600,weekly,2022-1-20T21:00:00.000,options,put
177,1642421520000,521.55,535.9,521.55,533.05,17600,249050,38600,weekly,2022-1-20T21:00:00.000,options,put
178,1642421580000,532.35,536.85,525.7,535.4,13125,249050,38600,weekly,2022-1-20T21:00:00.000,options,put
179,1642421640000,536.35,536.4,520.0,532.25,10750,241825,38600,weekly,2022-1-20T21:00:00.000,options,put
180,1642421700000,533.95,534.7,525.0,532.65,9450,241825,38600,weekly,2022-1-20T21:00:00.000,options,put
181,1642421760000,536.85,614.95,536.35,593.25,98175,241825,38600,weekly,2022-1-20T21:00:00.000,options,put
182,1642421820000,585.55,590.25,563.0,566.4,20125,243375,38600,weekly,2022-1-20T21:00:00.000,options,put
183,1642421880000,565.55,572.6,557.15,566.1,8000,243375,38600,weekly,2022-1-20T21:00:00.000,options,put
184,1642421940000,565.3,565.3,548.8,552.6,12350,243375,38600,weekly,2022-1-20T21:00:00.000,options,put
185,1642422000000,552.7,564.55,551.75,563.15,9350,243375,38600,weekly,2022-1-20T21:00:00.000,options,put
186,1642422060000,563.35,563.45,552.0,555.0,4700,245025,38600,weekly,2022-1-20T21:00:00.000,options,put
187,1642422120000,555.9,555.9,545.5,551.1,6850,245025,38600,weekly,2022-1-20T21:00:00.000,options,put
188,1642422180000,551.15,551.85,537.0,543.45,5775,245025,38600,weekly,2022-1-20T21:00:00.000,options,put
189,1642422240000,543.0,548.35,537.75,546.95,5575,243325,38600,weekly,2022-1-20T21:00:00.000,options,put
190,1642422300000,548.75,564.8,545.1,564.8,9625,243325,38600,weekly,2022-1-20T21:00:00.000,options,put
191,1642422360000,563.75,568.0,550.1,551.4,9525,243325,38600,weekly,2022-1-20T21:00:00.000,options,put
192,1642422420000,550.0,552.5,529.25,529.25,6925,251975,38600,weekly,2022-1-20T21:00:00.000,options,put
193,1642422480000,527.55,534.0,520.35,525.1,14300,251975,38600,weekly,2022-1-20T21:00:00.000,options,put
194,1642422540000,525.1,537.0,523.45,534.75,6725,251975,38600,weekly,2022-1-20T21:00:00.000,options,put
195,1642422600000,535.45,545.85,529.1,544.5,7200,250925,38600,weekly,2022-1-20T21:00:00.000,options,put
196,1642422660000,542.15,552.35,537.0,548.6,9075,250925,38600,weekly,2022-1-20T21:00:00.000,options,put
197,1642422720000,547.6,550.8,535.0,536.75,7075,250925,38600,weekly,2022-1-20T21:00:00.000,options,put
198,1642422780000,535.0,537.9,520.0,525.0,8400,252300,38600,weekly,2022-1-20T21:00:00.000,options,put
199,1642422840000,525.75,539.5,525.75,539.5,12025,252300,38600,weekly,2022-1-20T21:00:00.000,options,put
200,1642422900000,536.3,538.2,525.15,526.5,12825,252300,38600,weekly,2022-1-20T21:00:00.000,options,put
201,1642422960000,526.5,528.25,520.5,523.9,4700,258925,38600,weekly,2022-1-20T21:00:00.000,options,put
202,1642423020000,522.9,532.15,518.95,520.0,13000,258925,38600,weekly,2022-1-20T21:00:00.000,options,put
203,1642423080000,520.3,520.3,507.75,515.1,16800,258925,38600,weekly,2022-1-20T21:00:00.000,options,put
204,1642423140000,515.4,527.9,513.0,525.45,15450,263150,38600,weekly,2022-1-20T21:00:00.000,options,put
205,1642423200000,523.4,531.95,522.95,527.25,10600,263150,38600,weekly,2022-1-20T21:00:00.000,options,put
206,1642423260000,525.45,525.45,517.2,519.85,6275,263150,38600,weekly,2022-1-20T21:00:00.000,options,put
207,1642423320000,520.25,524.15,518.0,519.05,3250,271500,38600,weekly,2022-1-20T21:00:00.000,options,put
208,1642423380000,519.05,527.65,519.05,523.6,1625,271500,38600,weekly,2022-1-20T21:00:00.000,options,put
209,1642423440000,523.55,534.9,523.55,531.95,5875,271500,38600,weekly,2022-1-20T21:00:00.000,options,put
210,1642423500000,531.95,534.45,523.45,533.9,3425,272050,38600,weekly,2022-1-20T21:00:00.000,options,put
211,1642423560000,533.65,533.65,521.5,525.05,5600,272050,38600,weekly,2022-1-20T21:00:00.000,options,put
212,1642423620000,525.0,525.0,519.0,522.75,2350,272050,38600,weekly,2022-1-20T21:00:00.000,options,put
213,1642423680000,522.85,537.1,521.25,536.2,9700,274850,38600,weekly,2022-1-20T21:00:00.000,options,put
214,1642423740000,539.0,554.2,535.8,549.1,16000,274850,38600,weekly,2022-1-20T21:00:00.000,options,put
215,1642423800000,550.3,550.3,530.65,537.25,12475,274850,38600,weekly,2022-1-20T21:00:00.000,options,put
216,1642423860000,537.25,549.0,537.2,545.65,11650,271400,38600,weekly,2022-1-20T21:00:00.000,options,put
217,1642423920000,547.75,555.0,546.3,552.05,14725,271400,38600,weekly,2022-1-20T21:00:00.000,options,put
218,1642423980000,550.3,550.3,540.15,543.25,5650,271400,38600,weekly,2022-1-20T21:00:00.000,options,put
219,1642424040000,540.0,540.0,524.75,539.05,13150,263125,38600,weekly,2022-1-20T21:00:00.000,options,put
220,1642424100000,538.0,543.3,533.25,535.15,5650,263125,38600,weekly,2022-1-20T21:00:00.000,options,put
221,1642424160000,535.0,535.0,523.25,532.3,6275,263125,38600,weekly,2022-1-20T21:00:00.000,options,put
222,1642424220000,530.2,540.1,530.2,536.0,4550,263375,38600,weekly,2022-1-20T21:00:00.000,options,put
223,1642424280000,537.2,544.0,534.45,542.75,2650,263375,38600,weekly,2022-1-20T21:00:00.000,options,put
224,1642424340000,542.5,555.0,542.5,551.0,8075,263375,38600,weekly,2022-1-20T21:00:00.000,options,put
225,1642424400000,550.0,551.35,544.7,548.65,11575,254125,38600,weekly,2022-1-20T21:00:00.000,options,put
226,1642424460000,548.5,548.85,532.3,535.05,5100,254125,38600,weekly,2022-1-20T21:00:00.000,options,put
227,1642424520000,535.2,535.2,520.9,527.7,8575,254125,38600,weekly,2022-1-20T21:00:00.000,options,put
228,1642424580000,527.7,532.6,520.0,531.3,9125,254100,38600,weekly,2022-1-20T21:00:00.000,options,put
229,1642424640000,531.15,531.15,528.0,530.0,2400,254100,38600,weekly,2022-1-20T21:00:00.000,options,put
230,1642424700000,528.2,528.55,523.05,526.05,2800,254100,38600,weekly,2022-1-20T21:00:00.000,options,put
231,1642424760000,525.0,528.4,521.85,523.45,1375,258400,38600,weekly,2022-1-20T21:00:00.000,options,put
232,1642424820000,522.25,529.85,522.25,522.9,2675,258400,38600,weekly,2022-1-20T21:00:00.000,options,put
233,1642424880000,522.9,529.15,521.2,523.4,3325,258400,38600,weekly,2022-1-20T21:00:00.000,options,put
234,1642424940000,523.4,538.35,521.4,533.75,6775,261125,38600,weekly,2022-1-20T21:00:00.000,options,put
235,1642425000000,533.4,536.9,526.95,529.85,5125,261125,38600,weekly,2022-1-20T21:00:00.000,options,put
236,1642425060000,528.75,529.25,521.3,525.0,4575,261125,38600,weekly,2022-1-20T21:00:00.000,options,put
237,1642425120000,525.0,532.1,522.3,528.4,8425,262475,38600,weekly,2022-1-20T21:00:00.000,options,put
238,1642425180000,527.2,532.0,525.95,528.1,2900,262475,38600,weekly,2022-1-20T21:00:00.000,options,put
239,1642425240000,528.1,529.0,523.8,527.05,2075,262475,38600,weekly,2022-1-20T21:00:00.000,options,put
240,1642425300000,526.0,526.6,500.9,518.25,21375,257700,38600,weekly,2022-1-20T21:00:00.000,options,put
241,1642425360000,519.0,537.3,519.0,536.2,11625,257700,38600,weekly,2022-1-20T21:00:00.000,options,put
242,1642425420000,540.0,541.4,529.65,530.7,6850,257700,38600,weekly,2022-1-20T21:00:00.000,options,put
243,1642425480000,530.7,534.0,526.7,532.15,1450,253650,38600,weekly,2022-1-20T21:00:00.000,options,put
244,1642425540000,532.4,532.4,520.0,523.1,3475,253650,38600,weekly,2022-1-20T21:00:00.000,options,put
245,1642425600000,521.75,526.3,520.0,522.75,2975,253650,38600,weekly,2022-1-20T21:00:00.000,options,put
246,1642425660000,522.75,522.75,512.65,516.9,2575,251950,38600,weekly,2022-1-20T21:00:00.000,options,put
247,1642425720000,516.9,522.6,514.85,520.15,2100,251950,38600,weekly,2022-1-20T21:00:00.000,options,put
248,1642425780000,521.7,523.0,518.3,521.7,5400,251950,38600,weekly,2022-1-20T21:00:00.000,options,put
249,1642425840000,520.0,520.0,511.0,512.6,1950,253325,38600,weekly,2022-1-20T21:00:00.000,options,put
250,1642425900000,512.55,516.25,511.0,516.25,2150,253325,38600,weekly,2022-1-20T21:00:00.000,options,put
251,1642425960000,514.65,519.75,514.5,517.25,2550,253325,38600,weekly,2022-1-20T21:00:00.000,options,put
252,1642426020000,517.25,519.65,513.85,514.6,925,254300,38600,weekly,2022-1-20T21:00:00.000,options,put
253,1642426080000,512.65,516.0,508.15,509.25,7675,254300,38600,weekly,2022-1-20T21:00:00.000,options,put
254,1642426140000,509.25,512.5,493.4,502.0,14200,254300,38600,weekly,2022-1-20T21:00:00.000,options,put
255,1642426200000,501.85,508.8,498.35,507.55,4100,256400,38600,weekly,2022-1-20T21:00:00.000,options,put
256,1642426260000,507.55,520.05,507.55,520.05,5175,256400,38600,weekly,2022-1-20T21:00:00.000,options,put
257,1642426320000,519.2,523.0,508.8,512.15,8550,256400,38600,weekly,2022-1-20T21:00:00.000,options,put
258,1642426380000,512.35,512.35,503.7,509.65,5725,252875,38600,weekly,2022-1-20T21:00:00.000,options,put
259,1642426440000,509.65,513.9,505.7,510.35,3325,252875,38600,weekly,2022-1-20T21:00:00.000,options,put
260,1642426500000,506.2,517.75,501.0,517.75,6050,252875,38600,weekly,2022-1-20T21:00:00.000,options,put
261,1642426560000,517.75,524.75,513.15,524.0,8600,253525,38600,weekly,2022-1-20T21:00:00.000,options,put
262,1642426620000,524.0,525.4,515.9,517.6,4850,253525,38600,weekly,2022-1-20T21:00:00.000,options,put
263,1642426680000,520.0,523.65,514.85,520.75,1775,253525,38600,weekly,2022-1-20T21:00:00.000,options,put
264,1642426740000,522.95,538.35,521.0,533.05,7700,252125,38600,weekly,2022-1-20T21:00:00.000,options,put
265,1642426800000,531.9,549.9,531.1,545.75,15700,252125,38600,weekly,2022-1-20T21:00:00.000,options,put
266,1642426860000,548.65,563.25,545.0,547.15,16100,252125,38600,weekly,2022-1-20T21:00:00.000,options,put
267,1642426920000,547.75,574.85,547.75,570.45,14875,250200,38600,weekly,2022-1-20T21:00:00.000,options,put
268,1642426980000,567.8,570.65,554.75,560.0,12750,250200,38600,weekly,2022-1-20T21:00:00.000,options,put
269,1642427040000,562.0,563.35,555.0,561.85,7625,250200,38600,weekly,2022-1-20T21:00:00.000,options,put
270,1642427100000,564.75,580.85,554.1,556.6,16750,249300,38600,weekly,2022-1-20T21:00:00.000,options,put
271,1642427160000,556.6,557.75,545.7,547.6,9800,249300,38600,weekly,2022-1-20T21:00:00.000,options,put
272,1642427220000,554.85,555.55,547.9,548.0,8600,249300,38600,weekly,2022-1-20T21:00:00.000,options,put
273,1642427280000,546.1,547.85,540.1,546.4,6800,249000,38600,weekly,2022-1-20T21:00:00.000,options,put
274,1642427340000,548.7,552.5,540.95,541.2,5375,249000,38600,weekly,2022-1-20T21:00:00.000,options,put
275,1642427400000,543.35,550.3,541.3,543.3,5000,249000,38600,weekly,2022-1-20T21:00:00.000,options,put
276,1642427460000,543.3,549.65,530.1,536.2,7875,247300,38600,weekly,2022-1-20T21:00:00.000,options,put
277,1642427520000,536.1,540.1,527.0,527.4,5775,247300,38600,weekly,2022-1-20T21:00:00.000,options,put
278,1642427580000,529.0,534.8,525.0,529.25,3625,247300,38600,weekly,2022-1-20T21:00:00.000,options,put
279,1642427640000,530.0,536.25,529.0,533.95,3875,245325,38600,weekly,2022-1-20T21:00:00.000,options,put
280,1642427700000,536.7,537.6,525.0,525.0,3975,245325,38600,weekly,2022-1-20T21:00:00.000,options,put
281,1642427760000,525.0,534.4,525.0,531.3,5325,245325,38600,weekly,2022-1-20T21:00:00.000,options,put
282,1642427820000,530.25,530.25,512.05,514.9,11375,246025,38600,weekly,2022-1-20T21:00:00.000,options,put
283,1642427880000,514.9,521.0,513.9,519.7,8875,246025,38600,weekly,2022-1-20T21:00:00.000,options,put
284,1642427940000,519.45,521.35,504.9,507.5,9775,246025,38600,weekly,2022-1-20T21:00:00.000,options,put
285,1642428000000,507.2,507.2,493.35,500.9,16300,249600,38600,weekly,2022-1-20T21:00:00.000,options,put
286,1642428060000,503.0,509.1,501.25,505.15,10175,249600,38600,weekly,2022-1-20T21:00:00.000,options,put
287,1642428120000,503.0,513.75,500.3,507.2,7200,249600,38600,weekly,2022-1-20T21:00:00.000,options,put
288,1642428180000,507.2,512.55,503.3,509.95,2975,257325,38600,weekly,2022-1-20T21:00:00.000,options,put
289,1642428240000,508.5,508.5,500.8,504.15,3375,257325,38600,weekly,2022-1-20T21:00:00.000,options,put
290,1642428300000,504.15,530.8,504.15,516.2,16350,257325,38600,weekly,2022-1-20T21:00:00.000,options,put
291,1642428360000,516.1,516.1,476.65,493.9,33200,251175,38600,weekly,2022-1-20T21:00:00.000,options,put
292,1642428420000,492.0,499.25,485.95,494.4,7200,251175,38600,weekly,2022-1-20T21:00:00.000,options,put
293,1642428480000,496.75,510.1,494.95,509.1,10975,251175,38600,weekly,2022-1-20T21:00:00.000,options,put
294,1642428540000,509.15,518.25,507.5,511.9,8500,252825,38600,weekly,2022-1-20T21:00:00.000,options,put
295,1642428600000,511.65,524.75,508.75,521.05,10975,252825,38600,weekly,2022-1-20T21:00:00.000,options,put
296,1642428660000,521.3,524.2,515.65,520.0,5825,252825,38600,weekly,2022-1-20T21:00:00.000,options,put
297,1642428720000,520.0,524.75,514.15,515.0,6950,249950,38600,weekly,2022-1-20T21:00:00.000,options,put
298,1642428780000,515.9,516.95,505.35,513.6,7800,249950,38600,weekly,2022-1-20T21:00:00.000,options,put
299,1642428840000,512.75,515.65,510.0,513.25,4650,249950,38600,weekly,2022-1-20T21:00:00.000,options,put
300,1642428900000,513.0,519.0,507.75,515.4,4075,249800,38600,weekly,2022-1-20T21:00:00.000,options,put
301,1642428960000,516.0,518.0,512.55,516.25,3875,249800,38600,weekly,2022-1-20T21:00:00.000,options,put
302,1642429020000,518.0,523.95,515.0,515.0,4850,249800,38600,weekly,2022-1-20T21:00:00.000,options,put
303,1642429080000,515.0,516.1,511.25,513.1,2400,251650,38600,weekly,2022-1-20T21:00:00.000,options,put
304,1642429140000,514.55,514.55,503.3,507.2,9450,251650,38600,weekly,2022-1-20T21:00:00.000,options,put
305,1642429200000,505.4,508.7,501.35,506.85,5375,251650,38600,weekly,2022-1-20T21:00:00.000,options,put
306,1642429260000,506.85,511.6,506.6,509.45,3475,249500,38600,weekly,2022-1-20T21:00:00.000,options,put
307,1642429320000,507.25,519.85,507.2,517.95,5650,249500,38600,weekly,2022-1-20T21:00:00.000,options,put
308,1642429380000,519.0,524.0,514.65,516.2,5225,249500,38600,weekly,2022-1-20T21:00:00.000,options,put
309,1642429440000,515.8,517.2,507.7,513.55,3025,249625,38600,weekly,2022-1-20T21:00:00.000,options,put
310,1642429500000,509.0,515.75,508.0,515.75,1025,249625,38600,weekly,2022-1-20T21:00:00.000,options,put
311,1642429560000,512.95,526.8,512.95,525.05,7650,249625,38600,weekly,2022-1-20T21:00:00.000,options,put
312,1642429620000,524.05,526.55,507.1,508.85,8125,249875,38600,weekly,2022-1-20T21:00:00.000,options,put
313,1642429680000,506.45,514.0,506.0,508.8,6350,249875,38600,weekly,2022-1-20T21:00:00.000,options,put
314,1642429740000,508.8,515.1,508.8,510.0,1500,249875,38600,weekly,2022-1-20T21:00:00.000,options,put
315,1642429800000,510.0,515.9,502.6,509.0,4400,253350,38600,weekly,2022-1-20T21:00:00.000,options,put
316,1642429860000,506.75,511.05,505.55,509.95,2525,253350,38600,weekly,2022-1-20T21:00:00.000,options,put
317,1642429920000,514.25,514.25,505.5,510.0,1625,253350,38600,weekly,2022-1-20T21:00:00.000,options,put
318,1642429980000,508.7,513.2,506.85,513.0,1625,250250,38600,weekly,2022-1-20T21:00:00.000,options,put
319,1642430040000,514.75,522.5,513.05,515.55,8025,250250,38600,weekly,2022-1-20T21:00:00.000,options,put
320,1642430100000,515.55,524.0,515.55,518.05,4350,250250,38600,weekly,2022-1-20T21:00:00.000,options,put
321,1642430160000,517.4,521.65,512.8,512.8,7375,248875,38600,weekly,2022-1-20T21:00:00.000,options,put
322,1642430220000,510.2,510.2,490.35,502.75,18100,248875,38600,weekly,2022-1-20T21:00:00.000,options,put
323,1642430280000,505.15,512.1,502.6,505.3,6700,248875,38600,weekly,2022-1-20T21:00:00.000,options,put
324,1642430340000,506.6,510.0,505.4,510.0,3350,248250,38600,weekly,2022-1-20T21:00:00.000,options,put
325,1642430400000,511.4,515.1,506.3,510.0,2250,248250,38600,weekly,2022-1-20T21:00:00.000,options,put
326,1642430460000,509.85,519.3,506.05,517.4,4100,248250,38600,weekly,2022-1-20T21:00:00.000,options,put
327,1642430520000,514.0,555.5,514.0,547.3,39700,245575,38600,weekly,2022-1-20T21:00:00.000,options,put
328,1642430580000,545.0,545.0,523.85,532.15,14225,245575,38600,weekly,2022-1-20T21:00:00.000,options,put
329,1642430640000,534.95,538.85,526.7,530.05,5650,245575,38600,weekly,2022-1-20T21:00:00.000,options,put
330,1642430700000,532.25,535.35,516.35,524.55,12500,242575,38600,weekly,2022-1-20T21:00:00.000,options,put
331,1642430760000,523.15,531.3,519.4,521.0,7300,242575,38600,weekly,2022-1-20T21:00:00.000,options,put
332,1642430820000,521.0,522.5,515.0,521.15,5800,242575,38600,weekly,2022-1-20T21:00:00.000,options,put
333,1642430880000,520.0,529.55,517.65,529.0,7200,242350,38600,weekly,2022-1-20T21:00:00.000,options,put
334,1642430940000,528.0,535.0,523.15,530.0,10750,242350,38600,weekly,2022-1-20T21:00:00.000,options,put
335,1642431000000,528.75,534.05,520.05,531.2,15725,242350,38600,weekly,2022-1-20T21:00:00.000,options,put
336,1642431060000,531.2,547.8,531.2,541.4,15400,240875,38600,weekly,2022-1-20T21:00:00.000,options,put
337,1642431120000,541.15,544.4,528.4,541.5,12700,240875,38600,weekly,2022-1-20T21:00:00.000,options,put
338,1642431180000,537.95,552.25,537.95,549.15,12925,240875,38600,weekly,2022-1-20T21:00:00.000,options,put
339,1642431240000,551.15,555.4,546.9,551.35,12650,234775,38600,weekly,2022-1-20T21:00:00.000,options,put
340,1642431300000,549.75,553.6,542.6,548.5,12325,234775,38600,weekly,2022-1-20T21:00:00.000,options,put
341,1642431360000,547.25,548.25,536.25,540.0,9950,234775,38600,weekly,2022-1-20T21:00:00.000,options,put
342,1642431420000,542.3,548.0,536.9,548.0,1825,233975,38600,weekly,2022-1-20T21:00:00.000,options,put
343,1642431480000,547.1,563.45,546.8,557.85,16200,233975,38600,weekly,2022-1-20T21:00:00.000,options,put
344,1642431540000,558.45,558.45,534.65,534.65,10100,233975,38600,weekly,2022-1-20T21:00:00.000,options,put
345,1642431600000,532.8,550.95,517.55,550.75,21875,230175,38600,weekly,2022-1-20T21:00:00.000,options,put
346,1642431660000,545.55,550.95,541.3,544.8,5600,230175,38600,weekly,2022-1-20T21:00:00.000,options,put
347,1642431720000,544.8,557.95,544.8,551.4,7175,230175,38600,weekly,2022-1-20T21:00:00.000,options,put
348,1642431780000,551.4,555.7,545.2,547.0,5525,229725,38600,weekly,2022-1-20T21:00:00.000,options,put
349,1642431840000,549.25,550.25,539.5,541.85,11050,229725,38600,weekly,2022-1-20T21:00:00.000,options,put
350,1642431900000,540.0,542.7,534.75,542.05,6975,229725,38600,weekly,2022-1-20T21:00:00.000,options,put
351,1642431960000,543.25,549.0,537.05,539.1,6500,230000,38600,weekly,2022-1-20T21:00:00.000,options,put
352,1642432020000,539.7,551.8,538.95,547.1,4275,230000,38600,weekly,2022-1-20T21:00:00.000,options,put
353,1642432080000,547.3,548.2,537.05,537.05,5150,230000,38600,weekly,2022-1-20T21:00:00.000,options,put
354,1642432140000,537.05,543.6,535.05,535.7,8875,229525,38600,weekly,2022-1-20T21:00:00.000,options,put
355,1642432200000,536.8,536.85,527.25,534.6,14300,229525,38600,weekly,2022-1-20T21:00:00.000,options,put
356,1642432260000,535.3,536.05,530.0,535.5,7625,229525,38600,weekly,2022-1-20T21:00:00.000,options,put
357,1642432320000,535.2,542.65,535.2,540.25,9400,223300,38600,weekly,2022-1-20T21:00:00.000,options,put
358,1642432380000,537.6,539.35,531.65,533.15,6300,223300,38600,weekly,2022-1-20T21:00:00.000,options,put
359,1642432440000,534.3,539.0,532.5,536.3,13075,223300,38600,weekly,2022-1-20T21:00:00.000,options,put
360,1642432500000,536.7,537.85,519.95,521.75,37100,209275,38600,weekly,2022-1-20T21:00:00.000,options,put
361,1642432560000,521.75,522.05,510.4,517.2,19625,209275,38600,weekly,2022-1-20T21:00:00.000,options,put
362,1642432620000,516.0,518.1,498.35,498.35,19275,209275,38600,weekly,2022-1-20T21:00:00.000,options,put
363,1642432680000,497.75,506.05,490.0,502.5,33875,206025,38600,weekly,2022-1-20T21:00:00.000,options,put
364,1642432740000,504.9,505.35,500.0,501.7,9400,206025,38600,weekly,2022-1-20T21:00:00.000,options,put
365,1642432800000,501.3,517.7,499.1,511.9,37300,206025,38600,weekly,2022-1-20T21:00:00.000,options,put
366,1642432860000,510.3,518.55,509.2,514.6,23875,194725,38600,weekly,2022-1-20T21:00:00.000,options,put
367,1642432920000,514.55,514.55,506.45,511.75,16850,194725,38600,weekly,2022-1-20T21:00:00.000,options,put
368,1642432980000,508.05,513.0,506.65,510.55,3425,194725,38600,weekly,2022-1-20T21:00:00.000,options,put
369,1642433040000,510.7,511.25,502.4,504.2,5100,188200,38600,weekly,2022-1-20T21:00:00.000,options,put
370,1642433100000,504.7,513.3,503.5,508.75,9125,188200,38600,weekly,2022-1-20T21:00:00.000,options,put
371,1642433160000,509.95,511.35,507.05,508.8,6625,188200,38600,weekly,2022-1-20T21:00:00.000,options,put
372,1642433220000,508.8,510.0,499.7,499.8,9225,185275,38600,weekly,2022-1-20T21:00:00.000,options,put
373,1642433280000,499.8,505.55,496.5,505.55,9775,185275,38600,weekly,2022-1-20T21:00:00.000,options,put
374,1642433340000,505.5,509.55,498.45,499.0,12700,185275,38600,weekly,2022-1-20T21:00:00.000,options,put
