,timestamp,open,high,low,close,volume,open_interest,strike,expiry_type,expiry,instrument,contract_type
0,1538624640000,3.4,3.4,0.8,1.3,139920,,25400,weekly,2018-10-4T21:00:00.000,options,call
1,1538624700000,1.2,1.45,1.1,1.35,93560,,25400,weekly,2018-10-4T21:00:00.000,options,call
2,1538624760000,1.5,1.55,1.2,1.35,139480,,25400,weekly,2018-10-4T21:00:00.000,options,call
3,1538624820000,1.3,1.35,0.9,1.1,139960,,25400,weekly,2018-10-4T21:00:00.000,options,call
4,1538624880000,1.15,1.2,1.0,1.15,123800,,25400,weekly,2018-10-4T21:00:00.000,options,call
5,1538624940000,1.15,1.15,1.0,1.15,107280,,25400,weekly,2018-10-4T21:00:00.000,options,call
6,1538625000000,1.2,1.25,1.1,1.15,122920,,25400,weekly,2018-10-4T21:00:00.000,options,call
7,1538625060000,1.15,1.15,1.0,1.0,91360,,25400,weekly,2018-10-4T21:00:00.000,options,call
8,1538625120000,1.05,1.05,0.95,0.95,62640,,25400,weekly,2018-10-4T21:00:00.000,options,call
9,1538625180000,0.9,1.05,0.9,1.0,101680,,25400,weekly,2018-10-4T21:00:00.000,options,call
10,1538625240000,1.0,1.1,0.95,1.1,54080,,25400,weekly,2018-10-4T21:00:00.000,options,call
11,1538625300000,1.05,1.15,1.0,1.15,53800,,25400,weekly,2018-10-4T21:00:00.000,options,call
12,1538625360000,1.05,1.2,1.05,1.2,59920,,25400,weekly,2018-10-4T21:00:00.000,options,call
13,1538625420000,1.2,1.2,0.9,0.95,64000,,25400,weekly,2018-10-4T21:00:00.000,options,call
14,1538625480000,0.9,0.9,0.8,0.8,53640,,25400,weekly,2018-10-4T21:00:00.000,options,call
15,1538625540000,0.85,0.85,0.75,0.8,51520,,25400,weekly,2018-10-4T21:00:00.000,options,call
16,1538625600000,0.85,0.85,0.8,0.85,88120,,25400,weekly,2018-10-4T21:00:00.000,options,call
17,1538625660000,0.85,0.9,0.8,0.85,54360,,25400,weekly,2018-10-4T21:00:00.000,options,call
18,1538625720000,0.8,0.9,0.8,0.9,67200,,25400,weekly,2018-10-4T21:00:00.000,options,call
19,1538625780000,0.9,0.9,0.8,0.85,45560,,25400,weekly,2018-10-4T21:00:00.000,options,call
20,1538625840000,0.85,0.9,0.8,0.85,52480,,25400,weekly,2018-10-4T21:00:00.000,options,call
21,1538625900000,0.85,0.9,0.8,0.85,48840,,25400,weekly,2018-10-4T21:00:00.000,options,call
22,1538625960000,0.85,0.85,0.75,0.8,63440,,25400,weekly,2018-10-4T21:00:00.000,options,call
23,1538626020000,0.85,0.85,0.75,0.85,67520,,25400,weekly,2018-10-4T21:00:00.000,options,call
24,1538626080000,0.85,0.85,0.7,0.75,61080,,25400,weekly,2018-10-4T21:00:00.000,options,call
25,1538626140000,0.7,0.75,0.7,0.7,22880,,25400,weekly,2018-10-4T21:00:00.000,options,call
26,1538626200000,0.75,0.8,0.7,0.8,68360,,25400,weekly,2018-10-4T21:00:00.000,options,call
27,1538626260000,0.8,0.8,0.7,0.7,39120,,25400,weekly,2018-10-4T21:00:00.000,options,call
28,1538626320000,0.7,0.8,0.7,0.75,25280,,25400,weekly,2018-10-4T21:00:00.000,options,call
29,1538626380000,0.8,0.8,0.75,0.8,7280,,25400,weekly,2018-10-4T21:00:00.000,options,call
30,1538626440000,0.75,0.8,0.7,0.75,54240,,25400,weekly,2018-10-4T21:00:00.000,options,call
31,1538626500000,0.8,0.85,0.75,0.8,39600,,25400,weekly,2018-10-4T21:00:00.000,options,call
32,1538626560000,0.8,0.85,0.8,0.8,25600,,25400,weekly,2018-10-4T21:00:00.000,options,call
33,1538626620000,0.85,0.95,0.8,0.9,69400,,25400,weekly,2018-10-4T21:00:00.000,options,call
34,1538626680000,0.9,0.95,0.85,0.9,37640,,25400,weekly,2018-10-4T21:00:00.000,options,call
35,1538626740000,0.95,1.0,0.9,0.95,91080,,25400,weekly,2018-10-4T21:00:00.000,options,call
36,1538626800000,0.9,1.0,0.9,0.9,45800,,25400,weekly,2018-10-4T21:00:00.000,options,call
37,1538626860000,0.9,0.95,0.85,0.95,44240,,25400,weekly,2018-10-4T21:00:00.000,options,call
38,1538626920000,0.95,0.95,0.85,0.9,47720,,25400,weekly,2018-10-4T21:00:00.000,options,call
39,1538626980000,0.85,0.9,0.8,0.8,25600,,25400,weekly,2018-10-4T21:00:00.000,options,call
40,1538627040000,0.8,0.85,0.75,0.75,36760,,25400,weekly,2018-10-4T21:00:00.000,options,call
41,1538627100000,0.8,0.8,0.8,0.8,37960,,25400,weekly,2018-10-4T21:00:00.000,options,call
42,1538627160000,0.8,0.85,0.75,0.85,42480,,25400,weekly,2018-10-4T21:00:00.000,options,call
43,1538627220000,0.85,0.85,0.75,0.8,37720,,25400,weekly,2018-10-4T21:00:00.000,options,call
44,1538627280000,0.75,0.8,0.7,0.7,16480,,25400,weekly,2018-10-4T21:00:00.000,options,call
45,1538627340000,0.75,0.75,0.65,0.7,58960,,25400,weekly,2018-10-4T21:00:00.000,options,call
46,1538627400000,0.7,0.75,0.65,0.7,95520,,25400,weekly,2018-10-4T21:00:00.000,options,call
47,1538627460000,0.7,0.75,0.7,0.7,20280,,25400,weekly,2018-10-4T21:00:00.000,options,call
48,1538627520000,0.8,0.8,0.7,0.75,30160,,25400,weekly,2018-10-4T21:00:00.000,options,call
49,1538627580000,0.7,0.8,0.7,0.7,25080,,25400,weekly,2018-10-4T21:00:00.000,options,call
50,1538627640000,0.7,0.75,0.7,0.75,35760,,25400,weekly,2018-10-4T21:00:00.000,options,call
51,1538627700000,0.75,0.75,0.75,0.75,49720,,25400,weekly,2018-10-4T21:00:00.000,options,call
52,1538627760000,0.75,0.75,0.7,0.75,6240,,25400,weekly,2018-10-4T21:00:00.000,options,call
53,1538627820000,0.75,0.75,0.7,0.75,30720,,25400,weekly,2018-10-4T21:00:00.000,options,call
54,1538627880000,0.7,0.8,0.7,0.75,33240,,25400,weekly,2018-10-4T21:00:00.000,options,call
55,1538627940000,0.75,0.8,0.75,0.75,24720,,25400,weekly,2018-10-4T21:00:00.000,options,call
56,1538628000000,0.8,0.8,0.75,0.8,8120,,25400,weekly,2018-10-4T21:00:00.000,options,call
57,1538628060000,0.8,0.8,0.75,0.8,15000,,25400,weekly,2018-10-4T21:00:00.000,options,call
58,1538628120000,0.8,0.8,0.75,0.75,24520,,25400,weekly,2018-10-4T21:00:00.000,options,call
59,1538628180000,0.75,0.8,0.75,0.8,22280,,25400,weekly,2018-10-4T21:00:00.000,options,call
60,1538628240000,0.75,0.8,0.75,0.8,7880,,25400,weekly,2018-10-4T21:00:00.000,options,call
61,1538628300000,0.75,0.8,0.75,0.75,2800,,25400,weekly,2018-10-4T21:00:00.000,options,call
62,1538628360000,0.8,0.8,0.75,0.8,3720,,25400,weekly,2018-10-4T21:00:00.000,options,call
63,1538628420000,0.8,0.85,0.75,0.85,45520,,25400,weekly,2018-10-4T21:00:00.000,options,call
64,1538628480000,0.8,0.85,0.8,0.8,42800,,25400,weekly,2018-10-4T21:00:00.000,options,call
65,1538628540000,0.8,0.8,0.75,0.8,22280,,25400,weekly,2018-10-4T21:00:00.000,options,call
66,1538628600000,0.75,0.8,0.75,0.8,27880,,25400,weekly,2018-10-4T21:00:00.000,options,call
67,1538628660000,0.75,0.8,0.75,0.75,3120,,25400,weekly,2018-10-4T21:00:00.000,options,call
68,1538628720000,0.8,0.8,0.75,0.8,35800,,25400,weekly,2018-10-4T21:00:00.000,options,call
69,1538628780000,0.75,0.8,0.75,0.75,48000,,25400,weekly,2018-10-4T21:00:00.000,options,call
70,1538628840000,0.75,0.8,0.75,0.8,12000,,25400,weekly,2018-10-4T21:00:00.000,options,call
71,1538628900000,0.8,0.8,0.75,0.8,21840,,25400,weekly,2018-10-4T21:00:00.000,options,call
72,1538628960000,0.75,0.85,0.75,0.85,34480,,25400,weekly,2018-10-4T21:00:00.000,options,call
73,1538629020000,0.85,0.85,0.8,0.8,17320,,25400,weekly,2018-10-4T21:00:00.000,options,call
74,1538629080000,0.75,0.8,0.75,0.8,6880,,25400,weekly,2018-10-4T21:00:00.000,options,call
75,1538629140000,0.8,0.8,0.75,0.75,5560,,25400,weekly,2018-10-4T21:00:00.000,options,call
76,1538629200000,0.8,0.8,0.75,0.75,9560,,25400,weekly,2018-10-4T21:00:00.000,options,call
77,1538629260000,0.8,0.8,0.75,0.75,7000,,25400,weekly,2018-10-4T21:00:00.000,options,call
78,1538629320000,0.75,0.85,0.75,0.8,37840,,25400,weekly,2018-10-4T21:00:00.000,options,call
79,1538629380000,0.8,0.85,0.8,0.8,8200,,25400,weekly,2018-10-4T21:00:00.000,options,call
80,1538629440000,0.8,0.85,0.8,0.85,27360,,25400,weekly,2018-10-4T21:00:00.000,options,call
81,1538629500000,0.85,0.9,0.8,0.9,61200,,25400,weekly,2018-10-4T21:00:00.000,options,call
82,1538629560000,0.9,0.9,0.8,0.85,61080,,25400,weekly,2018-10-4T21:00:00.000,options,call
83,1538629620000,0.85,0.95,0.85,0.85,36200,,25400,weekly,2018-10-4T21:00:00.000,options,call
84,1538629680000,0.85,0.95,0.85,0.9,26200,,25400,weekly,2018-10-4T21:00:00.000,options,call
85,1538629740000,0.9,1.1,0.9,1.0,40960,,25400,weekly,2018-10-4T21:00:00.000,options,call
86,1538629800000,1.0,1.0,0.9,0.9,41520,,25400,weekly,2018-10-4T21:00:00.000,options,call
87,1538629860000,0.9,0.95,0.85,0.9,22320,,25400,weekly,2018-10-4T21:00:00.000,options,call
88,1538629920000,0.85,0.95,0.85,0.9,29120,,25400,weekly,2018-10-4T21:00:00.000,options,call
89,1538629980000,0.9,0.9,0.85,0.9,4920,,25400,weekly,2018-10-4T21:00:00.000,options,call
90,1538630040000,0.9,0.9,0.8,0.85,8160,,25400,weekly,2018-10-4T21:00:00.000,options,call
91,1538630100000,0.85,0.9,0.8,0.85,34360,,25400,weekly,2018-10-4T21:00:00.000,options,call
92,1538630160000,0.85,0.9,0.8,0.8,28080,,25400,weekly,2018-10-4T21:00:00.000,options,call
93,1538630220000,0.8,0.85,0.8,0.8,6040,,25400,weekly,2018-10-4T21:00:00.000,options,call
94,1538630280000,0.8,0.85,0.8,0.85,2120,,25400,weekly,2018-10-4T21:00:00.000,options,call
95,1538630340000,0.85,0.85,0.8,0.8,9520,,25400,weekly,2018-10-4T21:00:00.000,options,call
96,1538630400000,0.8,0.85,0.8,0.85,13280,,25400,weekly,2018-10-4T21:00:00.000,options,call
97,1538630460000,0.8,0.8,0.75,0.8,36840,,25400,weekly,2018-10-4T21:00:00.000,options,call
98,1538630520000,0.8,0.8,0.75,0.8,31520,,25400,weekly,2018-10-4T21:00:00.000,options,call
99,1538630580000,0.75,0.8,0.7,0.8,49120,,25400,weekly,2018-10-4T21:00:00.000,options,call
100,1538630640000,0.75,0.8,0.75,0.8,29720,,25400,weekly,2018-10-4T21:00:00.000,options,call
101,1538630700000,0.8,0.8,0.75,0.8,2440,,25400,weekly,2018-10-4T21:00:00.000,options,call
102,1538630760000,0.8,0.8,0.75,0.8,10680,,25400,weekly,2018-10-4T21:00:00.000,options,call
103,1538630820000,0.8,0.8,0.7,0.75,44680,,25400,weekly,2018-10-4T21:00:00.000,options,call
104,1538630880000,0.7,0.75,0.7,0.7,10240,,25400,weekly,2018-10-4T21:00:00.000,options,call
105,1538630940000,0.7,0.75,0.65,0.65,24240,,25400,weekly,2018-10-4T21:00:00.000,options,call
106,1538631000000,0.65,0.7,0.6,0.65,36560,,25400,weekly,2018-10-4T21:00:00.000,options,call
107,1538631060000,0.65,0.7,0.6,0.65,31080,,25400,weekly,2018-10-4T21:00:00.000,options,call
108,1538631120000,0.65,0.7,0.6,0.65,9080,,25400,weekly,2018-10-4T21:00:00.000,options,call
109,1538631180000,0.6,0.65,0.6,0.65,31400,,25400,weekly,2018-10-4T21:00:00.000,options,call
110,1538631240000,0.7,0.7,0.6,0.65,47240,,25400,weekly,2018-10-4T21:00:00.000,options,call
111,1538631300000,0.65,0.7,0.65,0.65,13680,,25400,weekly,2018-10-4T21:00:00.000,options,call
112,1538631360000,0.65,0.7,0.6,0.65,49080,,25400,weekly,2018-10-4T21:00:00.000,options,call
113,1538631420000,0.65,0.7,0.6,0.65,75880,,25400,weekly,2018-10-4T21:00:00.000,options,call
114,1538631480000,0.65,0.7,0.6,0.65,72160,,25400,weekly,2018-10-4T21:00:00.000,options,call
115,1538631540000,0.6,0.65,0.6,0.6,17040,,25400,weekly,2018-10-4T21:00:00.000,options,call
116,1538631600000,0.6,0.6,0.6,0.6,120,,25400,weekly,2018-10-4T21:00:00.000,options,call
117,1538631660000,0.6,0.6,0.6,0.6,760,,25400,weekly,2018-10-4T21:00:00.000,options,call
118,1538631720000,0.6,0.65,0.6,0.6,6720,,25400,weekly,2018-10-4T21:00:00.000,options,call
119,1538631780000,0.6,0.7,0.6,0.7,34760,,25400,weekly,2018-10-4T21:00:00.000,options,call
120,1538631840000,0.65,0.7,0.65,0.65,8400,,25400,weekly,2018-10-4T21:00:00.000,options,call
121,1538631900000,0.7,0.7,0.65,0.65,9400,,25400,weekly,2018-10-4T21:00:00.000,options,call
122,1538631960000,0.65,0.7,0.6,0.65,22840,,25400,weekly,2018-10-4T21:00:00.000,options,call
123,1538632020000,0.65,0.7,0.6,0.6,12680,,25400,weekly,2018-10-4T21:00:00.000,options,call
124,1538632080000,0.65,0.7,0.6,0.7,33400,,25400,weekly,2018-10-4T21:00:00.000,options,call
125,1538632140000,0.65,0.65,0.65,0.65,9560,,25400,weekly,2018-10-4T21:00:00.000,options,call
126,1538632200000,0.65,0.7,0.6,0.6,23520,,25400,weekly,2018-10-4T21:00:00.000,options,call
127,1538632260000,0.65,0.65,0.6,0.6,9440,,25400,weekly,2018-10-4T21:00:00.000,options,call
128,1538632320000,0.65,0.65,0.6,0.65,3960,,25400,weekly,2018-10-4T21:00:00.000,options,call
129,1538632380000,0.6,0.65,0.6,0.6,5320,,25400,weekly,2018-10-4T21:00:00.000,options,call
130,1538632440000,0.65,0.65,0.6,0.6,5320,,25400,weekly,2018-10-4T21:00:00.000,options,call
131,1538632500000,0.6,0.65,0.6,0.6,2360,,25400,weekly,2018-10-4T21:00:00.000,options,call
132,1538632560000,0.6,0.6,0.6,0.6,5200,,25400,weekly,2018-10-4T21:00:00.000,options,call
133,1538632620000,0.6,0.65,0.55,0.55,23520,,25400,weekly,2018-10-4T21:00:00.000,options,call
134,1538632680000,0.6,0.6,0.55,0.6,3680,,25400,weekly,2018-10-4T21:00:00.000,options,call
135,1538632740000,0.6,0.6,0.55,0.6,3040,,25400,weekly,2018-10-4T21:00:00.000,options,call
136,1538632800000,0.55,0.6,0.55,0.6,8080,,25400,weekly,2018-10-4T21:00:00.000,options,call
137,1538632860000,0.55,0.6,0.55,0.55,4040,,25400,weekly,2018-10-4T21:00:00.000,options,call
138,1538632920000,0.6,0.6,0.55,0.6,1960,,25400,weekly,2018-10-4T21:00:00.000,options,call
139,1538632980000,0.55,0.55,0.55,0.55,4200,,25400,weekly,2018-10-4T21:00:00.000,options,call
140,1538633040000,0.55,0.6,0.5,0.5,52480,,25400,weekly,2018-10-4T21:00:00.000,options,call
141,1538633100000,0.5,0.6,0.5,0.55,55920,,25400,weekly,2018-10-4T21:00:00.000,options,call
142,1538633160000,0.55,0.6,0.55,0.55,4840,,25400,weekly,2018-10-4T21:00:00.000,options,call
143,1538633220000,0.6,0.6,0.55,0.55,3840,,25400,weekly,2018-10-4T21:00:00.000,options,call
144,1538633280000,0.55,0.6,0.55,0.55,12160,,25400,weekly,2018-10-4T21:00:00.000,options,call
145,1538633340000,0.55,0.6,0.55,0.55,5080,,25400,weekly,2018-10-4T21:00:00.000,options,call
146,1538633400000,0.55,0.6,0.55,0.55,13880,,25400,weekly,2018-10-4T21:00:00.000,options,call
147,1538633460000,0.55,0.6,0.5,0.5,40920,,25400,weekly,2018-10-4T21:00:00.000,options,call
148,1538633520000,0.5,0.55,0.5,0.55,7840,,25400,weekly,2018-10-4T21:00:00.000,options,call
149,1538633580000,0.5,0.55,0.5,0.55,5480,,25400,weekly,2018-10-4T21:00:00.000,options,call
150,1538633640000,0.5,0.55,0.5,0.55,12440,,25400,weekly,2018-10-4T21:00:00.000,options,call
151,1538633700000,0.5,0.55,0.5,0.5,4640,,25400,weekly,2018-10-4T21:00:00.000,options,call
152,1538633760000,0.55,0.55,0.5,0.5,6920,,25400,weekly,2018-10-4T21:00:00.000,options,call
153,1538633820000,0.5,0.55,0.5,0.5,3240,,25400,weekly,2018-10-4T21:00:00.000,options,call
154,1538633880000,0.5,0.55,0.5,0.55,1760,,25400,weekly,2018-10-4T21:00:00.000,options,call
155,1538633940000,0.5,0.55,0.5,0.5,6280,,25400,weekly,2018-10-4T21:00:00.000,options,call
156,1538634000000,0.5,0.55,0.5,0.55,2040,,25400,weekly,2018-10-4T21:00:00.000,options,call
157,1538634060000,0.5,0.55,0.5,0.5,1040,,25400,weekly,2018-10-4T21:00:00.000,options,call
158,1538634120000,0.55,0.55,0.5,0.5,3120,,25400,weekly,2018-10-4T21:00:00.000,options,call
159,1538634180000,0.5,0.55,0.5,0.55,4680,,25400,weekly,2018-10-4T21:00:00.000,options,call
160,1538634240000,0.55,0.55,0.5,0.55,6200,,25400,weekly,2018-10-4T21:00:00.000,options,call
161,1538634300000,0.55,0.55,0.5,0.55,8360,,25400,weekly,2018-10-4T21:00:00.000,options,call
162,1538634360000,0.5,0.55,0.5,0.5,4800,,25400,weekly,2018-10-4T21:00:00.000,options,call
163,1538634420000,0.5,0.55,0.5,0.5,47320,,25400,weekly,2018-10-4T21:00:00.000,options,call
164,1538634480000,0.5,0.55,0.5,0.55,24160,,25400,weekly,2018-10-4T21:00:00.000,options,call
165,1538634540000,0.5,0.55,0.5,0.5,35320,,25400,weekly,2018-10-4T21:00:00.000,options,call
166,1538634600000,0.55,0.55,0.5,0.5,3200,,25400,weekly,2018-10-4T21:00:00.000,options,call
167,1538634660000,0.55,0.6,0.55,0.55,42920,,25400,weekly,2018-10-4T21:00:00.000,options,call
168,1538634720000,0.6,0.6,0.55,0.6,41240,,25400,weekly,2018-10-4T21:00:00.000,options,call
169,1538634780000,0.55,0.6,0.55,0.6,9560,,25400,weekly,2018-10-4T21:00:00.000,options,call
170,1538634840000,0.55,0.55,0.55,0.55,5000,,25400,weekly,2018-10-4T21:00:00.000,options,call
171,1538634900000,0.55,0.6,0.55,0.55,19080,,25400,weekly,2018-10-4T21:00:00.000,options,call
172,1538634960000,0.6,0.6,0.55,0.6,5000,,25400,weekly,2018-10-4T21:00:00.000,options,call
173,1538635020000,0.55,0.6,0.55,0.55,7240,,25400,weekly,2018-10-4T21:00:00.000,options,call
174,1538635080000,0.55,0.6,0.55,0.55,8520,,25400,weekly,2018-10-4T21:00:00.000,options,call
175,1538635140000,0.55,0.55,0.5,0.5,53440,,25400,weekly,2018-10-4T21:00:00.000,options,call
176,1538635200000,0.5,0.55,0.5,0.55,1600,,25400,weekly,2018-10-4T21:00:00.000,options,call
177,1538635260000,0.5,0.55,0.5,0.5,4600,,25400,weekly,2018-10-4T21:00:00.000,options,call
178,1538635320000,0.5,0.55,0.5,0.55,8680,,25400,weekly,2018-10-4T21:00:00.000,options,call
179,1538635380000,0.55,0.55,0.5,0.5,18320,,25400,weekly,2018-10-4T21:00:00.000,options,call
180,1538635440000,0.55,0.55,0.5,0.55,1560,,25400,weekly,2018-10-4T21:00:00.000,options,call
181,1538635500000,0.5,0.55,0.5,0.55,12640,,25400,weekly,2018-10-4T21:00:00.000,options,call
182,1538635560000,0.55,0.55,0.5,0.55,5400,,25400,weekly,2018-10-4T21:00:00.000,options,call
183,1538635620000,0.5,0.55,0.5,0.55,2760,,25400,weekly,2018-10-4T21:00:00.000,options,call
184,1538635680000,0.5,0.55,0.5,0.55,58840,,25400,weekly,2018-10-4T21:00:00.000,options,call
185,1538635740000,0.55,0.6,0.5,0.55,14040,,25400,weekly,2018-10-4T21:00:00.000,options,call
186,1538635800000,0.6,0.6,0.55,0.6,800,,25400,weekly,2018-10-4T21:00:00.000,options,call
187,1538635860000,0.55,0.55,0.55,0.55,25080,,25400,weekly,2018-10-4T21:00:00.000,options,call
188,1538635920000,0.55,0.55,0.5,0.5,160,,25400,weekly,2018-10-4T21:00:00.000,options,call
189,1538635980000,0.5,0.55,0.5,0.5,760,,25400,weekly,2018-10-4T21:00:00.000,options,call
190,1538636040000,0.55,0.6,0.55,0.55,29600,,25400,weekly,2018-10-4T21:00:00.000,options,call
191,1538636100000,0.55,0.6,0.5,0.55,20360,,25400,weekly,2018-10-4T21:00:00.000,options,call
192,1538636160000,0.55,0.55,0.5,0.5,2240,,25400,weekly,2018-10-4T21:00:00.000,options,call
193,1538636220000,0.5,0.6,0.5,0.55,38320,,25400,weekly,2018-10-4T21:00:00.000,options,call
194,1538636280000,0.55,0.55,0.5,0.55,3560,,25400,weekly,2018-10-4T21:00:00.000,options,call
195,1538636340000,0.5,0.55,0.5,0.5,1480,,25400,weekly,2018-10-4T21:00:00.000,options,call
196,1538636400000,0.5,0.55,0.5,0.5,2280,,25400,weekly,2018-10-4T21:00:00.000,options,call
197,1538636460000,0.5,0.55,0.5,0.55,6800,,25400,weekly,2018-10-4T21:00:00.000,options,call
198,1538636520000,0.55,0.55,0.5,0.5,4080,,25400,weekly,2018-10-4T21:00:00.000,options,call
199,1538636580000,0.5,0.55,0.5,0.55,13400,,25400,weekly,2018-10-4T21:00:00.000,options,call
200,1538636640000,0.55,0.55,0.5,0.5,53120,,25400,weekly,2018-10-4T21:00:00.000,options,call
201,1538636700000,0.5,0.5,0.5,0.5,101240,,25400,weekly,2018-10-4T21:00:00.000,options,call
202,1538636760000,0.5,0.5,0.45,0.45,15240,,25400,weekly,2018-10-4T21:00:00.000,options,call
203,1538636820000,0.45,0.5,0.45,0.5,9120,,25400,weekly,2018-10-4T21:00:00.000,options,call
204,1538636880000,0.5,0.5,0.45,0.5,8160,,25400,weekly,2018-10-4T21:00:00.000,options,call
205,1538636940000,0.45,0.5,0.45,0.45,480,,25400,weekly,2018-10-4T21:00:00.000,options,call
206,1538637000000,0.45,0.5,0.45,0.45,600,,25400,weekly,2018-10-4T21:00:00.000,options,call
207,1538637060000,0.5,0.5,0.45,0.45,16360,,25400,weekly,2018-10-4T21:00:00.000,options,call
208,1538637120000,0.45,0.45,0.4,0.4,20880,,25400,weekly,2018-10-4T21:00:00.000,options,call
209,1538637180000,0.4,0.4,0.4,0.4,2120,,25400,weekly,2018-10-4T21:00:00.000,options,call
210,1538637240000,0.4,0.45,0.4,0.45,27960,,25400,weekly,2018-10-4T21:00:00.000,options,call
211,1538637300000,0.4,0.45,0.4,0.4,8760,,25400,weekly,2018-10-4T21:00:00.000,options,call
212,1538637360000,0.4,0.45,0.4,0.45,2640,,25400,weekly,2018-10-4T21:00:00.000,options,call
213,1538637420000,0.4,0.45,0.4,0.4,1400,,25400,weekly,2018-10-4T21:00:00.000,options,call
214,1538637480000,0.4,0.45,0.4,0.45,3520,,25400,weekly,2018-10-4T21:00:00.000,options,call
215,1538637540000,0.4,0.4,0.4,0.4,400,,25400,weekly,2018-10-4T21:00:00.000,options,call
216,1538637600000,0.45,0.45,0.4,0.4,480,,25400,weekly,2018-10-4T21:00:00.000,options,call
217,1538637660000,0.4,0.4,0.4,0.4,79200,,25400,weekly,2018-10-4T21:00:00.000,options,call
218,1538637720000,0.35,0.4,0.35,0.35,5440,,25400,weekly,2018-10-4T21:00:00.000,options,call
219,1538637780000,0.4,0.4,0.3,0.35,30880,,25400,weekly,2018-10-4T21:00:00.000,options,call
220,1538637840000,0.35,0.35,0.3,0.3,52480,,25400,weekly,2018-10-4T21:00:00.000,options,call
221,1538637900000,0.3,0.35,0.3,0.3,2600,,25400,weekly,2018-10-4T21:00:00.000,options,call
222,1538637960000,0.35,0.35,0.3,0.35,24120,,25400,weekly,2018-10-4T21:00:00.000,options,call
223,1538638020000,0.35,0.35,0.3,0.3,2360,,25400,weekly,2018-10-4T21:00:00.000,options,call
224,1538638080000,0.3,0.3,0.3,0.3,760,,25400,weekly,2018-10-4T21:00:00.000,options,call
225,1538638140000,0.35,0.35,0.3,0.3,5400,,25400,weekly,2018-10-4T21:00:00.000,options,call
226,1538638200000,0.3,0.35,0.3,0.3,5120,,25400,weekly,2018-10-4T21:00:00.000,options,call
227,1538638260000,0.3,0.35,0.3,0.35,6200,,25400,weekly,2018-10-4T21:00:00.000,options,call
228,1538638320000,0.35,0.35,0.3,0.3,1160,,25400,weekly,2018-10-4T21:00:00.000,options,call
229,1538638380000,0.35,0.35,0.3,0.3,9720,,25400,weekly,2018-10-4T21:00:00.000,options,call
230,1538638440000,0.35,0.35,0.3,0.35,8000,,25400,weekly,2018-10-4T21:00:00.000,options,call
231,1538638500000,0.35,0.35,0.3,0.3,6440,,25400,weekly,2018-10-4T21:00:00.000,options,call
232,1538638560000,0.3,0.35,0.3,0.35,5280,,25400,weekly,2018-10-4T21:00:00.000,options,call
233,1538638620000,0.35,0.35,0.35,0.35,1120,,25400,weekly,2018-10-4T21:00:00.000,options,call
234,1538638680000,0.3,0.35,0.3,0.3,6160,,25400,weekly,2018-10-4T21:00:00.000,options,call
235,1538638740000,0.3,0.35,0.3,0.3,4880,,25400,weekly,2018-10-4T21:00:00.000,options,call
236,1538638800000,0.3,0.35,0.3,0.35,280,,25400,weekly,2018-10-4T21:00:00.000,options,call
237,1538638860000,0.35,0.35,0.3,0.3,4280,,25400,weekly,2018-10-4T21:00:00.000,options,call
238,1538638920000,0.3,0.3,0.3,0.3,2160,,25400,weekly,2018-10-4T21:00:00.000,options,call
239,1538638980000,0.3,0.35,0.3,0.3,2280,,25400,weekly,2018-10-4T21:00:00.000,options,call
240,1538639040000,0.35,0.35,0.3,0.35,7200,,25400,weekly,2018-10-4T21:00:00.000,options,call
241,1538639100000,0.35,0.35,0.3,0.35,800,,25400,weekly,2018-10-4T21:00:00.000,options,call
242,1538639160000,0.3,0.3,0.3,0.3,160,,25400,weekly,2018-10-4T21:00:00.000,options,call
243,1538639220000,0.3,0.35,0.3,0.35,2000,,25400,weekly,2018-10-4T21:00:00.000,options,call
244,1538639280000,0.35,0.35,0.3,0.35,12280,,25400,weekly,2018-10-4T21:00:00.000,options,call
245,1538639340000,0.35,0.35,0.3,0.35,2880,,25400,weekly,2018-10-4T21:00:00.000,options,call
246,1538639400000,0.3,0.35,0.3,0.35,12560,,25400,weekly,2018-10-4T21:00:00.000,options,call
247,1538639460000,0.35,0.35,0.3,0.35,2720,,25400,weekly,2018-10-4T21:00:00.000,options,call
248,1538639520000,0.3,0.3,0.3,0.3,1000,,25400,weekly,2018-10-4T21:00:00.000,options,call
249,1538639580000,0.3,0.35,0.3,0.35,5760,,25400,weekly,2018-10-4T21:00:00.000,options,call
250,1538639640000,0.35,0.35,0.35,0.35,440,,25400,weekly,2018-10-4T21:00:00.000,options,call
251,1538639700000,0.3,0.35,0.3,0.3,10080,,25400,weekly,2018-10-4T21:00:00.000,options,call
252,1538639760000,0.3,0.35,0.3,0.35,1920,,25400,weekly,2018-10-4T21:00:00.000,options,call
253,1538639820000,0.35,0.35,0.3,0.35,5840,,25400,weekly,2018-10-4T21:00:00.000,options,call
254,1538639880000,0.35,0.35,0.3,0.3,3600,,25400,weekly,2018-10-4T21:00:00.000,options,call
255,1538639940000,0.3,0.35,0.3,0.35,1240,,25400,weekly,2018-10-4T21:00:00.000,options,call
256,1538640000000,0.35,0.4,0.35,0.35,56960,,25400,weekly,2018-10-4T21:00:00.000,options,call
257,1538640060000,0.35,0.4,0.35,0.4,2160,,25400,weekly,2018-10-4T21:00:00.000,options,call
258,1538640120000,0.35,0.4,0.35,0.35,17040,,25400,weekly,2018-10-4T21:00:00.000,options,call
259,1538640180000,0.35,0.35,0.3,0.3,920,,25400,weekly,2018-10-4T21:00:00.000,options,call
260,1538640240000,0.35,0.35,0.3,0.3,16760,,25400,weekly,2018-10-4T21:00:00.000,options,call
261,1538640300000,0.3,0.35,0.3,0.35,9200,,25400,weekly,2018-10-4T21:00:00.000,options,call
262,1538640360000,0.3,0.35,0.3,0.3,7400,,25400,weekly,2018-10-4T21:00:00.000,options,call
263,1538640420000,0.3,0.3,0.3,0.3,15520,,25400,weekly,2018-10-4T21:00:00.000,options,call
264,1538640480000,0.3,0.35,0.3,0.3,27480,,25400,weekly,2018-10-4T21:00:00.000,options,call
265,1538640540000,0.3,0.35,0.3,0.3,14240,,25400,weekly,2018-10-4T21:00:00.000,options,call
266,1538640600000,0.35,0.4,0.35,0.35,10800,,25400,weekly,2018-10-4T21:00:00.000,options,call
267,1538640660000,0.35,0.4,0.35,0.35,2720,,25400,weekly,2018-10-4T21:00:00.000,options,call
268,1538640720000,0.4,0.4,0.35,0.35,1880,,25400,weekly,2018-10-4T21:00:00.000,options,call
269,1538640780000,0.4,0.4,0.35,0.35,1240,,25400,weekly,2018-10-4T21:00:00.000,options,call
270,1538640840000,0.35,0.35,0.35,0.35,880,,25400,weekly,2018-10-4T21:00:00.000,options,call
271,1538640900000,0.35,0.4,0.35,0.35,2720,,25400,weekly,2018-10-4T21:00:00.000,options,call
272,1538640960000,0.4,0.4,0.35,0.35,3520,,25400,weekly,2018-10-4T21:00:00.000,options,call
273,1538641020000,0.4,0.4,0.35,0.35,10760,,25400,weekly,2018-10-4T21:00:00.000,options,call
274,1538641080000,0.35,0.35,0.35,0.35,440,,25400,weekly,2018-10-4T21:00:00.000,options,call
275,1538641140000,0.35,0.4,0.35,0.35,8840,,25400,weekly,2018-10-4T21:00:00.000,options,call
276,1538641200000,0.4,0.4,0.35,0.35,1560,,25400,weekly,2018-10-4T21:00:00.000,options,call
277,1538641260000,0.4,0.4,0.35,0.35,2120,,25400,weekly,2018-10-4T21:00:00.000,options,call
278,1538641320000,0.35,0.4,0.35,0.35,3040,,25400,weekly,2018-10-4T21:00:00.000,options,call
279,1538641380000,0.4,0.4,0.35,0.35,9960,,25400,weekly,2018-10-4T21:00:00.000,options,call
280,1538641440000,0.35,0.45,0.35,0.4,16840,,25400,weekly,2018-10-4T21:00:00.000,options,call
281,1538641500000,0.4,0.45,0.35,0.4,15480,,25400,weekly,2018-10-4T21:00:00.000,options,call
282,1538641560000,0.4,0.45,0.35,0.45,2480,,25400,weekly,2018-10-4T21:00:00.000,options,call
283,1538641620000,0.35,0.45,0.35,0.4,4600,,25400,weekly,2018-10-4T21:00:00.000,options,call
284,1538641680000,0.4,0.4,0.35,0.4,6640,,25400,weekly,2018-10-4T21:00:00.000,options,call
285,1538641740000,0.35,0.35,0.35,0.35,2920,,25400,weekly,2018-10-4T21:00:00.000,options,call
286,1538641800000,0.35,0.4,0.35,0.4,2000,,25400,weekly,2018-10-4T21:00:00.000,options,call
287,1538641860000,0.4,0.4,0.35,0.35,8960,,25400,weekly,2018-10-4T21:00:00.000,options,call
288,1538641920000,0.35,0.4,0.35,0.35,3680,,25400,weekly,2018-10-4T21:00:00.000,options,call
289,1538641980000,0.35,0.35,0.35,0.35,4080,,25400,weekly,2018-10-4T21:00:00.000,options,call
290,1538642040000,0.35,0.4,0.3,0.3,7040,,25400,weekly,2018-10-4T21:00:00.000,options,call
291,1538642100000,0.35,0.35,0.3,0.35,2000,,25400,weekly,2018-10-4T21:00:00.000,options,call
292,1538642160000,0.3,0.35,0.3,0.35,1080,,25400,weekly,2018-10-4T21:00:00.000,options,call
293,1538642220000,0.35,0.35,0.3,0.35,8160,,25400,weekly,2018-10-4T21:00:00.000,options,call
294,1538642280000,0.35,0.35,0.3,0.3,1160,,25400,weekly,2018-10-4T21:00:00.000,options,call
295,1538642340000,0.3,0.35,0.3,0.3,3000,,25400,weekly,2018-10-4T21:00:00.000,options,call
296,1538642400000,0.35,0.35,0.3,0.3,2240,,25400,weekly,2018-10-4T21:00:00.000,options,call
297,1538642460000,0.3,0.3,0.3,0.3,3400,,25400,weekly,2018-10-4T21:00:00.000,options,call
298,1538642520000,0.3,0.35,0.3,0.35,6160,,25400,weekly,2018-10-4T21:00:00.000,options,call
299,1538642580000,0.3,0.4,0.3,0.35,6800,,25400,weekly,2018-10-4T21:00:00.000,options,call
300,1538642640000,0.4,0.4,0.35,0.35,600,,25400,weekly,2018-10-4T21:00:00.000,options,call
301,1538642700000,0.35,0.4,0.35,0.4,200,,25400,weekly,2018-10-4T21:00:00.000,options,call
302,1538642760000,0.35,0.35,0.35,0.35,1240,,25400,weekly,2018-10-4T21:00:00.000,options,call
303,1538642820000,0.4,0.4,0.35,0.35,11560,,25400,weekly,2018-10-4T21:00:00.000,options,call
304,1538642880000,0.4,0.4,0.35,0.35,2840,,25400,weekly,2018-10-4T21:00:00.000,options,call
305,1538642940000,0.4,0.4,0.35,0.4,15600,,25400,weekly,2018-10-4T21:00:00.000,options,call
306,1538643000000,0.4,0.4,0.35,0.4,3640,,25400,weekly,2018-10-4T21:00:00.000,options,call
307,1538643060000,0.35,0.4,0.3,0.3,11280,,25400,weekly,2018-10-4T21:00:00.000,options,call
308,1538643120000,0.3,0.4,0.3,0.4,9720,,25400,weekly,2018-10-4T21:00:00.000,options,call
309,1538643180000,0.35,0.4,0.35,0.35,8920,,25400,weekly,2018-10-4T21:00:00.000,options,call
310,1538643240000,0.35,0.35,0.35,0.35,3720,,25400,weekly,2018-10-4T21:00:00.000,options,call
311,1538643300000,0.35,0.4,0.35,0.35,2440,,25400,weekly,2018-10-4T21:00:00.000,options,call
312,1538643360000,0.35,0.35,0.3,0.35,1680,,25400,weekly,2018-10-4T21:00:00.000,options,call
313,1538643420000,0.35,0.35,0.3,0.3,7760,,25400,weekly,2018-10-4T21:00:00.000,options,call
314,1538643480000,0.3,0.3,0.3,0.3,120,,25400,weekly,2018-10-4T21:00:00.000,options,call
315,1538643540000,0.3,0.35,0.3,0.3,2040,,25400,weekly,2018-10-4T21:00:00.000,options,call
316,1538643600000,0.35,0.35,0.25,0.25,4920,,25400,weekly,2018-10-4T21:00:00.000,options,call
317,1538643660000,0.3,0.3,0.25,0.25,760,,25400,weekly,2018-10-4T21:00:00.000,options,call
318,1538643720000,0.25,0.25,0.25,0.25,4120,,25400,weekly,2018-10-4T21:00:00.000,options,call
319,1538643780000,0.3,0.3,0.3,0.3,400,,25400,weekly,2018-10-4T21:00:00.000,options,call
320,1538643840000,0.3,0.3,0.25,0.25,200,,25400,weekly,2018-10-4T21:00:00.000,options,call
321,1538643900000,0.25,0.25,0.25,0.25,3080,,25400,weekly,2018-10-4T21:00:00.000,options,call
322,1538643960000,0.25,0.3,0.25,0.25,8360,,25400,weekly,2018-10-4T21:00:00.000,options,call
323,1538644020000,0.25,0.3,0.25,0.3,19200,,25400,weekly,2018-10-4T21:00:00.000,options,call
324,1538644080000,0.3,0.3,0.2,0.2,6680,,25400,weekly,2018-10-4T21:00:00.000,options,call
325,1538644140000,0.25,0.25,0.2,0.25,5560,,25400,weekly,2018-10-4T21:00:00.000,options,call
326,1538644200000,0.2,0.25,0.2,0.25,5720,,25400,weekly,2018-10-4T21:00:00.000,options,call
327,1538644260000,0.2,0.3,0.2,0.3,8280,,25400,weekly,2018-10-4T21:00:00.000,options,call
328,1538644320000,0.3,0.3,0.25,0.3,9840,,25400,weekly,2018-10-4T21:00:00.000,options,call
329,1538644380000,0.25,0.5,0.25,0.5,32440,,25400,weekly,2018-10-4T21:00:00.000,options,call
330,1538644440000,0.45,0.5,0.4,0.4,11640,,25400,weekly,2018-10-4T21:00:00.000,options,call
331,1538644500000,0.4,0.45,0.35,0.4,9640,,25400,weekly,2018-10-4T21:00:00.000,options,call
332,1538644560000,0.45,0.45,0.4,0.45,6840,,25400,weekly,2018-10-4T21:00:00.000,options,call
333,1538644620000,0.45,0.5,0.4,0.5,5800,,25400,weekly,2018-10-4T21:00:00.000,options,call
334,1538644680000,0.5,0.5,0.35,0.35,6840,,25400,weekly,2018-10-4T21:00:00.000,options,call
335,1538644740000,0.45,0.45,0.35,0.35,9200,,25400,weekly,2018-10-4T21:00:00.000,options,call
336,1538644800000,0.35,0.4,0.25,0.3,12600,,25400,weekly,2018-10-4T21:00:00.000,options,call
337,1538644860000,0.35,0.35,0.25,0.3,10720,,25400,weekly,2018-10-4T21:00:00.000,options,call
338,1538644920000,0.3,0.3,0.25,0.3,5000,,25400,weekly,2018-10-4T21:00:00.000,options,call
339,1538644980000,0.25,0.3,0.25,0.25,6280,,25400,weekly,2018-10-4T21:00:00.000,options,call
340,1538645040000,0.2,0.25,0.2,0.2,5480,,25400,weekly,2018-10-4T21:00:00.000,options,call
341,1538645100000,0.25,0.25,0.2,0.25,2040,,25400,weekly,2018-10-4T21:00:00.000,options,call
342,1538645160000,0.2,0.25,0.2,0.25,1960,,25400,weekly,2018-10-4T21:00:00.000,options,call
343,1538645220000,0.2,0.25,0.2,0.25,680,,25400,weekly,2018-10-4T21:00:00.000,options,call
344,1538645280000,0.25,0.25,0.2,0.25,4600,,25400,weekly,2018-10-4T21:00:00.000,options,call
345,1538645340000,0.25,0.25,0.2,0.2,9200,,25400,weekly,2018-10-4T21:00:00.000,options,call
346,1538645400000,0.2,0.25,0.2,0.25,4240,,25400,weekly,2018-10-4T21:00:00.000,options,call
347,1538645460000,0.25,0.25,0.2,0.2,9240,,25400,weekly,2018-10-4T21:00:00.000,options,call
348,1538645520000,0.2,0.25,0.2,0.25,7280,,25400,weekly,2018-10-4T21:00:00.000,options,call
349,1538645580000,0.25,0.25,0.2,0.2,64320,,25400,weekly,2018-10-4T21:00:00.000,options,call
350,1538645640000,0.15,0.2,0.15,0.15,6080,,25400,weekly,2018-10-4T21:00:00.000,options,call
351,1538645700000,0.2,0.2,0.1,0.1,42360,,25400,weekly,2018-10-4T21:00:00.000,options,call
352,1538645760000,0.1,0.15,0.1,0.1,5120,,25400,weekly,2018-10-4T21:00:00.000,options,call
353,1538645820000,0.1,0.15,0.05,0.05,47720,,25400,weekly,2018-10-4T21:00:00.000,options,call
354,1538645880000,0.1,0.1,0.05,0.05,22320,,25400,weekly,2018-10-4T21:00:00.000,options,call
355,1538645940000,0.05,0.1,0.05,0.05,7880,,25400,weekly,2018-10-4T21:00:00.000,options,call
356,1538646000000,0.1,0.1,0.05,0.05,20120,,25400,weekly,2018-10-4T21:00:00.000,options,call
357,1538646060000,0.05,0.1,0.05,0.1,14800,,25400,weekly,2018-10-4T21:00:00.000,options,call
358,1538646120000,0.1,0.1,0.05,0.05,10200,,25400,weekly,2018-10-4T21:00:00.000,options,call
359,1538646180000,0.1,0.1,0.05,0.1,4360,,25400,weekly,2018-10-4T21:00:00.000,options,call
360,1538646240000,0.05,0.1,0.05,0.05,9360,,25400,weekly,2018-10-4T21:00:00.000,options,call
361,1538646300000,0.1,0.1,0.05,0.1,4200,,25400,weekly,2018-10-4T21:00:00.000,options,call
362,1538646360000,0.1,0.1,0.05,0.05,3120,,25400,weekly,2018-10-4T21:00:00.000,options,call
363,1538646420000,0.05,0.1,0.05,0.05,4080,,25400,weekly,2018-10-4T21:00:00.000,options,call
364,1538646480000,0.05,0.05,0.05,0.05,53080,,25400,weekly,2018-10-4T21:00:00.000,options,call
365,1538646540000,0.05,0.1,0.05,0.05,8000,,25400,weekly,2018-10-4T21:00:00.000,options,call
366,1538646600000,0.05,0.1,0.05,0.05,8080,,25400,weekly,2018-10-4T21:00:00.000,options,call
367,1538646660000,0.05,0.1,0.05,0.05,1080,,25400,weekly,2018-10-4T21:00:00.000,options,call
368,1538646720000,0.05,0.1,0.05,0.1,9520,,25400,weekly,2018-10-4T21:00:00.000,options,call
369,1538646780000,0.1,0.1,0.05,0.05,75720,,25400,weekly,2018-10-4T21:00:00.000,options,call
370,1538646840000,0.05,0.1,0.05,0.05,32720,,25400,weekly,2018-10-4T21:00:00.000,options,call
371,1538646900000,0.1,0.1,0.05,0.05,2560,,25400,weekly,2018-10-4T21:00:00.000,options,call
372,1538646960000,0.05,0.1,0.05,0.05,6800,,25400,weekly,2018-10-4T21:00:00.000,options,call
373,1538647020000,0.05,0.1,0.05,0.05,2960,,25400,weekly,2018-10-4T21:00:00.000,options,call
374,1538647080000,0.05,0.05,0.05,0.05,2720,,25400,weekly,2018-10-4T21:00:00.000,options,call
