,timestamp,open,high,low,close,volume,open_interest,strike,expiry_type,expiry,instrument,contract_type
0,1649841300000,118.3,132.1,92.6,94.1,417500,967800,17700,weekly,2022-4-13T21:00:00.000,options,put
1,1649841360000,93.75,99.2,92.25,97.45,419800,967800,17700,weekly,2022-4-13T21:00:00.000,options,put
2,1649841420000,97.2,98.6,91.25,92.9,190150,1069050,17700,weekly,2022-4-13T21:00:00.000,options,put
3,1649841480000,92.3,92.7,86.3,89.55,270700,1069050,17700,weekly,2022-4-13T21:00:00.000,options,put
4,1649841540000,89.45,91.2,87.3,87.8,239950,1069050,17700,weekly,2022-4-13T21:00:00.000,options,put
5,1649841600000,86.0,88.5,79.1,80.8,394350,1203800,17700,weekly,2022-4-13T21:00:00.000,options,put
6,1649841660000,80.1,83.3,76.5,81.7,359750,1203800,17700,weekly,2022-4-13T21:00:00.000,options,put
7,1649841720000,81.2,81.2,73.15,74.3,395950,1203800,17700,weekly,2022-4-13T21:00:00.000,options,put
8,1649841780000,73.55,76.2,72.15,74.95,385050,1435400,17700,weekly,2022-4-13T21:00:00.000,options,put
9,1649841840000,74.65,79.9,74.65,79.9,342350,1435400,17700,weekly,2022-4-13T21:00:00.000,options,put
10,1649841900000,79.85,79.85,73.2,75.8,491950,1435400,17700,weekly,2022-4-13T21:00:00.000,options,put
11,1649841960000,75.25,77.2,70.6,74.45,315250,1673200,17700,weekly,2022-4-13T21:00:00.000,options,put
12,1649842020000,74.75,75.4,71.5,72.15,286550,1673200,17700,weekly,2022-4-13T21:00:00.000,options,put
13,1649842080000,72.05,74.55,72.05,74.3,167000,1673200,17700,weekly,2022-4-13T21:00:00.000,options,put
14,1649842140000,74.15,74.55,70.45,71.0,237300,1815750,17700,weekly,2022-4-13T21:00:00.000,options,put
15,1649842200000,70.15,70.75,67.0,68.8,429550,1815750,17700,weekly,2022-4-13T21:00:00.000,options,put
16,1649842260000,69.05,72.25,63.4,63.5,561200,1815750,17700,weekly,2022-4-13T21:00:00.000,options,put
17,1649842320000,63.35,65.15,61.0,64.75,629500,2168250,17700,weekly,2022-4-13T21:00:00.000,options,put
18,1649842380000,64.25,68.5,64.0,68.5,490700,2168250,17700,weekly,2022-4-13T21:00:00.000,options,put
19,1649842440000,68.35,73.05,67.4,73.0,560200,2168250,17700,weekly,2022-4-13T21:00:00.000,options,put
20,1649842500000,72.85,73.95,69.15,69.25,521000,2272300,17700,weekly,2022-4-13T21:00:00.000,options,put
21,1649842560000,68.7,69.95,66.6,67.4,275700,2272300,17700,weekly,2022-4-13T21:00:00.000,options,put
22,1649842620000,67.55,68.3,64.15,65.05,325750,2272300,17700,weekly,2022-4-13T21:00:00.000,options,put
23,1649842680000,65.05,66.65,63.25,66.65,275750,2406000,17700,weekly,2022-4-13T21:00:00.000,options,put
24,1649842740000,66.5,69.2,64.35,68.6,343750,2406000,17700,weekly,2022-4-13T21:00:00.000,options,put
25,1649842800000,68.8,70.45,67.65,68.85,302250,2406000,17700,weekly,2022-4-13T21:00:00.000,options,put
26,1649842860000,69.15,74.45,69.05,73.7,505900,2419050,17700,weekly,2022-4-13T21:00:00.000,options,put
27,1649842920000,73.4,78.35,73.15,74.2,611750,2419050,17700,weekly,2022-4-13T21:00:00.000,options,put
28,1649842980000,74.9,78.45,73.85,74.65,355350,2419050,17700,weekly,2022-4-13T21:00:00.000,options,put
29,1649843040000,74.35,79.3,74.3,79.3,239400,2299600,17700,weekly,2022-4-13T21:00:00.000,options,put
30,1649843100000,79.1,81.4,75.8,78.0,711950,2299600,17700,weekly,2022-4-13T21:00:00.000,options,put
31,1649843160000,78.55,79.35,72.9,76.15,368500,2299600,17700,weekly,2022-4-13T21:00:00.000,options,put
32,1649843220000,76.25,84.5,76.25,82.25,661100,2282350,17700,weekly,2022-4-13T21:00:00.000,options,put
33,1649843280000,82.45,83.85,78.9,83.6,310200,2282350,17700,weekly,2022-4-13T21:00:00.000,options,put
34,1649843340000,83.95,85.95,80.25,80.85,323250,2282350,17700,weekly,2022-4-13T21:00:00.000,options,put
35,1649843400000,80.8,80.85,74.6,79.05,323100,2241450,17700,weekly,2022-4-13T21:00:00.000,options,put
36,1649843460000,79.0,84.6,77.2,82.85,300500,2241450,17700,weekly,2022-4-13T21:00:00.000,options,put
37,1649843520000,82.9,85.9,80.8,83.1,271600,2241450,17700,weekly,2022-4-13T21:00:00.000,options,put
38,1649843580000,82.8,85.3,80.3,83.1,211000,2236500,17700,weekly,2022-4-13T21:00:00.000,options,put
39,1649843640000,83.3,85.75,82.2,85.15,170600,2236500,17700,weekly,2022-4-13T21:00:00.000,options,put
40,1649843700000,84.35,89.2,84.35,86.8,424350,2236500,17700,weekly,2022-4-13T21:00:00.000,options,put
41,1649843760000,86.7,91.6,86.2,89.3,336350,2143000,17700,weekly,2022-4-13T21:00:00.000,options,put
42,1649843820000,90.15,96.95,90.15,93.2,471250,2143000,17700,weekly,2022-4-13T21:00:00.000,options,put
43,1649843880000,93.45,101.4,93.45,100.1,391600,2143000,17700,weekly,2022-4-13T21:00:00.000,options,put
44,1649843940000,100.2,101.2,94.8,94.95,314000,1954800,17700,weekly,2022-4-13T21:00:00.000,options,put
45,1649844000000,94.65,100.45,92.1,98.8,352500,1954800,17700,weekly,2022-4-13T21:00:00.000,options,put
46,1649844060000,98.6,115.65,98.6,108.95,627250,1954800,17700,weekly,2022-4-13T21:00:00.000,options,put
47,1649844120000,108.6,117.65,108.6,116.1,408000,1846050,17700,weekly,2022-4-13T21:00:00.000,options,put
48,1649844180000,116.85,130.05,116.45,130.05,437600,1846050,17700,weekly,2022-4-13T21:00:00.000,options,put
49,1649844240000,128.7,129.65,117.2,118.6,320250,1846050,17700,weekly,2022-4-13T21:00:00.000,options,put
50,1649844300000,119.05,122.7,114.75,120.95,331850,1734300,17700,weekly,2022-4-13T21:00:00.000,options,put
51,1649844360000,120.9,124.9,119.25,119.75,202250,1734300,17700,weekly,2022-4-13T21:00:00.000,options,put
52,1649844420000,119.95,122.95,116.75,118.85,122400,1734300,17700,weekly,2022-4-13T21:00:00.000,options,put
53,1649844480000,118.65,121.1,117.85,121.1,84100,1747150,17700,weekly,2022-4-13T21:00:00.000,options,put
54,1649844540000,121.6,133.0,121.55,130.0,402200,1747150,17700,weekly,2022-4-13T21:00:00.000,options,put
55,1649844600000,129.45,142.7,128.0,134.6,420800,1747150,17700,weekly,2022-4-13T21:00:00.000,options,put
56,1649844660000,135.2,138.5,132.8,133.9,153450,1651850,17700,weekly,2022-4-13T21:00:00.000,options,put
57,1649844720000,134.7,136.95,127.85,130.4,127750,1651850,17700,weekly,2022-4-13T21:00:00.000,options,put
58,1649844780000,131.0,141.4,131.0,138.0,165500,1651850,17700,weekly,2022-4-13T21:00:00.000,options,put
59,1649844840000,137.6,144.8,137.35,143.9,165050,1653700,17700,weekly,2022-4-13T21:00:00.000,options,put
60,1649844900000,143.55,148.95,137.0,137.85,269850,1653700,17700,weekly,2022-4-13T21:00:00.000,options,put
61,1649844960000,137.55,140.25,127.7,127.7,191350,1653700,17700,weekly,2022-4-13T21:00:00.000,options,put
62,1649845020000,126.65,131.0,123.9,125.15,184650,1590850,17700,weekly,2022-4-13T21:00:00.000,options,put
63,1649845080000,124.95,134.95,124.95,134.95,111050,1590850,17700,weekly,2022-4-13T21:00:00.000,options,put
64,1649845140000,134.5,141.0,132.15,140.75,187500,1590850,17700,weekly,2022-4-13T21:00:00.000,options,put
65,1649845200000,139.1,142.05,131.5,133.15,123850,1586100,17700,weekly,2022-4-13T21:00:00.000,options,put
66,1649845260000,133.95,141.6,133.5,138.05,111700,1586100,17700,weekly,2022-4-13T21:00:00.000,options,put
67,1649845320000,137.6,138.55,134.2,134.2,46900,1586100,17700,weekly,2022-4-13T21:00:00.000,options,put
68,1649845380000,133.95,137.9,133.35,136.45,56650,1594050,17700,weekly,2022-4-13T21:00:00.000,options,put
69,1649845440000,136.75,142.95,136.75,139.95,120350,1594050,17700,weekly,2022-4-13T21:00:00.000,options,put
70,1649845500000,140.0,144.6,137.3,144.25,112900,1594050,17700,weekly,2022-4-13T21:00:00.000,options,put
71,1649845560000,143.95,160.7,143.95,160.35,320600,1556800,17700,weekly,2022-4-13T21:00:00.000,options,put
72,1649845620000,160.75,172.8,160.75,165.5,265450,1556800,17700,weekly,2022-4-13T21:00:00.000,options,put
73,1649845680000,164.55,165.35,153.05,153.85,129050,1556800,17700,weekly,2022-4-13T21:00:00.000,options,put
74,1649845740000,153.5,162.0,152.35,158.7,87900,1515500,17700,weekly,2022-4-13T21:00:00.000,options,put
75,1649845800000,159.05,164.75,156.4,156.4,83800,1515500,17700,weekly,2022-4-13T21:00:00.000,options,put
76,1649845860000,157.65,163.25,157.1,159.1,51450,1515500,17700,weekly,2022-4-13T21:00:00.000,options,put
77,1649845920000,159.0,159.0,147.15,150.55,125150,1508500,17700,weekly,2022-4-13T21:00:00.000,options,put
78,1649845980000,150.7,152.55,148.65,152.55,67250,1508500,17700,weekly,2022-4-13T21:00:00.000,options,put
79,1649846040000,152.0,154.9,146.3,148.2,59250,1508500,17700,weekly,2022-4-13T21:00:00.000,options,put
80,1649846100000,147.75,149.85,136.35,138.15,139900,1516200,17700,weekly,2022-4-13T21:00:00.000,options,put
81,1649846160000,137.5,138.55,132.55,136.0,151900,1516200,17700,weekly,2022-4-13T21:00:00.000,options,put
82,1649846220000,135.7,139.5,134.0,137.3,111850,1516200,17700,weekly,2022-4-13T21:00:00.000,options,put
83,1649846280000,137.8,143.85,137.8,142.4,120800,1521750,17700,weekly,2022-4-13T21:00:00.000,options,put
84,1649846340000,142.8,145.65,141.95,144.0,99300,1521750,17700,weekly,2022-4-13T21:00:00.000,options,put
85,1649846400000,144.0,144.9,138.95,141.6,80650,1521750,17700,weekly,2022-4-13T21:00:00.000,options,put
86,1649846460000,141.85,143.4,138.0,143.4,45450,1533350,17700,weekly,2022-4-13T21:00:00.000,options,put
87,1649846520000,142.95,146.0,141.3,145.95,78800,1533350,17700,weekly,2022-4-13T21:00:00.000,options,put
88,1649846580000,146.15,156.15,146.15,153.45,155400,1533350,17700,weekly,2022-4-13T21:00:00.000,options,put
89,1649846640000,152.75,158.9,152.75,154.05,109550,1512600,17700,weekly,2022-4-13T21:00:00.000,options,put
90,1649846700000,154.05,159.95,154.05,155.45,103500,1512600,17700,weekly,2022-4-13T21:00:00.000,options,put
91,1649846760000,155.35,156.05,141.65,143.4,84950,1512600,17700,weekly,2022-4-13T21:00:00.000,options,put
92,1649846820000,143.65,147.1,142.0,144.65,68800,1520150,17700,weekly,2022-4-13T21:00:00.000,options,put
93,1649846880000,145.25,152.85,144.65,152.85,45000,1520150,17700,weekly,2022-4-13T21:00:00.000,options,put
94,1649846940000,152.5,160.6,152.5,158.45,99550,1520150,17700,weekly,2022-4-13T21:00:00.000,options,put
95,1649847000000,158.75,161.35,145.65,148.3,167500,1510500,17700,weekly,2022-4-13T21:00:00.000,options,put
96,1649847060000,147.8,149.85,143.6,143.7,57550,1510500,17700,weekly,2022-4-13T21:00:00.000,options,put
97,1649847120000,144.45,146.7,139.45,144.5,70450,1510500,17700,weekly,2022-4-13T21:00:00.000,options,put
98,1649847180000,143.5,150.55,142.8,148.1,37650,1516150,17700,weekly,2022-4-13T21:00:00.000,options,put
99,1649847240000,147.05,151.35,146.9,147.3,31650,1516150,17700,weekly,2022-4-13T21:00:00.000,options,put
100,1649847300000,147.0,158.1,146.2,157.4,75700,1516150,17700,weekly,2022-4-13T21:00:00.000,options,put
101,1649847360000,155.7,159.9,151.55,152.4,102950,1518150,17700,weekly,2022-4-13T21:00:00.000,options,put
102,1649847420000,151.0,161.5,149.4,158.55,205600,1518150,17700,weekly,2022-4-13T21:00:00.000,options,put
103,1649847480000,158.25,158.8,150.65,152.7,123350,1518150,17700,weekly,2022-4-13T21:00:00.000,options,put
104,1649847540000,152.45,154.65,142.95,147.75,151950,1449050,17700,weekly,2022-4-13T21:00:00.000,options,put
105,1649847600000,146.15,152.0,146.0,150.6,88700,1449050,17700,weekly,2022-4-13T21:00:00.000,options,put
106,1649847660000,151.1,156.65,150.55,155.0,120850,1449050,17700,weekly,2022-4-13T21:00:00.000,options,put
107,1649847720000,155.05,158.45,154.35,157.55,66950,1354000,17700,weekly,2022-4-13T21:00:00.000,options,put
108,1649847780000,158.15,161.0,155.6,157.95,87200,1354000,17700,weekly,2022-4-13T21:00:00.000,options,put
109,1649847840000,159.0,161.15,142.65,145.85,160850,1354000,17700,weekly,2022-4-13T21:00:00.000,options,put
110,1649847900000,146.65,149.9,141.6,141.85,101300,1309700,17700,weekly,2022-4-13T21:00:00.000,options,put
111,1649847960000,142.45,145.0,137.6,140.0,75600,1309700,17700,weekly,2022-4-13T21:00:00.000,options,put
112,1649848020000,140.05,146.6,140.05,144.5,56950,1309700,17700,weekly,2022-4-13T21:00:00.000,options,put
113,1649848080000,144.95,150.3,144.15,148.4,72450,1291250,17700,weekly,2022-4-13T21:00:00.000,options,put
114,1649848140000,149.25,153.5,147.8,150.15,59850,1291250,17700,weekly,2022-4-13T21:00:00.000,options,put
115,1649848200000,149.05,151.75,145.3,147.75,37300,1291250,17700,weekly,2022-4-13T21:00:00.000,options,put
116,1649848260000,147.9,151.9,146.15,146.15,30750,1296000,17700,weekly,2022-4-13T21:00:00.000,options,put
117,1649848320000,146.7,148.35,141.0,147.35,62500,1296000,17700,weekly,2022-4-13T21:00:00.000,options,put
118,1649848380000,147.0,154.15,147.0,152.2,87600,1296000,17700,weekly,2022-4-13T21:00:00.000,options,put
119,1649848440000,152.15,156.4,151.4,151.95,57650,1307750,17700,weekly,2022-4-13T21:00:00.000,options,put
120,1649848500000,150.95,153.4,149.4,153.4,37750,1307750,17700,weekly,2022-4-13T21:00:00.000,options,put
121,1649848560000,152.95,155.0,144.35,146.15,48350,1307750,17700,weekly,2022-4-13T21:00:00.000,options,put
122,1649848620000,145.4,153.65,145.35,152.2,45200,1298850,17700,weekly,2022-4-13T21:00:00.000,options,put
123,1649848680000,152.25,153.7,145.1,147.9,35600,1298850,17700,weekly,2022-4-13T21:00:00.000,options,put
124,1649848740000,147.45,149.0,145.0,146.8,36300,1298850,17700,weekly,2022-4-13T21:00:00.000,options,put
125,1649848800000,145.4,151.2,145.4,151.0,42050,1302900,17700,weekly,2022-4-13T21:00:00.000,options,put
126,1649848860000,151.15,152.95,139.1,140.75,79550,1302900,17700,weekly,2022-4-13T21:00:00.000,options,put
127,1649848920000,141.2,147.2,141.0,144.0,48800,1302900,17700,weekly,2022-4-13T21:00:00.000,options,put
128,1649848980000,143.7,148.5,143.5,147.25,32450,1296350,17700,weekly,2022-4-13T21:00:00.000,options,put
129,1649849040000,147.8,150.0,143.1,149.1,32450,1296350,17700,weekly,2022-4-13T21:00:00.000,options,put
130,1649849100000,149.1,151.0,146.55,146.55,37000,1296350,17700,weekly,2022-4-13T21:00:00.000,options,put
131,1649849160000,145.0,149.75,143.75,148.65,21700,1305350,17700,weekly,2022-4-13T21:00:00.000,options,put
132,1649849220000,149.15,149.25,144.35,147.25,26550,1305350,17700,weekly,2022-4-13T21:00:00.000,options,put
133,1649849280000,148.0,148.0,140.0,143.95,65100,1305350,17700,weekly,2022-4-13T21:00:00.000,options,put
134,1649849340000,145.0,146.75,138.8,142.35,58000,1308650,17700,weekly,2022-4-13T21:00:00.000,options,put
135,1649849400000,142.7,145.4,139.0,142.15,65200,1308650,17700,weekly,2022-4-13T21:00:00.000,options,put
136,1649849460000,144.0,146.05,141.65,144.35,34800,1308650,17700,weekly,2022-4-13T21:00:00.000,options,put
137,1649849520000,145.0,148.5,142.0,143.1,41950,1301300,17700,weekly,2022-4-13T21:00:00.000,options,put
138,1649849580000,143.0,143.45,135.65,136.35,71300,1301300,17700,weekly,2022-4-13T21:00:00.000,options,put
139,1649849640000,136.1,137.7,131.15,137.05,108500,1301300,17700,weekly,2022-4-13T21:00:00.000,options,put
140,1649849700000,135.55,139.6,133.55,139.55,54350,1305800,17700,weekly,2022-4-13T21:00:00.000,options,put
141,1649849760000,140.25,152.95,139.7,150.05,132950,1305800,17700,weekly,2022-4-13T21:00:00.000,options,put
142,1649849820000,149.5,160.0,149.5,152.8,112400,1305800,17700,weekly,2022-4-13T21:00:00.000,options,put
143,1649849880000,152.7,157.9,150.4,157.15,73700,1299900,17700,weekly,2022-4-13T21:00:00.000,options,put
144,1649849940000,158.4,168.55,157.25,163.45,203550,1299900,17700,weekly,2022-4-13T21:00:00.000,options,put
145,1649850000000,161.9,170.75,156.35,165.1,458600,1299900,17700,weekly,2022-4-13T21:00:00.000,options,put
146,1649850060000,165.15,169.25,162.2,165.4,120600,1169900,17700,weekly,2022-4-13T21:00:00.000,options,put
147,1649850120000,165.6,166.6,159.6,165.45,70250,1169900,17700,weekly,2022-4-13T21:00:00.000,options,put
148,1649850180000,165.45,176.9,164.7,171.15,204400,1169900,17700,weekly,2022-4-13T21:00:00.000,options,put
149,1649850240000,170.05,185.0,170.05,184.05,158100,1162050,17700,weekly,2022-4-13T21:00:00.000,options,put
150,1649850300000,187.8,212.6,184.4,186.2,299550,1162050,17700,weekly,2022-4-13T21:00:00.000,options,put
151,1649850360000,187.2,188.65,177.85,186.0,140500,1162050,17700,weekly,2022-4-13T21:00:00.000,options,put
152,1649850420000,185.95,186.0,177.75,182.4,55850,1091800,17700,weekly,2022-4-13T21:00:00.000,options,put
153,1649850480000,182.0,185.5,178.9,178.9,50300,1091800,17700,weekly,2022-4-13T21:00:00.000,options,put
154,1649850540000,178.1,179.0,170.0,173.45,111750,1091800,17700,weekly,2022-4-13T21:00:00.000,options,put
155,1649850600000,174.85,175.25,163.95,173.25,119450,1098800,17700,weekly,2022-4-13T21:00:00.000,options,put
156,1649850660000,172.2,174.9,157.5,158.65,91700,1098800,17700,weekly,2022-4-13T21:00:00.000,options,put
157,1649850720000,158.75,165.55,158.25,162.3,80200,1098800,17700,weekly,2022-4-13T21:00:00.000,options,put
158,1649850780000,162.45,170.95,162.45,169.4,53400,1078150,17700,weekly,2022-4-13T21:00:00.000,options,put
159,1649850840000,170.0,176.0,168.95,169.65,75400,1078150,17700,weekly,2022-4-13T21:00:00.000,options,put
160,1649850900000,169.95,174.5,166.5,174.15,47000,1078150,17700,weekly,2022-4-13T21:00:00.000,options,put
161,1649850960000,173.7,174.5,171.0,171.4,41950,1077600,17700,weekly,2022-4-13T21:00:00.000,options,put
162,1649851020000,170.3,171.2,165.0,167.6,32300,1077600,17700,weekly,2022-4-13T21:00:00.000,options,put
163,1649851080000,167.3,171.2,163.95,170.45,20900,1077600,17700,weekly,2022-4-13T21:00:00.000,options,put
164,1649851140000,170.8,171.95,166.45,170.25,26250,1077850,17700,weekly,2022-4-13T21:00:00.000,options,put
165,1649851200000,170.0,173.3,163.35,169.0,37800,1077850,17700,weekly,2022-4-13T21:00:00.000,options,put
166,1649851260000,168.85,172.9,168.85,171.45,25100,1077850,17700,weekly,2022-4-13T21:00:00.000,options,put
167,1649851320000,171.4,180.8,170.45,173.85,96050,1090200,17700,weekly,2022-4-13T21:00:00.000,options,put
168,1649851380000,174.55,183.75,174.2,182.1,46350,1090200,17700,weekly,2022-4-13T21:00:00.000,options,put
169,1649851440000,181.95,193.4,181.95,187.35,136650,1090200,17700,weekly,2022-4-13T21:00:00.000,options,put
170,1649851500000,187.05,197.1,186.6,193.25,101750,1080350,17700,weekly,2022-4-13T21:00:00.000,options,put
171,1649851560000,193.25,199.0,192.9,197.35,70550,1080350,17700,weekly,2022-4-13T21:00:00.000,options,put
172,1649851620000,198.0,198.0,187.8,190.05,86250,1080350,17700,weekly,2022-4-13T21:00:00.000,options,put
173,1649851680000,190.6,195.7,190.35,192.6,43100,1073150,17700,weekly,2022-4-13T21:00:00.000,options,put
174,1649851740000,192.45,197.0,190.5,192.1,47250,1073150,17700,weekly,2022-4-13T21:00:00.000,options,put
175,1649851800000,192.65,193.0,186.35,188.4,50550,1073150,17700,weekly,2022-4-13T21:00:00.000,options,put
176,1649851860000,187.85,195.65,187.5,187.5,80150,1048700,17700,weekly,2022-4-13T21:00:00.000,options,put
177,1649851920000,188.25,196.55,188.0,196.15,45200,1048700,17700,weekly,2022-4-13T21:00:00.000,options,put
178,1649851980000,194.35,203.7,193.0,199.7,123850,1048700,17700,weekly,2022-4-13T21:00:00.000,options,put
179,1649852040000,200.1,220.0,199.1,220.0,134750,1027700,17700,weekly,2022-4-13T21:00:00.000,options,put
180,1649852100000,221.45,221.45,207.0,208.45,103850,1027700,17700,weekly,2022-4-13T21:00:00.000,options,put
181,1649852160000,209.0,211.0,202.9,211.0,56850,1027700,17700,weekly,2022-4-13T21:00:00.000,options,put
182,1649852220000,211.4,217.55,210.0,215.6,61700,1018800,17700,weekly,2022-4-13T21:00:00.000,options,put
183,1649852280000,215.2,223.65,215.2,219.9,79100,1018800,17700,weekly,2022-4-13T21:00:00.000,options,put
184,1649852340000,219.25,223.0,213.7,215.1,56200,1018800,17700,weekly,2022-4-13T21:00:00.000,options,put
185,1649852400000,215.25,215.4,208.95,213.35,45700,1016550,17700,weekly,2022-4-13T21:00:00.000,options,put
186,1649852460000,213.7,218.45,211.0,212.35,29400,1016550,17700,weekly,2022-4-13T21:00:00.000,options,put
187,1649852520000,212.75,214.2,208.4,211.0,66900,1016550,17700,weekly,2022-4-13T21:00:00.000,options,put
188,1649852580000,210.75,211.35,208.25,210.0,28700,1030700,17700,weekly,2022-4-13T21:00:00.000,options,put
189,1649852640000,211.0,212.8,205.6,208.45,28100,1030700,17700,weekly,2022-4-13T21:00:00.000,options,put
190,1649852700000,208.8,216.95,208.8,213.0,29550,1030700,17700,weekly,2022-4-13T21:00:00.000,options,put
191,1649852760000,212.0,218.65,211.4,217.95,34250,1017150,17700,weekly,2022-4-13T21:00:00.000,options,put
192,1649852820000,217.85,227.95,217.25,221.95,96750,1017150,17700,weekly,2022-4-13T21:00:00.000,options,put
193,1649852880000,222.35,225.7,218.95,222.45,48400,1017150,17700,weekly,2022-4-13T21:00:00.000,options,put
194,1649852940000,222.9,227.0,222.8,226.15,76100,983550,17700,weekly,2022-4-13T21:00:00.000,options,put
195,1649853000000,226.15,239.1,226.15,229.9,118650,983550,17700,weekly,2022-4-13T21:00:00.000,options,put
196,1649853060000,228.6,230.05,217.5,217.5,61400,983550,17700,weekly,2022-4-13T21:00:00.000,options,put
197,1649853120000,216.8,219.0,207.2,209.85,78150,950000,17700,weekly,2022-4-13T21:00:00.000,options,put
198,1649853180000,211.2,212.0,195.15,197.55,78600,950000,17700,weekly,2022-4-13T21:00:00.000,options,put
199,1649853240000,196.95,205.7,195.95,205.7,50350,950000,17700,weekly,2022-4-13T21:00:00.000,options,put
200,1649853300000,206.0,209.8,203.5,204.7,49750,945500,17700,weekly,2022-4-13T21:00:00.000,options,put
201,1649853360000,204.85,208.6,198.45,198.45,70050,945500,17700,weekly,2022-4-13T21:00:00.000,options,put
202,1649853420000,198.8,212.35,198.75,212.0,54250,945500,17700,weekly,2022-4-13T21:00:00.000,options,put
203,1649853480000,212.85,216.8,199.9,199.9,57650,956050,17700,weekly,2022-4-13T21:00:00.000,options,put
204,1649853540000,201.65,209.45,200.1,208.0,17600,956050,17700,weekly,2022-4-13T21:00:00.000,options,put
205,1649853600000,208.35,208.95,201.8,202.3,21950,956050,17700,weekly,2022-4-13T21:00:00.000,options,put
206,1649853660000,202.0,207.8,200.4,207.8,17550,959850,17700,weekly,2022-4-13T21:00:00.000,options,put
207,1649853720000,208.7,212.0,205.2,209.1,28150,959850,17700,weekly,2022-4-13T21:00:00.000,options,put
208,1649853780000,209.65,213.3,207.0,212.6,27950,959850,17700,weekly,2022-4-13T21:00:00.000,options,put
209,1649853840000,213.15,213.15,203.0,203.35,23450,950550,17700,weekly,2022-4-13T21:00:00.000,options,put
210,1649853900000,203.55,210.95,202.4,209.15,20600,950550,17700,weekly,2022-4-13T21:00:00.000,options,put
211,1649853960000,209.7,211.0,203.5,206.05,33450,950550,17700,weekly,2022-4-13T21:00:00.000,options,put
212,1649854020000,206.1,207.0,202.7,204.5,28850,950550,17700,weekly,2022-4-13T21:00:00.000,options,put
213,1649854080000,204.0,206.5,201.0,201.0,31950,958800,17700,weekly,2022-4-13T21:00:00.000,options,put
214,1649854140000,200.45,207.5,200.45,207.0,23600,958800,17700,weekly,2022-4-13T21:00:00.000,options,put
215,1649854200000,206.5,214.25,206.4,208.75,36400,958800,17700,weekly,2022-4-13T21:00:00.000,options,put
216,1649854260000,207.95,209.35,205.5,208.4,28050,948050,17700,weekly,2022-4-13T21:00:00.000,options,put
217,1649854320000,209.05,218.0,206.5,218.0,55050,948050,17700,weekly,2022-4-13T21:00:00.000,options,put
218,1649854380000,217.7,223.15,215.6,221.45,62850,948050,17700,weekly,2022-4-13T21:00:00.000,options,put
219,1649854440000,221.3,223.4,217.0,218.55,62700,920500,17700,weekly,2022-4-13T21:00:00.000,options,put
220,1649854500000,219.55,225.75,217.95,225.7,45700,920500,17700,weekly,2022-4-13T21:00:00.000,options,put
221,1649854560000,225.0,229.85,216.35,217.0,50800,920500,17700,weekly,2022-4-13T21:00:00.000,options,put
222,1649854620000,216.6,219.0,214.0,215.6,21400,902100,17700,weekly,2022-4-13T21:00:00.000,options,put
223,1649854680000,216.1,216.1,207.2,215.1,28250,902100,17700,weekly,2022-4-13T21:00:00.000,options,put
224,1649854740000,217.0,219.35,213.15,213.15,35950,902100,17700,weekly,2022-4-13T21:00:00.000,options,put
225,1649854800000,213.15,217.0,209.4,212.15,30850,899550,17700,weekly,2022-4-13T21:00:00.000,options,put
226,1649854860000,210.95,218.0,210.95,215.65,31100,899550,17700,weekly,2022-4-13T21:00:00.000,options,put
227,1649854920000,214.85,220.25,212.7,213.55,41250,899550,17700,weekly,2022-4-13T21:00:00.000,options,put
228,1649854980000,213.55,224.0,213.55,221.0,47150,898700,17700,weekly,2022-4-13T21:00:00.000,options,put
229,1649855040000,222.0,230.4,221.45,224.4,92300,898700,17700,weekly,2022-4-13T21:00:00.000,options,put
230,1649855100000,223.05,227.6,215.6,219.45,50550,898700,17700,weekly,2022-4-13T21:00:00.000,options,put
231,1649855160000,219.05,220.4,213.5,214.0,21450,868450,17700,weekly,2022-4-13T21:00:00.000,options,put
232,1649855220000,213.25,216.15,210.0,213.3,19650,868450,17700,weekly,2022-4-13T21:00:00.000,options,put
233,1649855280000,212.8,214.35,207.35,207.35,23950,868450,17700,weekly,2022-4-13T21:00:00.000,options,put
234,1649855340000,208.65,210.0,202.0,206.1,56250,867150,17700,weekly,2022-4-13T21:00:00.000,options,put
235,1649855400000,207.65,208.75,199.85,199.85,23450,867150,17700,weekly,2022-4-13T21:00:00.000,options,put
236,1649855460000,199.0,200.9,188.4,188.4,122550,867150,17700,weekly,2022-4-13T21:00:00.000,options,put
237,1649855520000,187.1,188.45,181.45,184.3,76350,879100,17700,weekly,2022-4-13T21:00:00.000,options,put
238,1649855580000,184.4,189.6,184.4,185.75,51650,879100,17700,weekly,2022-4-13T21:00:00.000,options,put
239,1649855640000,185.05,192.0,183.0,183.0,27400,879100,17700,weekly,2022-4-13T21:00:00.000,options,put
240,1649855700000,184.25,184.25,173.8,179.25,87350,876450,17700,weekly,2022-4-13T21:00:00.000,options,put
241,1649855760000,179.45,185.8,178.9,180.3,23300,876450,17700,weekly,2022-4-13T21:00:00.000,options,put
242,1649855820000,179.8,184.0,179.65,181.85,33600,876450,17700,weekly,2022-4-13T21:00:00.000,options,put
243,1649855880000,181.45,189.9,181.0,189.9,42100,868750,17700,weekly,2022-4-13T21:00:00.000,options,put
244,1649855940000,189.85,189.85,180.1,180.15,31550,868750,17700,weekly,2022-4-13T21:00:00.000,options,put
245,1649856000000,179.55,184.5,178.1,182.3,39900,868750,17700,weekly,2022-4-13T21:00:00.000,options,put
246,1649856060000,182.1,182.1,175.45,178.0,22250,861950,17700,weekly,2022-4-13T21:00:00.000,options,put
247,1649856120000,177.9,196.05,177.9,192.4,93550,861950,17700,weekly,2022-4-13T21:00:00.000,options,put
248,1649856180000,190.15,193.65,189.65,191.75,44850,861950,17700,weekly,2022-4-13T21:00:00.000,options,put
249,1649856240000,190.0,193.65,189.1,189.8,38100,827500,17700,weekly,2022-4-13T21:00:00.000,options,put
250,1649856300000,189.8,202.35,189.8,202.35,58850,827500,17700,weekly,2022-4-13T21:00:00.000,options,put
251,1649856360000,202.35,210.6,200.2,205.25,143000,827500,17700,weekly,2022-4-13T21:00:00.000,options,put
252,1649856420000,205.65,206.7,200.35,200.35,48700,780500,17700,weekly,2022-4-13T21:00:00.000,options,put
253,1649856480000,200.55,205.45,197.25,204.55,49300,780500,17700,weekly,2022-4-13T21:00:00.000,options,put
254,1649856540000,204.55,210.0,202.65,205.4,54850,780500,17700,weekly,2022-4-13T21:00:00.000,options,put
255,1649856600000,205.4,209.1,204.55,204.75,41300,774100,17700,weekly,2022-4-13T21:00:00.000,options,put
256,1649856660000,204.75,205.0,200.45,203.15,34900,774100,17700,weekly,2022-4-13T21:00:00.000,options,put
257,1649856720000,202.8,202.8,194.15,195.8,46800,774100,17700,weekly,2022-4-13T21:00:00.000,options,put
258,1649856780000,195.1,195.7,186.95,191.65,43150,776100,17700,weekly,2022-4-13T21:00:00.000,options,put
259,1649856840000,192.0,204.45,190.75,203.65,22900,776100,17700,weekly,2022-4-13T21:00:00.000,options,put
260,1649856900000,203.3,203.3,194.35,194.35,21000,776100,17700,weekly,2022-4-13T21:00:00.000,options,put
261,1649856960000,193.8,197.2,192.85,195.25,21600,774600,17700,weekly,2022-4-13T21:00:00.000,options,put
262,1649857020000,194.65,200.6,194.65,194.75,52850,774600,17700,weekly,2022-4-13T21:00:00.000,options,put
263,1649857080000,195.05,195.8,192.4,193.05,37700,774600,17700,weekly,2022-4-13T21:00:00.000,options,put
264,1649857140000,192.5,207.55,191.95,203.75,56800,745800,17700,weekly,2022-4-13T21:00:00.000,options,put
265,1649857200000,202.0,205.65,197.9,197.9,44300,745800,17700,weekly,2022-4-13T21:00:00.000,options,put
266,1649857260000,198.35,215.0,198.05,211.65,72050,745800,17700,weekly,2022-4-13T21:00:00.000,options,put
267,1649857320000,211.45,211.45,203.4,206.85,30150,732650,17700,weekly,2022-4-13T21:00:00.000,options,put
268,1649857380000,206.55,207.35,202.55,205.6,15800,732650,17700,weekly,2022-4-13T21:00:00.000,options,put
269,1649857440000,206.6,209.1,204.3,205.5,16750,732650,17700,weekly,2022-4-13T21:00:00.000,options,put
270,1649857500000,205.05,206.6,200.0,205.0,38000,734450,17700,weekly,2022-4-13T21:00:00.000,options,put
271,1649857560000,205.0,213.45,204.75,207.05,34050,734450,17700,weekly,2022-4-13T21:00:00.000,options,put
272,1649857620000,206.05,209.15,203.8,208.4,16900,734450,17700,weekly,2022-4-13T21:00:00.000,options,put
273,1649857680000,207.0,212.95,206.55,212.5,16000,735050,17700,weekly,2022-4-13T21:00:00.000,options,put
274,1649857740000,213.0,220.9,212.2,219.8,61600,735050,17700,weekly,2022-4-13T21:00:00.000,options,put
275,1649857800000,220.1,223.5,216.25,220.95,48000,735050,17700,weekly,2022-4-13T21:00:00.000,options,put
276,1649857860000,221.1,221.1,212.1,213.6,37950,733000,17700,weekly,2022-4-13T21:00:00.000,options,put
277,1649857920000,214.15,217.2,211.7,211.7,37750,733000,17700,weekly,2022-4-13T21:00:00.000,options,put
278,1649857980000,211.2,213.05,209.5,212.5,40400,733000,17700,weekly,2022-4-13T21:00:00.000,options,put
279,1649858040000,211.55,216.0,198.6,200.5,86650,732850,17700,weekly,2022-4-13T21:00:00.000,options,put
280,1649858100000,199.3,206.2,199.3,205.25,30550,732850,17700,weekly,2022-4-13T21:00:00.000,options,put
281,1649858160000,205.25,212.1,205.25,206.75,19000,732850,17700,weekly,2022-4-13T21:00:00.000,options,put
282,1649858220000,206.5,211.9,206.5,208.0,20850,747700,17700,weekly,2022-4-13T21:00:00.000,options,put
283,1649858280000,208.8,210.55,207.25,208.45,10050,747700,17700,weekly,2022-4-13T21:00:00.000,options,put
284,1649858340000,208.0,214.1,204.55,205.7,34250,747700,17700,weekly,2022-4-13T21:00:00.000,options,put
285,1649858400000,205.95,212.5,205.6,212.2,26550,748500,17700,weekly,2022-4-13T21:00:00.000,options,put
286,1649858460000,213.0,217.4,186.1,187.9,109000,748500,17700,weekly,2022-4-13T21:00:00.000,options,put
287,1649858520000,186.35,202.5,184.95,198.9,80900,748500,17700,weekly,2022-4-13T21:00:00.000,options,put
288,1649858580000,198.0,198.0,190.9,195.4,39050,763800,17700,weekly,2022-4-13T21:00:00.000,options,put
289,1649858640000,194.95,199.95,193.8,199.0,23600,763800,17700,weekly,2022-4-13T21:00:00.000,options,put
290,1649858700000,200.1,203.7,196.2,199.75,20800,763800,17700,weekly,2022-4-13T21:00:00.000,options,put
291,1649858760000,200.45,203.4,199.1,201.1,20800,771350,17700,weekly,2022-4-13T21:00:00.000,options,put
292,1649858820000,201.7,202.6,196.65,197.95,36250,771350,17700,weekly,2022-4-13T21:00:00.000,options,put
293,1649858880000,198.8,199.55,194.9,198.8,25500,771350,17700,weekly,2022-4-13T21:00:00.000,options,put
294,1649858940000,198.2,199.55,189.75,197.45,28800,773350,17700,weekly,2022-4-13T21:00:00.000,options,put
295,1649859000000,198.2,200.3,196.9,198.0,13550,773350,17700,weekly,2022-4-13T21:00:00.000,options,put
296,1649859060000,199.75,200.3,190.35,195.2,29650,773350,17700,weekly,2022-4-13T21:00:00.000,options,put
297,1649859120000,194.4,194.7,186.6,190.7,39700,769400,17700,weekly,2022-4-13T21:00:00.000,options,put
298,1649859180000,190.8,194.0,187.5,192.2,84000,769400,17700,weekly,2022-4-13T21:00:00.000,options,put
299,1649859240000,191.6,191.65,185.85,187.55,22900,769400,17700,weekly,2022-4-13T21:00:00.000,options,put
300,1649859300000,187.6,189.7,183.3,186.6,33050,722750,17700,weekly,2022-4-13T21:00:00.000,options,put
301,1649859360000,186.95,187.35,174.9,181.9,68950,722750,17700,weekly,2022-4-13T21:00:00.000,options,put
302,1649859420000,181.8,184.65,172.25,173.2,41450,722750,17700,weekly,2022-4-13T21:00:00.000,options,put
303,1649859480000,173.15,178.0,170.65,177.5,35250,703800,17700,weekly,2022-4-13T21:00:00.000,options,put
304,1649859540000,177.8,182.95,176.25,179.6,28050,703800,17700,weekly,2022-4-13T21:00:00.000,options,put
305,1649859600000,180.0,194.5,178.65,193.05,44250,703800,17700,weekly,2022-4-13T21:00:00.000,options,put
306,1649859660000,193.05,193.05,181.9,184.2,43750,704850,17700,weekly,2022-4-13T21:00:00.000,options,put
307,1649859720000,184.5,190.0,183.45,189.85,23800,704850,17700,weekly,2022-4-13T21:00:00.000,options,put
308,1649859780000,188.75,189.4,185.0,187.3,20200,704850,17700,weekly,2022-4-13T21:00:00.000,options,put
309,1649859840000,186.85,196.3,186.15,193.75,52900,698800,17700,weekly,2022-4-13T21:00:00.000,options,put
310,1649859900000,191.35,206.0,191.15,202.3,84200,698800,17700,weekly,2022-4-13T21:00:00.000,options,put
311,1649859960000,203.2,209.6,200.45,200.45,78400,698800,17700,weekly,2022-4-13T21:00:00.000,options,put
312,1649860020000,200.7,203.1,194.75,198.1,39500,707450,17700,weekly,2022-4-13T21:00:00.000,options,put
313,1649860080000,198.55,198.55,189.45,191.6,25650,707450,17700,weekly,2022-4-13T21:00:00.000,options,put
314,1649860140000,192.45,194.45,187.0,190.95,32700,707450,17700,weekly,2022-4-13T21:00:00.000,options,put
315,1649860200000,189.9,190.55,182.3,189.05,53950,703150,17700,weekly,2022-4-13T21:00:00.000,options,put
316,1649860260000,188.25,193.3,186.25,189.45,71150,703150,17700,weekly,2022-4-13T21:00:00.000,options,put
317,1649860320000,188.2,191.0,187.0,190.3,42250,703150,17700,weekly,2022-4-13T21:00:00.000,options,put
318,1649860380000,191.5,194.45,187.9,193.1,42800,686850,17700,weekly,2022-4-13T21:00:00.000,options,put
319,1649860440000,193.5,199.0,191.0,194.1,56550,686850,17700,weekly,2022-4-13T21:00:00.000,options,put
320,1649860500000,194.2,198.1,193.0,193.55,26000,686850,17700,weekly,2022-4-13T21:00:00.000,options,put
321,1649860560000,193.55,196.15,184.9,192.45,34050,678200,17700,weekly,2022-4-13T21:00:00.000,options,put
322,1649860620000,193.05,195.95,187.0,195.0,36500,678200,17700,weekly,2022-4-13T21:00:00.000,options,put
323,1649860680000,195.1,197.0,192.1,193.05,26150,678200,17700,weekly,2022-4-13T21:00:00.000,options,put
324,1649860740000,194.05,195.4,191.0,194.15,19750,673000,17700,weekly,2022-4-13T21:00:00.000,options,put
325,1649860800000,193.15,194.5,187.8,187.8,9900,673000,17700,weekly,2022-4-13T21:00:00.000,options,put
326,1649860860000,188.05,190.0,184.15,185.6,23800,673000,17700,weekly,2022-4-13T21:00:00.000,options,put
327,1649860920000,185.6,190.85,176.5,179.15,66050,664350,17700,weekly,2022-4-13T21:00:00.000,options,put
328,1649860980000,178.55,184.9,178.55,183.45,21550,664350,17700,weekly,2022-4-13T21:00:00.000,options,put
329,1649861040000,183.75,185.9,178.0,183.2,67300,664350,17700,weekly,2022-4-13T21:00:00.000,options,put
330,1649861100000,182.3,191.05,181.8,186.55,49300,651300,17700,weekly,2022-4-13T21:00:00.000,options,put
331,1649861160000,187.1,192.15,185.0,189.1,43750,651300,17700,weekly,2022-4-13T21:00:00.000,options,put
332,1649861220000,188.95,191.0,187.2,191.0,22700,651300,17700,weekly,2022-4-13T21:00:00.000,options,put
333,1649861280000,191.0,197.95,188.8,192.65,34550,649700,17700,weekly,2022-4-13T21:00:00.000,options,put
334,1649861340000,192.1,195.3,191.35,192.05,29050,649700,17700,weekly,2022-4-13T21:00:00.000,options,put
335,1649861400000,192.05,196.75,191.4,196.3,21200,649700,17700,weekly,2022-4-13T21:00:00.000,options,put
336,1649861460000,196.25,200.15,195.3,198.5,38100,647450,17700,weekly,2022-4-13T21:00:00.000,options,put
337,1649861520000,198.5,198.5,190.05,196.85,51350,647450,17700,weekly,2022-4-13T21:00:00.000,options,put
338,1649861580000,196.95,197.0,194.55,196.35,27850,647450,17700,weekly,2022-4-13T21:00:00.000,options,put
339,1649861640000,195.4,198.0,191.7,196.2,23550,660850,17700,weekly,2022-4-13T21:00:00.000,options,put
340,1649861700000,194.0,195.45,191.2,192.15,21950,660850,17700,weekly,2022-4-13T21:00:00.000,options,put
341,1649861760000,192.3,192.3,186.75,186.75,21050,660850,17700,weekly,2022-4-13T21:00:00.000,options,put
342,1649861820000,186.8,193.0,184.9,191.95,25200,655250,17700,weekly,2022-4-13T21:00:00.000,options,put
343,1649861880000,191.85,202.15,191.7,202.15,49600,655250,17700,weekly,2022-4-13T21:00:00.000,options,put
344,1649861940000,201.6,211.5,200.0,210.2,73200,655250,17700,weekly,2022-4-13T21:00:00.000,options,put
345,1649862000000,210.4,214.55,198.4,214.25,94350,636350,17700,weekly,2022-4-13T21:00:00.000,options,put
346,1649862060000,212.35,215.95,208.2,208.55,99300,636350,17700,weekly,2022-4-13T21:00:00.000,options,put
347,1649862120000,208.0,213.75,206.4,212.3,39500,636350,17700,weekly,2022-4-13T21:00:00.000,options,put
348,1649862180000,212.2,220.0,212.2,218.1,90650,610050,17700,weekly,2022-4-13T21:00:00.000,options,put
349,1649862240000,218.75,223.8,213.6,214.0,85450,610050,17700,weekly,2022-4-13T21:00:00.000,options,put
350,1649862300000,213.2,219.15,212.0,218.65,47750,610050,17700,weekly,2022-4-13T21:00:00.000,options,put
351,1649862360000,217.9,217.9,213.45,216.45,15200,586600,17700,weekly,2022-4-13T21:00:00.000,options,put
352,1649862420000,215.6,216.1,210.95,212.55,29600,586600,17700,weekly,2022-4-13T21:00:00.000,options,put
353,1649862480000,212.55,219.9,212.45,218.55,38000,586600,17700,weekly,2022-4-13T21:00:00.000,options,put
354,1649862540000,218.9,224.65,217.65,221.8,63600,576450,17700,weekly,2022-4-13T21:00:00.000,options,put
355,1649862600000,220.7,223.8,218.6,222.75,39650,576450,17700,weekly,2022-4-13T21:00:00.000,options,put
356,1649862660000,222.95,224.4,220.35,222.0,27900,576450,17700,weekly,2022-4-13T21:00:00.000,options,put
357,1649862720000,221.25,224.15,220.35,223.3,24100,563800,17700,weekly,2022-4-13T21:00:00.000,options,put
358,1649862780000,223.7,228.35,222.25,225.7,35300,563800,17700,weekly,2022-4-13T21:00:00.000,options,put
359,1649862840000,226.3,227.15,223.85,226.55,42500,563800,17700,weekly,2022-4-13T21:00:00.000,options,put
360,1649862900000,226.2,230.65,225.15,227.35,39950,549950,17700,weekly,2022-4-13T21:00:00.000,options,put
361,1649862960000,226.9,226.9,223.6,224.9,38400,549950,17700,weekly,2022-4-13T21:00:00.000,options,put
362,1649863020000,224.9,225.8,221.5,222.0,21650,549950,17700,weekly,2022-4-13T21:00:00.000,options,put
363,1649863080000,222.0,223.65,220.3,221.0,20400,535300,17700,weekly,2022-4-13T21:00:00.000,options,put
364,1649863140000,220.8,222.8,220.25,222.4,13400,535300,17700,weekly,2022-4-13T21:00:00.000,options,put
365,1649863200000,222.3,224.3,221.55,223.3,13450,535300,17700,weekly,2022-4-13T21:00:00.000,options,put
366,1649863260000,223.4,224.5,223.25,223.8,25600,520000,17700,weekly,2022-4-13T21:00:00.000,options,put
367,1649863320000,223.7,223.95,222.4,223.25,8950,520000,17700,weekly,2022-4-13T21:00:00.000,options,put
368,1649863380000,223.25,224.35,223.25,224.0,5700,520000,17700,weekly,2022-4-13T21:00:00.000,options,put
369,1649863440000,224.0,224.65,223.05,223.4,11700,505550,17700,weekly,2022-4-13T21:00:00.000,options,put
370,1649863500000,223.4,224.9,223.25,224.8,35800,505550,17700,weekly,2022-4-13T21:00:00.000,options,put
371,1649863560000,224.75,225.15,223.85,224.9,13150,505550,17700,weekly,2022-4-13T21:00:00.000,options,put
372,1649863620000,224.65,225.0,223.9,224.0,21900,473100,17700,weekly,2022-4-13T21:00:00.000,options,put
373,1649863680000,224.25,224.45,223.55,223.95,24500,473100,17700,weekly,2022-4-13T21:00:00.000,options,put
374,1649863740000,223.95,224.4,223.5,224.0,12050,473100,17700,weekly,2022-4-13T21:00:00.000,options,put
