,timestamp,open,high,low,close,volume,open_interest,strike,expiry_type,expiry,instrument,contract_type
0,1643015700000,8.05,8.05,6.05,6.45,4200,85900,40400,weekly,2022-1-27T21:00:00.000,options,call
1,1643015760000,6.5,6.6,5.9,6.1,3600,85900,40400,weekly,2022-1-27T21:00:00.000,options,call
2,1643015820000,6.35,6.4,6.1,6.3,14450,90050,40400,weekly,2022-1-27T21:00:00.000,options,call
3,1643015880000,6.1,6.4,6.0,6.1,5750,90050,40400,weekly,2022-1-27T21:00:00.000,options,call
4,1643015940000,6.2,6.3,6.05,6.2,2675,90050,40400,weekly,2022-1-27T21:00:00.000,options,call
5,1643016000000,6.25,6.5,6.0,6.0,4250,87750,40400,weekly,2022-1-27T21:00:00.000,options,call
6,1643016060000,6.0,6.2,5.9,6.2,3800,87750,40400,weekly,2022-1-27T21:00:00.000,options,call
7,1643016120000,6.3,6.3,6.0,6.1,5750,87750,40400,weekly,2022-1-27T21:00:00.000,options,call
8,1643016180000,6.0,6.05,5.7,6.05,6000,84825,40400,weekly,2022-1-27T21:00:00.000,options,call
9,1643016240000,5.95,6.7,5.95,6.55,9275,84825,40400,weekly,2022-1-27T21:00:00.000,options,call
10,1643016300000,6.5,6.8,6.45,6.5,6000,84825,40400,weekly,2022-1-27T21:00:00.000,options,call
11,1643016360000,6.45,6.6,6.15,6.45,5825,86975,40400,weekly,2022-1-27T21:00:00.000,options,call
12,1643016420000,6.3,6.6,6.3,6.6,4025,86975,40400,weekly,2022-1-27T21:00:00.000,options,call
13,1643016480000,6.5,6.5,6.3,6.45,4475,86975,40400,weekly,2022-1-27T21:00:00.000,options,call
14,1643016540000,6.5,6.7,6.45,6.6,4700,85050,40400,weekly,2022-1-27T21:00:00.000,options,call
15,1643016600000,6.55,7.15,6.55,7.05,6875,85050,40400,weekly,2022-1-27T21:00:00.000,options,call
16,1643016660000,7.15,7.25,6.45,6.45,7525,85050,40400,weekly,2022-1-27T21:00:00.000,options,call
17,1643016720000,6.6,6.8,6.5,6.75,4500,86100,40400,weekly,2022-1-27T21:00:00.000,options,call
18,1643016780000,6.75,6.85,6.6,6.75,4700,86100,40400,weekly,2022-1-27T21:00:00.000,options,call
19,1643016840000,6.75,6.9,6.65,6.7,3250,86100,40400,weekly,2022-1-27T21:00:00.000,options,call
20,1643016900000,6.7,6.95,6.7,6.75,3900,84575,40400,weekly,2022-1-27T21:00:00.000,options,call
21,1643016960000,6.85,7.05,6.7,7.05,5525,84575,40400,weekly,2022-1-27T21:00:00.000,options,call
22,1643017020000,7.1,7.45,7.05,7.45,6025,84575,40400,weekly,2022-1-27T21:00:00.000,options,call
23,1643017080000,7.45,7.45,6.75,6.85,8275,84225,40400,weekly,2022-1-27T21:00:00.000,options,call
24,1643017140000,6.85,6.85,6.6,6.7,4275,84225,40400,weekly,2022-1-27T21:00:00.000,options,call
25,1643017200000,6.7,7.1,6.65,6.95,3100,84225,40400,weekly,2022-1-27T21:00:00.000,options,call
26,1643017260000,6.95,7.1,6.65,6.75,4325,86450,40400,weekly,2022-1-27T21:00:00.000,options,call
27,1643017320000,6.85,7.45,6.85,7.25,4300,86450,40400,weekly,2022-1-27T21:00:00.000,options,call
28,1643017380000,7.25,7.4,7.2,7.35,2925,86450,40400,weekly,2022-1-27T21:00:00.000,options,call
29,1643017440000,7.35,7.35,7.1,7.2,1850,86975,40400,weekly,2022-1-27T21:00:00.000,options,call
30,1643017500000,7.2,7.5,7.1,7.2,5200,86975,40400,weekly,2022-1-27T21:00:00.000,options,call
31,1643017560000,7.35,7.35,7.1,7.15,1275,86975,40400,weekly,2022-1-27T21:00:00.000,options,call
32,1643017620000,7.4,7.45,7.1,7.3,1500,88650,40400,weekly,2022-1-27T21:00:00.000,options,call
33,1643017680000,7.3,7.3,6.9,7.2,1275,88650,40400,weekly,2022-1-27T21:00:00.000,options,call
34,1643017740000,7.2,7.2,6.9,7.05,2000,88650,40400,weekly,2022-1-27T21:00:00.000,options,call
35,1643017800000,7.05,7.35,6.85,7.35,1625,87850,40400,weekly,2022-1-27T21:00:00.000,options,call
36,1643017860000,7.2,7.25,7.05,7.25,2575,87850,40400,weekly,2022-1-27T21:00:00.000,options,call
37,1643017920000,7.25,7.35,7.2,7.35,575,87850,40400,weekly,2022-1-27T21:00:00.000,options,call
38,1643017980000,7.15,7.35,7.1,7.25,2225,88350,40400,weekly,2022-1-27T21:00:00.000,options,call
39,1643018040000,7.3,7.4,7.2,7.2,625,88350,40400,weekly,2022-1-27T21:00:00.000,options,call
40,1643018100000,7.2,7.4,7.0,7.05,9700,88350,40400,weekly,2022-1-27T21:00:00.000,options,call
41,1643018160000,7.05,7.05,6.4,6.45,6850,90475,40400,weekly,2022-1-27T21:00:00.000,options,call
42,1643018220000,6.5,6.55,6.35,6.35,1275,90475,40400,weekly,2022-1-27T21:00:00.000,options,call
43,1643018280000,6.45,6.55,6.4,6.4,1275,90475,40400,weekly,2022-1-27T21:00:00.000,options,call
44,1643018340000,6.4,6.55,6.35,6.5,3625,89450,40400,weekly,2022-1-27T21:00:00.000,options,call
45,1643018400000,6.45,6.65,5.55,6.55,36850,89450,40400,weekly,2022-1-27T21:00:00.000,options,call
46,1643018460000,6.6,6.8,6.6,6.8,2475,89450,40400,weekly,2022-1-27T21:00:00.000,options,call
47,1643018520000,6.8,6.85,6.65,6.75,3425,100775,40400,weekly,2022-1-27T21:00:00.000,options,call
48,1643018580000,6.65,6.7,6.65,6.65,375,100775,40400,weekly,2022-1-27T21:00:00.000,options,call
49,1643018640000,6.8,6.8,6.6,6.7,1100,100775,40400,weekly,2022-1-27T21:00:00.000,options,call
50,1643018700000,6.65,6.7,6.4,6.55,1850,100400,40400,weekly,2022-1-27T21:00:00.000,options,call
51,1643018760000,6.6,6.65,6.45,6.6,3525,100400,40400,weekly,2022-1-27T21:00:00.000,options,call
52,1643018820000,6.55,6.7,6.55,6.65,1975,100400,40400,weekly,2022-1-27T21:00:00.000,options,call
53,1643018880000,6.65,6.75,6.6,6.65,975,102350,40400,weekly,2022-1-27T21:00:00.000,options,call
54,1643018940000,6.65,6.65,6.5,6.65,3550,102350,40400,weekly,2022-1-27T21:00:00.000,options,call
55,1643019000000,6.5,6.65,6.45,6.45,1500,102350,40400,weekly,2022-1-27T21:00:00.000,options,call
56,1643019060000,6.45,6.6,6.45,6.6,5075,100675,40400,weekly,2022-1-27T21:00:00.000,options,call
57,1643019120000,6.5,6.5,6.3,6.4,1575,100675,40400,weekly,2022-1-27T21:00:00.000,options,call
58,1643019180000,6.5,6.55,6.45,6.45,1725,100675,40400,weekly,2022-1-27T21:00:00.000,options,call
59,1643019240000,6.4,6.55,6.4,6.55,925,98075,40400,weekly,2022-1-27T21:00:00.000,options,call
60,1643019300000,6.55,6.7,6.5,6.5,4950,98075,40400,weekly,2022-1-27T21:00:00.000,options,call
61,1643019360000,6.55,6.8,6.55,6.8,2150,98075,40400,weekly,2022-1-27T21:00:00.000,options,call
62,1643019420000,6.75,7.0,6.75,6.9,1725,97925,40400,weekly,2022-1-27T21:00:00.000,options,call
63,1643019480000,6.95,7.0,6.85,6.95,6350,97925,40400,weekly,2022-1-27T21:00:00.000,options,call
64,1643019540000,6.95,7.0,6.85,6.85,3225,97925,40400,weekly,2022-1-27T21:00:00.000,options,call
65,1643019600000,6.9,7.25,6.9,6.95,11900,96375,40400,weekly,2022-1-27T21:00:00.000,options,call
66,1643019660000,6.9,7.15,6.9,7.1,4025,96375,40400,weekly,2022-1-27T21:00:00.000,options,call
67,1643019720000,7.0,7.1,6.9,7.0,2900,96375,40400,weekly,2022-1-27T21:00:00.000,options,call
68,1643019780000,7.0,7.0,6.85,6.95,2450,96350,40400,weekly,2022-1-27T21:00:00.000,options,call
69,1643019840000,6.95,6.95,6.8,6.85,3825,96350,40400,weekly,2022-1-27T21:00:00.000,options,call
70,1643019900000,6.8,6.95,6.8,6.9,625,96350,40400,weekly,2022-1-27T21:00:00.000,options,call
71,1643019960000,6.9,6.95,6.8,6.85,800,94775,40400,weekly,2022-1-27T21:00:00.000,options,call
72,1643020020000,6.85,6.9,6.8,6.9,2150,94775,40400,weekly,2022-1-27T21:00:00.000,options,call
73,1643020080000,6.9,7.0,6.9,7.0,1475,94775,40400,weekly,2022-1-27T21:00:00.000,options,call
74,1643020140000,6.85,6.95,6.5,6.55,5925,91675,40400,weekly,2022-1-27T21:00:00.000,options,call
75,1643020200000,6.6,6.7,6.6,6.6,2200,91675,40400,weekly,2022-1-27T21:00:00.000,options,call
76,1643020260000,6.6,6.7,6.5,6.5,3475,91675,40400,weekly,2022-1-27T21:00:00.000,options,call
77,1643020320000,6.55,6.6,6.4,6.5,2150,90975,40400,weekly,2022-1-27T21:00:00.000,options,call
78,1643020380000,6.45,6.5,6.35,6.5,1050,90975,40400,weekly,2022-1-27T21:00:00.000,options,call
79,1643020440000,6.45,6.65,6.45,6.65,3450,90975,40400,weekly,2022-1-27T21:00:00.000,options,call
80,1643020500000,6.75,6.8,6.5,6.6,1650,93150,40400,weekly,2022-1-27T21:00:00.000,options,call
81,1643020560000,6.65,6.7,6.6,6.6,500,93150,40400,weekly,2022-1-27T21:00:00.000,options,call
82,1643020620000,6.55,6.6,6.5,6.55,2300,93150,40400,weekly,2022-1-27T21:00:00.000,options,call
83,1643020680000,6.55,6.7,6.5,6.65,2325,94850,40400,weekly,2022-1-27T21:00:00.000,options,call
84,1643020740000,6.6,6.7,6.55,6.7,1525,94850,40400,weekly,2022-1-27T21:00:00.000,options,call
85,1643020800000,6.7,6.75,6.6,6.65,1900,94850,40400,weekly,2022-1-27T21:00:00.000,options,call
86,1643020860000,6.6,6.7,6.6,6.7,3575,98300,40400,weekly,2022-1-27T21:00:00.000,options,call
87,1643020920000,6.7,6.7,6.6,6.6,575,98300,40400,weekly,2022-1-27T21:00:00.000,options,call
88,1643020980000,6.6,6.7,6.5,6.65,2250,98300,40400,weekly,2022-1-27T21:00:00.000,options,call
89,1643021040000,6.7,6.75,6.6,6.7,675,99700,40400,weekly,2022-1-27T21:00:00.000,options,call
90,1643021100000,6.8,6.85,6.7,6.75,4100,99700,40400,weekly,2022-1-27T21:00:00.000,options,call
91,1643021160000,6.75,6.75,6.65,6.75,625,99700,40400,weekly,2022-1-27T21:00:00.000,options,call
92,1643021220000,6.75,6.9,6.7,6.9,1100,101300,40400,weekly,2022-1-27T21:00:00.000,options,call
93,1643021280000,6.9,6.9,6.75,6.8,2275,101300,40400,weekly,2022-1-27T21:00:00.000,options,call
94,1643021340000,6.8,6.95,6.8,6.95,3075,101300,40400,weekly,2022-1-27T21:00:00.000,options,call
95,1643021400000,6.9,7.1,6.9,7.05,2525,103400,40400,weekly,2022-1-27T21:00:00.000,options,call
96,1643021460000,7.05,7.25,6.9,7.25,4600,103400,40400,weekly,2022-1-27T21:00:00.000,options,call
97,1643021520000,7.15,7.25,7.15,7.25,625,103400,40400,weekly,2022-1-27T21:00:00.000,options,call
98,1643021580000,7.3,7.45,7.1,7.1,2575,106775,40400,weekly,2022-1-27T21:00:00.000,options,call
99,1643021640000,7.25,7.3,7.1,7.15,3325,106775,40400,weekly,2022-1-27T21:00:00.000,options,call
100,1643021700000,7.1,7.1,6.9,6.9,2200,106775,40400,weekly,2022-1-27T21:00:00.000,options,call
101,1643021760000,6.95,7.0,6.75,6.85,12175,112850,40400,weekly,2022-1-27T21:00:00.000,options,call
102,1643021820000,6.85,6.9,6.7,6.75,10125,112850,40400,weekly,2022-1-27T21:00:00.000,options,call
103,1643021880000,6.7,6.75,6.6,6.7,3775,112850,40400,weekly,2022-1-27T21:00:00.000,options,call
104,1643021940000,6.7,6.7,6.55,6.7,3925,122350,40400,weekly,2022-1-27T21:00:00.000,options,call
105,1643022000000,6.6,6.85,6.6,6.85,1800,122350,40400,weekly,2022-1-27T21:00:00.000,options,call
106,1643022060000,6.85,7.0,6.75,6.9,1400,122350,40400,weekly,2022-1-27T21:00:00.000,options,call
107,1643022120000,6.9,7.0,6.85,7.0,1100,123025,40400,weekly,2022-1-27T21:00:00.000,options,call
108,1643022180000,6.9,7.0,6.85,6.85,2450,123025,40400,weekly,2022-1-27T21:00:00.000,options,call
109,1643022240000,6.9,6.9,6.7,6.7,750,123025,40400,weekly,2022-1-27T21:00:00.000,options,call
110,1643022300000,6.75,6.8,6.6,6.7,2125,123025,40400,weekly,2022-1-27T21:00:00.000,options,call
111,1643022360000,6.7,6.9,6.65,6.9,550,123225,40400,weekly,2022-1-27T21:00:00.000,options,call
112,1643022420000,6.85,6.9,6.85,6.85,375,123225,40400,weekly,2022-1-27T21:00:00.000,options,call
113,1643022480000,6.95,7.0,6.9,6.95,675,123600,40400,weekly,2022-1-27T21:00:00.000,options,call
114,1643022540000,7.1,7.1,6.9,7.1,4300,123600,40400,weekly,2022-1-27T21:00:00.000,options,call
115,1643022600000,7.05,7.35,7.05,7.2,2475,123600,40400,weekly,2022-1-27T21:00:00.000,options,call
116,1643022660000,7.2,7.35,7.2,7.3,1775,123350,40400,weekly,2022-1-27T21:00:00.000,options,call
117,1643022720000,7.3,7.35,7.25,7.35,575,123350,40400,weekly,2022-1-27T21:00:00.000,options,call
118,1643022780000,7.25,7.3,7.25,7.3,900,123350,40400,weekly,2022-1-27T21:00:00.000,options,call
119,1643022840000,7.2,7.35,7.2,7.25,1150,122650,40400,weekly,2022-1-27T21:00:00.000,options,call
120,1643022900000,7.25,7.3,7.15,7.15,1000,122650,40400,weekly,2022-1-27T21:00:00.000,options,call
121,1643022960000,7.15,7.2,7.05,7.1,550,122650,40400,weekly,2022-1-27T21:00:00.000,options,call
122,1643023020000,7.15,7.15,7.1,7.1,400,122725,40400,weekly,2022-1-27T21:00:00.000,options,call
123,1643023080000,7.1,7.15,7.0,7.15,675,122725,40400,weekly,2022-1-27T21:00:00.000,options,call
124,1643023140000,7.2,7.6,7.05,7.6,3625,122725,40400,weekly,2022-1-27T21:00:00.000,options,call
125,1643023200000,7.6,7.6,7.4,7.4,2550,121925,40400,weekly,2022-1-27T21:00:00.000,options,call
126,1643023260000,7.3,7.3,7.0,7.05,7525,121925,40400,weekly,2022-1-27T21:00:00.000,options,call
127,1643023320000,7.05,7.1,7.0,7.05,1150,121925,40400,weekly,2022-1-27T21:00:00.000,options,call
128,1643023380000,7.0,7.05,7.0,7.05,625,116775,40400,weekly,2022-1-27T21:00:00.000,options,call
129,1643023440000,7.1,7.15,7.05,7.15,875,116775,40400,weekly,2022-1-27T21:00:00.000,options,call
130,1643023500000,7.15,7.65,7.15,7.6,9200,116775,40400,weekly,2022-1-27T21:00:00.000,options,call
131,1643023560000,7.5,7.5,7.25,7.25,1625,117500,40400,weekly,2022-1-27T21:00:00.000,options,call
132,1643023620000,7.25,7.25,7.15,7.15,75,117500,40400,weekly,2022-1-27T21:00:00.000,options,call
133,1643023680000,7.25,7.25,7.05,7.05,925,117500,40400,weekly,2022-1-27T21:00:00.000,options,call
134,1643023740000,7.05,7.05,6.85,6.95,1400,116525,40400,weekly,2022-1-27T21:00:00.000,options,call
135,1643023800000,6.9,6.95,6.65,6.75,1600,116525,40400,weekly,2022-1-27T21:00:00.000,options,call
136,1643023860000,6.75,6.75,6.55,6.65,2000,116525,40400,weekly,2022-1-27T21:00:00.000,options,call
137,1643023920000,6.6,6.65,6.55,6.6,1975,116525,40400,weekly,2022-1-27T21:00:00.000,options,call
138,1643023980000,6.55,6.7,6.5,6.7,3525,116250,40400,weekly,2022-1-27T21:00:00.000,options,call
139,1643024040000,6.7,6.7,6.45,6.45,3200,116250,40400,weekly,2022-1-27T21:00:00.000,options,call
140,1643024100000,6.45,6.6,6.35,6.6,1250,116250,40400,weekly,2022-1-27T21:00:00.000,options,call
141,1643024160000,6.55,6.65,6.4,6.4,4850,115075,40400,weekly,2022-1-27T21:00:00.000,options,call
142,1643024220000,6.4,6.6,6.4,6.55,1425,115075,40400,weekly,2022-1-27T21:00:00.000,options,call
143,1643024280000,6.55,6.65,6.5,6.55,950,115075,40400,weekly,2022-1-27T21:00:00.000,options,call
144,1643024340000,6.5,6.6,6.5,6.5,625,110800,40400,weekly,2022-1-27T21:00:00.000,options,call
145,1643024400000,6.45,6.5,6.4,6.4,2575,110800,40400,weekly,2022-1-27T21:00:00.000,options,call
146,1643024460000,6.4,6.5,6.35,6.35,2775,110800,40400,weekly,2022-1-27T21:00:00.000,options,call
147,1643024520000,6.4,6.5,6.3,6.3,3200,107275,40400,weekly,2022-1-27T21:00:00.000,options,call
148,1643024580000,6.35,6.35,6.3,6.3,3100,107275,40400,weekly,2022-1-27T21:00:00.000,options,call
149,1643024640000,6.35,6.35,6.15,6.15,1250,107275,40400,weekly,2022-1-27T21:00:00.000,options,call
150,1643024700000,6.15,6.4,6.15,6.4,1225,103900,40400,weekly,2022-1-27T21:00:00.000,options,call
151,1643024760000,6.4,6.45,6.35,6.35,2250,103900,40400,weekly,2022-1-27T21:00:00.000,options,call
152,1643024820000,6.5,6.6,6.4,6.55,1475,103900,40400,weekly,2022-1-27T21:00:00.000,options,call
153,1643024880000,6.45,6.7,6.4,6.5,4450,103850,40400,weekly,2022-1-27T21:00:00.000,options,call
154,1643024940000,6.5,6.7,6.5,6.7,3825,103850,40400,weekly,2022-1-27T21:00:00.000,options,call
155,1643025000000,6.7,6.8,6.6,6.8,2650,103850,40400,weekly,2022-1-27T21:00:00.000,options,call
156,1643025060000,6.7,6.9,6.7,6.75,4375,102300,40400,weekly,2022-1-27T21:00:00.000,options,call
157,1643025120000,6.9,7.15,6.8,7.0,8500,102300,40400,weekly,2022-1-27T21:00:00.000,options,call
158,1643025180000,6.95,7.05,6.75,6.85,4500,102300,40400,weekly,2022-1-27T21:00:00.000,options,call
159,1643025240000,6.9,7.0,6.9,7.0,975,101725,40400,weekly,2022-1-27T21:00:00.000,options,call
160,1643025300000,7.05,7.2,7.0,7.2,325,101725,40400,weekly,2022-1-27T21:00:00.000,options,call
161,1643025360000,7.2,7.35,7.15,7.2,1225,101725,40400,weekly,2022-1-27T21:00:00.000,options,call
162,1643025420000,7.2,7.4,7.2,7.35,750,102300,40400,weekly,2022-1-27T21:00:00.000,options,call
163,1643025480000,7.4,7.4,7.2,7.25,3775,102300,40400,weekly,2022-1-27T21:00:00.000,options,call
164,1643025540000,7.25,7.3,7.15,7.25,2675,102300,40400,weekly,2022-1-27T21:00:00.000,options,call
165,1643025600000,7.35,7.5,7.35,7.45,3275,100600,40400,weekly,2022-1-27T21:00:00.000,options,call
166,1643025660000,7.4,7.5,7.3,7.5,800,100600,40400,weekly,2022-1-27T21:00:00.000,options,call
167,1643025720000,7.45,7.7,7.4,7.4,1800,100600,40400,weekly,2022-1-27T21:00:00.000,options,call
168,1643025780000,7.4,7.6,7.4,7.55,950,100550,40400,weekly,2022-1-27T21:00:00.000,options,call
169,1643025840000,7.55,7.65,7.45,7.6,1700,100550,40400,weekly,2022-1-27T21:00:00.000,options,call
170,1643025900000,7.6,7.9,7.45,7.75,2825,100550,40400,weekly,2022-1-27T21:00:00.000,options,call
171,1643025960000,7.8,7.8,7.55,7.6,2050,100125,40400,weekly,2022-1-27T21:00:00.000,options,call
172,1643026020000,7.5,7.85,7.45,7.75,5075,100125,40400,weekly,2022-1-27T21:00:00.000,options,call
173,1643026080000,7.8,7.8,7.55,7.6,1425,100125,40400,weekly,2022-1-27T21:00:00.000,options,call
174,1643026140000,7.6,7.7,7.55,7.55,1625,98075,40400,weekly,2022-1-27T21:00:00.000,options,call
175,1643026200000,7.55,7.75,7.55,7.65,750,98075,40400,weekly,2022-1-27T21:00:00.000,options,call
176,1643026260000,7.7,7.8,7.65,7.7,2500,98075,40400,weekly,2022-1-27T21:00:00.000,options,call
177,1643026320000,7.75,7.95,7.75,7.85,2000,97675,40400,weekly,2022-1-27T21:00:00.000,options,call
178,1643026380000,7.85,7.9,7.7,7.7,550,97675,40400,weekly,2022-1-27T21:00:00.000,options,call
179,1643026440000,7.7,7.9,7.6,7.7,2600,97675,40400,weekly,2022-1-27T21:00:00.000,options,call
180,1643026500000,7.5,7.6,7.4,7.55,1975,98175,40400,weekly,2022-1-27T21:00:00.000,options,call
181,1643026560000,7.5,7.55,7.4,7.55,1175,98175,40400,weekly,2022-1-27T21:00:00.000,options,call
182,1643026620000,7.55,7.9,7.45,7.85,2075,98175,40400,weekly,2022-1-27T21:00:00.000,options,call
183,1643026680000,7.9,7.9,7.75,7.75,800,99400,40400,weekly,2022-1-27T21:00:00.000,options,call
184,1643026740000,7.85,8.15,7.75,8.05,2600,99400,40400,weekly,2022-1-27T21:00:00.000,options,call
185,1643026800000,8.05,8.3,8.05,8.25,1550,99400,40400,weekly,2022-1-27T21:00:00.000,options,call
186,1643026860000,8.3,8.3,8.1,8.15,1125,98550,40400,weekly,2022-1-27T21:00:00.000,options,call
187,1643026920000,8.2,8.6,8.2,8.55,6200,98550,40400,weekly,2022-1-27T21:00:00.000,options,call
188,1643026980000,8.55,8.9,8.45,8.7,3175,98550,40400,weekly,2022-1-27T21:00:00.000,options,call
189,1643027040000,8.85,9.25,8.75,9.2,4525,95725,40400,weekly,2022-1-27T21:00:00.000,options,call
190,1643027100000,9.2,9.25,8.65,8.65,2475,95725,40400,weekly,2022-1-27T21:00:00.000,options,call
191,1643027160000,8.65,8.75,8.4,8.55,2825,95725,40400,weekly,2022-1-27T21:00:00.000,options,call
192,1643027220000,8.55,8.55,8.15,8.2,2675,94325,40400,weekly,2022-1-27T21:00:00.000,options,call
193,1643027280000,8.25,8.3,8.15,8.25,775,94325,40400,weekly,2022-1-27T21:00:00.000,options,call
194,1643027340000,8.25,8.4,8.15,8.2,4875,94325,40400,weekly,2022-1-27T21:00:00.000,options,call
195,1643027400000,8.3,8.65,8.2,8.4,5175,93750,40400,weekly,2022-1-27T21:00:00.000,options,call
196,1643027460000,8.3,8.6,8.25,8.3,4400,93750,40400,weekly,2022-1-27T21:00:00.000,options,call
197,1643027520000,8.3,8.5,8.2,8.5,2750,93750,40400,weekly,2022-1-27T21:00:00.000,options,call
198,1643027580000,8.4,8.55,8.3,8.4,1450,92500,40400,weekly,2022-1-27T21:00:00.000,options,call
199,1643027640000,8.3,8.45,8.25,8.45,1100,92500,40400,weekly,2022-1-27T21:00:00.000,options,call
200,1643027700000,8.5,8.5,8.25,8.3,875,92500,40400,weekly,2022-1-27T21:00:00.000,options,call
201,1643027760000,8.4,8.4,8.0,8.15,4425,93225,40400,weekly,2022-1-27T21:00:00.000,options,call
202,1643027820000,8.35,8.4,8.2,8.25,2300,93225,40400,weekly,2022-1-27T21:00:00.000,options,call
203,1643027880000,8.3,8.4,8.15,8.35,7475,93225,40400,weekly,2022-1-27T21:00:00.000,options,call
204,1643027940000,8.35,8.35,8.1,8.2,2125,89800,40400,weekly,2022-1-27T21:00:00.000,options,call
205,1643028000000,8.2,8.2,8.0,8.05,700,89800,40400,weekly,2022-1-27T21:00:00.000,options,call
206,1643028060000,8.05,8.1,7.95,8.1,500,89800,40400,weekly,2022-1-27T21:00:00.000,options,call
207,1643028120000,8.25,8.25,8.15,8.15,2900,90150,40400,weekly,2022-1-27T21:00:00.000,options,call
208,1643028180000,8.2,8.3,7.95,7.95,1925,90150,40400,weekly,2022-1-27T21:00:00.000,options,call
209,1643028240000,7.95,8.3,7.95,8.05,3600,90150,40400,weekly,2022-1-27T21:00:00.000,options,call
210,1643028300000,8.05,8.5,8.05,8.4,2475,89375,40400,weekly,2022-1-27T21:00:00.000,options,call
211,1643028360000,8.35,8.5,8.25,8.3,1700,89375,40400,weekly,2022-1-27T21:00:00.000,options,call
212,1643028420000,8.3,8.35,8.2,8.25,1100,89375,40400,weekly,2022-1-27T21:00:00.000,options,call
213,1643028480000,8.3,8.3,7.95,8.0,6275,87725,40400,weekly,2022-1-27T21:00:00.000,options,call
214,1643028540000,8.05,8.2,8.05,8.2,1000,87725,40400,weekly,2022-1-27T21:00:00.000,options,call
215,1643028600000,8.3,8.65,8.15,8.4,4175,87725,40400,weekly,2022-1-27T21:00:00.000,options,call
216,1643028660000,8.5,8.55,8.45,8.5,625,90375,40400,weekly,2022-1-27T21:00:00.000,options,call
217,1643028720000,8.6,8.65,8.4,8.4,1675,90375,40400,weekly,2022-1-27T21:00:00.000,options,call
218,1643028780000,8.55,8.65,8.45,8.45,1000,90375,40400,weekly,2022-1-27T21:00:00.000,options,call
219,1643028840000,8.6,8.65,8.45,8.45,225,90125,40400,weekly,2022-1-27T21:00:00.000,options,call
220,1643028900000,8.45,8.5,8.45,8.5,600,90125,40400,weekly,2022-1-27T21:00:00.000,options,call
221,1643028960000,8.5,8.6,8.5,8.55,1350,90125,40400,weekly,2022-1-27T21:00:00.000,options,call
222,1643029020000,8.55,8.8,8.55,8.7,2425,89875,40400,weekly,2022-1-27T21:00:00.000,options,call
223,1643029080000,8.85,8.95,8.7,8.8,2050,89875,40400,weekly,2022-1-27T21:00:00.000,options,call
224,1643029140000,8.9,9.1,8.85,9.0,1650,89875,40400,weekly,2022-1-27T21:00:00.000,options,call
225,1643029200000,9.05,9.25,8.8,8.85,4625,87975,40400,weekly,2022-1-27T21:00:00.000,options,call
226,1643029260000,8.7,8.7,8.4,8.4,950,87975,40400,weekly,2022-1-27T21:00:00.000,options,call
227,1643029320000,8.4,8.4,8.2,8.3,2725,87975,40400,weekly,2022-1-27T21:00:00.000,options,call
228,1643029380000,8.2,8.2,7.95,8.05,2900,86025,40400,weekly,2022-1-27T21:00:00.000,options,call
229,1643029440000,7.9,8.3,7.9,8.3,1825,86025,40400,weekly,2022-1-27T21:00:00.000,options,call
230,1643029500000,8.1,8.3,8.05,8.3,1575,86025,40400,weekly,2022-1-27T21:00:00.000,options,call
231,1643029560000,8.25,8.45,8.25,8.4,1600,85450,40400,weekly,2022-1-27T21:00:00.000,options,call
232,1643029620000,8.4,8.5,8.25,8.4,500,85450,40400,weekly,2022-1-27T21:00:00.000,options,call
233,1643029680000,8.45,8.95,8.4,8.8,2200,85450,40400,weekly,2022-1-27T21:00:00.000,options,call
234,1643029740000,8.85,8.95,8.7,8.85,2625,85575,40400,weekly,2022-1-27T21:00:00.000,options,call
235,1643029800000,8.85,9.0,8.75,8.95,1150,85575,40400,weekly,2022-1-27T21:00:00.000,options,call
236,1643029860000,8.8,8.9,8.8,8.8,625,85575,40400,weekly,2022-1-27T21:00:00.000,options,call
237,1643029920000,8.8,8.9,8.7,8.8,3500,86525,40400,weekly,2022-1-27T21:00:00.000,options,call
238,1643029980000,8.75,8.9,8.65,8.9,2200,86525,40400,weekly,2022-1-27T21:00:00.000,options,call
239,1643030040000,9.0,9.1,8.75,8.75,975,86525,40400,weekly,2022-1-27T21:00:00.000,options,call
240,1643030100000,8.7,8.95,8.7,8.95,1425,84875,40400,weekly,2022-1-27T21:00:00.000,options,call
241,1643030160000,8.8,9.15,8.8,9.15,2350,84875,40400,weekly,2022-1-27T21:00:00.000,options,call
242,1643030220000,9.1,9.1,8.9,9.05,1550,84875,40400,weekly,2022-1-27T21:00:00.000,options,call
243,1643030280000,9.05,9.1,9.0,9.1,575,83900,40400,weekly,2022-1-27T21:00:00.000,options,call
244,1643030340000,9.05,9.1,9.05,9.05,175,83900,40400,weekly,2022-1-27T21:00:00.000,options,call
245,1643030400000,9.0,9.0,8.85,8.9,925,83900,40400,weekly,2022-1-27T21:00:00.000,options,call
246,1643030460000,8.9,9.0,8.85,8.95,725,83600,40400,weekly,2022-1-27T21:00:00.000,options,call
247,1643030520000,9.0,9.3,8.9,9.2,3475,83600,40400,weekly,2022-1-27T21:00:00.000,options,call
248,1643030580000,9.15,9.25,9.1,9.1,1300,83600,40400,weekly,2022-1-27T21:00:00.000,options,call
249,1643030640000,9.15,9.15,8.7,8.7,4475,84575,40400,weekly,2022-1-27T21:00:00.000,options,call
250,1643030700000,8.75,8.8,8.4,8.4,5975,84575,40400,weekly,2022-1-27T21:00:00.000,options,call
251,1643030760000,8.4,8.55,8.4,8.5,1125,84575,40400,weekly,2022-1-27T21:00:00.000,options,call
252,1643030820000,8.5,8.6,8.45,8.55,600,85825,40400,weekly,2022-1-27T21:00:00.000,options,call
253,1643030880000,8.6,8.9,8.6,8.8,3400,85825,40400,weekly,2022-1-27T21:00:00.000,options,call
254,1643030940000,8.85,8.95,8.8,8.95,1150,85825,40400,weekly,2022-1-27T21:00:00.000,options,call
255,1643031000000,8.95,9.25,8.95,9.15,1075,86525,40400,weekly,2022-1-27T21:00:00.000,options,call
256,1643031060000,9.05,9.1,8.95,9.05,475,86525,40400,weekly,2022-1-27T21:00:00.000,options,call
257,1643031120000,8.95,9.05,8.9,8.9,100,86525,40400,weekly,2022-1-27T21:00:00.000,options,call
258,1643031180000,8.95,9.1,8.9,9.0,1375,86875,40400,weekly,2022-1-27T21:00:00.000,options,call
259,1643031240000,8.95,9.0,8.9,8.9,3075,86875,40400,weekly,2022-1-27T21:00:00.000,options,call
260,1643031300000,8.95,9.0,8.85,8.85,3875,86875,40400,weekly,2022-1-27T21:00:00.000,options,call
261,1643031360000,8.85,8.95,8.8,8.85,2300,85475,40400,weekly,2022-1-27T21:00:00.000,options,call
262,1643031420000,8.85,8.85,8.8,8.85,2075,85475,40400,weekly,2022-1-27T21:00:00.000,options,call
263,1643031480000,8.85,8.9,8.85,8.9,175,85475,40400,weekly,2022-1-27T21:00:00.000,options,call
264,1643031540000,8.9,8.9,8.8,8.8,300,85500,40400,weekly,2022-1-27T21:00:00.000,options,call
265,1643031600000,8.8,8.9,8.8,8.85,1500,85500,40400,weekly,2022-1-27T21:00:00.000,options,call
266,1643031660000,8.85,8.85,8.8,8.85,1575,85500,40400,weekly,2022-1-27T21:00:00.000,options,call
267,1643031720000,8.8,8.9,8.8,8.8,1025,86400,40400,weekly,2022-1-27T21:00:00.000,options,call
268,1643031780000,8.8,8.8,8.75,8.75,3050,86400,40400,weekly,2022-1-27T21:00:00.000,options,call
269,1643031840000,8.75,8.75,8.75,8.75,1875,86400,40400,weekly,2022-1-27T21:00:00.000,options,call
270,1643031900000,8.75,8.8,8.7,8.7,850,83600,40400,weekly,2022-1-27T21:00:00.000,options,call
271,1643031960000,8.7,8.9,8.5,8.5,6350,83600,40400,weekly,2022-1-27T21:00:00.000,options,call
272,1643032020000,8.5,8.5,8.0,8.0,13350,83600,40400,weekly,2022-1-27T21:00:00.000,options,call
273,1643032080000,8.0,8.0,7.75,7.75,2650,73575,40400,weekly,2022-1-27T21:00:00.000,options,call
274,1643032140000,7.8,8.15,7.75,8.15,850,73575,40400,weekly,2022-1-27T21:00:00.000,options,call
275,1643032200000,8.15,8.35,8.1,8.2,2225,73575,40400,weekly,2022-1-27T21:00:00.000,options,call
276,1643032260000,8.2,8.2,8.0,8.0,1375,72450,40400,weekly,2022-1-27T21:00:00.000,options,call
277,1643032320000,7.95,7.95,7.8,7.95,1050,72450,40400,weekly,2022-1-27T21:00:00.000,options,call
278,1643032380000,7.9,8.05,7.9,8.05,950,72450,40400,weekly,2022-1-27T21:00:00.000,options,call
279,1643032440000,7.95,8.05,7.95,8.0,450,72050,40400,weekly,2022-1-27T21:00:00.000,options,call
280,1643032500000,8.0,8.2,8.0,8.1,925,72050,40400,weekly,2022-1-27T21:00:00.000,options,call
281,1643032560000,8.0,8.1,7.95,8.05,1675,72050,40400,weekly,2022-1-27T21:00:00.000,options,call
282,1643032620000,8.05,8.2,8.0,8.0,1725,70975,40400,weekly,2022-1-27T21:00:00.000,options,call
283,1643032680000,8.0,8.0,7.5,7.5,2750,70975,40400,weekly,2022-1-27T21:00:00.000,options,call
284,1643032740000,7.55,7.7,7.45,7.5,2575,70975,40400,weekly,2022-1-27T21:00:00.000,options,call
285,1643032800000,7.55,7.65,7.4,7.55,4500,71825,40400,weekly,2022-1-27T21:00:00.000,options,call
286,1643032860000,7.55,7.55,7.3,7.45,5600,71825,40400,weekly,2022-1-27T21:00:00.000,options,call
287,1643032920000,7.35,7.55,7.35,7.45,4600,71825,40400,weekly,2022-1-27T21:00:00.000,options,call
288,1643032980000,7.5,7.85,7.45,7.85,1275,74200,40400,weekly,2022-1-27T21:00:00.000,options,call
289,1643033040000,7.75,7.95,7.7,7.95,1875,74200,40400,weekly,2022-1-27T21:00:00.000,options,call
290,1643033100000,7.85,8.05,7.85,7.85,950,74200,40400,weekly,2022-1-27T21:00:00.000,options,call
291,1643033160000,7.9,8.3,7.85,8.2,2250,74075,40400,weekly,2022-1-27T21:00:00.000,options,call
292,1643033220000,8.2,8.8,8.2,8.8,7575,74075,40400,weekly,2022-1-27T21:00:00.000,options,call
293,1643033280000,8.85,9.1,8.8,9.1,15100,74075,40400,weekly,2022-1-27T21:00:00.000,options,call
294,1643033340000,9.15,9.35,9.15,9.2,950,74200,40400,weekly,2022-1-27T21:00:00.000,options,call
295,1643033400000,9.25,9.3,8.85,8.85,6625,74200,40400,weekly,2022-1-27T21:00:00.000,options,call
296,1643033460000,8.9,9.2,8.8,9.05,3600,74200,40400,weekly,2022-1-27T21:00:00.000,options,call
297,1643033520000,9.05,9.1,8.65,8.65,1875,74350,40400,weekly,2022-1-27T21:00:00.000,options,call
298,1643033580000,8.65,8.8,8.45,8.6,7900,74350,40400,weekly,2022-1-27T21:00:00.000,options,call
299,1643033640000,8.65,8.7,8.45,8.7,2875,74350,40400,weekly,2022-1-27T21:00:00.000,options,call
300,1643033700000,8.7,8.7,8.25,8.45,2300,69325,40400,weekly,2022-1-27T21:00:00.000,options,call
301,1643033760000,8.4,8.5,8.15,8.15,2875,69325,40400,weekly,2022-1-27T21:00:00.000,options,call
302,1643033820000,7.95,9.0,7.95,9.0,2575,69325,40400,weekly,2022-1-27T21:00:00.000,options,call
303,1643033880000,9.05,9.1,8.45,8.45,2975,68225,40400,weekly,2022-1-27T21:00:00.000,options,call
304,1643033940000,8.45,8.9,8.35,8.75,6750,68225,40400,weekly,2022-1-27T21:00:00.000,options,call
305,1643034000000,8.75,8.95,8.65,8.85,1050,68225,40400,weekly,2022-1-27T21:00:00.000,options,call
306,1643034060000,8.85,8.9,8.5,8.5,1175,68725,40400,weekly,2022-1-27T21:00:00.000,options,call
307,1643034120000,8.5,8.5,7.95,8.1,3675,68725,40400,weekly,2022-1-27T21:00:00.000,options,call
308,1643034180000,8.1,8.3,8.0,8.25,4225,68725,40400,weekly,2022-1-27T21:00:00.000,options,call
309,1643034240000,8.25,8.25,7.95,8.1,675,69200,40400,weekly,2022-1-27T21:00:00.000,options,call
310,1643034300000,8.0,8.0,7.45,7.5,2400,69200,40400,weekly,2022-1-27T21:00:00.000,options,call
311,1643034360000,7.5,7.8,7.5,7.8,450,69200,40400,weekly,2022-1-27T21:00:00.000,options,call
312,1643034420000,7.75,7.95,7.7,7.75,3175,69500,40400,weekly,2022-1-27T21:00:00.000,options,call
313,1643034480000,7.75,8.5,7.75,8.45,1850,69500,40400,weekly,2022-1-27T21:00:00.000,options,call
314,1643034540000,8.45,8.6,8.4,8.5,700,69500,40400,weekly,2022-1-27T21:00:00.000,options,call
315,1643034600000,8.5,8.55,8.2,8.25,2125,72200,40400,weekly,2022-1-27T21:00:00.000,options,call
316,1643034660000,8.25,8.5,8.25,8.45,375,72200,40400,weekly,2022-1-27T21:00:00.000,options,call
317,1643034720000,8.35,8.4,8.2,8.4,550,72200,40400,weekly,2022-1-27T21:00:00.000,options,call
318,1643034780000,8.35,8.4,8.15,8.4,3325,71825,40400,weekly,2022-1-27T21:00:00.000,options,call
319,1643034840000,8.3,8.5,8.3,8.45,1650,71825,40400,weekly,2022-1-27T21:00:00.000,options,call
320,1643034900000,8.45,8.5,8.35,8.45,1350,71825,40400,weekly,2022-1-27T21:00:00.000,options,call
321,1643034960000,8.45,8.65,8.35,8.65,2025,69900,40400,weekly,2022-1-27T21:00:00.000,options,call
322,1643035020000,8.5,8.7,8.5,8.6,575,69900,40400,weekly,2022-1-27T21:00:00.000,options,call
323,1643035080000,8.6,8.9,8.6,8.7,975,69900,40400,weekly,2022-1-27T21:00:00.000,options,call
324,1643035140000,8.8,8.8,8.7,8.8,100,70075,40400,weekly,2022-1-27T21:00:00.000,options,call
325,1643035200000,8.8,8.9,8.75,8.75,925,70075,40400,weekly,2022-1-27T21:00:00.000,options,call
326,1643035260000,8.75,9.0,8.75,8.85,1175,70075,40400,weekly,2022-1-27T21:00:00.000,options,call
327,1643035320000,8.85,8.85,8.75,8.75,350,66825,40400,weekly,2022-1-27T21:00:00.000,options,call
328,1643035380000,8.75,8.9,8.7,8.8,2325,66825,40400,weekly,2022-1-27T21:00:00.000,options,call
329,1643035440000,8.8,8.8,8.75,8.75,550,66825,40400,weekly,2022-1-27T21:00:00.000,options,call
330,1643035500000,8.65,8.7,8.4,8.4,1050,65525,40400,weekly,2022-1-27T21:00:00.000,options,call
331,1643035560000,8.4,8.6,8.4,8.6,300,65525,40400,weekly,2022-1-27T21:00:00.000,options,call
332,1643035620000,8.5,8.5,8.5,8.5,300,65525,40400,weekly,2022-1-27T21:00:00.000,options,call
333,1643035680000,8.65,8.7,8.5,8.6,1125,64950,40400,weekly,2022-1-27T21:00:00.000,options,call
334,1643035740000,8.6,8.6,8.5,8.5,600,64950,40400,weekly,2022-1-27T21:00:00.000,options,call
335,1643035800000,8.55,8.55,8.45,8.5,825,64950,40400,weekly,2022-1-27T21:00:00.000,options,call
336,1643035860000,8.55,8.65,8.45,8.5,1650,64950,40400,weekly,2022-1-27T21:00:00.000,options,call
337,1643035920000,8.5,8.5,8.25,8.25,550,65400,40400,weekly,2022-1-27T21:00:00.000,options,call
338,1643035980000,8.25,8.5,8.25,8.5,450,65400,40400,weekly,2022-1-27T21:00:00.000,options,call
339,1643036040000,8.35,8.45,8.3,8.3,575,64950,40400,weekly,2022-1-27T21:00:00.000,options,call
340,1643036100000,8.45,8.5,8.35,8.4,1550,64950,40400,weekly,2022-1-27T21:00:00.000,options,call
341,1643036160000,8.4,8.6,8.35,8.35,1900,64950,40400,weekly,2022-1-27T21:00:00.000,options,call
342,1643036220000,8.3,8.45,8.15,8.25,1100,64950,40400,weekly,2022-1-27T21:00:00.000,options,call
343,1643036280000,8.15,8.15,7.9,7.95,1450,64950,40400,weekly,2022-1-27T21:00:00.000,options,call
344,1643036340000,8.0,8.05,7.95,8.05,450,64950,40400,weekly,2022-1-27T21:00:00.000,options,call
345,1643036400000,8.05,8.45,8.05,8.25,2625,64350,40400,weekly,2022-1-27T21:00:00.000,options,call
346,1643036460000,8.25,8.45,8.2,8.25,1400,64350,40400,weekly,2022-1-27T21:00:00.000,options,call
347,1643036520000,8.4,8.75,8.35,8.65,3050,64350,40400,weekly,2022-1-27T21:00:00.000,options,call
348,1643036580000,8.7,8.85,8.5,8.85,2700,63525,40400,weekly,2022-1-27T21:00:00.000,options,call
349,1643036640000,8.9,9.1,8.9,9.05,1075,63525,40400,weekly,2022-1-27T21:00:00.000,options,call
350,1643036700000,9.05,9.25,9.05,9.25,1450,63525,40400,weekly,2022-1-27T21:00:00.000,options,call
351,1643036760000,9.2,9.2,8.8,8.8,1725,63525,40400,weekly,2022-1-27T21:00:00.000,options,call
352,1643036820000,8.75,8.75,8.3,8.3,825,61825,40400,weekly,2022-1-27T21:00:00.000,options,call
353,1643036880000,8.25,8.5,8.15,8.4,300,61825,40400,weekly,2022-1-27T21:00:00.000,options,call
354,1643036940000,8.35,8.5,8.35,8.45,625,62075,40400,weekly,2022-1-27T21:00:00.000,options,call
355,1643037000000,8.5,8.7,8.4,8.7,2075,62075,40400,weekly,2022-1-27T21:00:00.000,options,call
356,1643037060000,8.65,8.8,8.5,8.7,3450,62075,40400,weekly,2022-1-27T21:00:00.000,options,call
357,1643037120000,8.75,8.75,8.45,8.55,3200,61925,40400,weekly,2022-1-27T21:00:00.000,options,call
358,1643037180000,8.5,8.9,8.5,8.85,3275,61925,40400,weekly,2022-1-27T21:00:00.000,options,call
359,1643037240000,8.85,8.9,8.55,8.8,3100,61925,40400,weekly,2022-1-27T21:00:00.000,options,call
360,1643037300000,8.85,8.85,8.1,8.1,8475,59750,40400,weekly,2022-1-27T21:00:00.000,options,call
361,1643037360000,7.9,8.2,7.9,8.1,2575,59750,40400,weekly,2022-1-27T21:00:00.000,options,call
362,1643037420000,8.15,8.25,8.15,8.25,1525,59750,40400,weekly,2022-1-27T21:00:00.000,options,call
363,1643037480000,8.3,8.45,8.0,8.45,8150,54600,40400,weekly,2022-1-27T21:00:00.000,options,call
364,1643037540000,8.45,8.5,8.05,8.05,2650,54600,40400,weekly,2022-1-27T21:00:00.000,options,call
365,1643037600000,8.25,8.25,7.7,7.95,6850,54600,40400,weekly,2022-1-27T21:00:00.000,options,call
366,1643037660000,8.0,8.3,7.8,8.2,2625,54600,40400,weekly,2022-1-27T21:00:00.000,options,call
367,1643037720000,8.35,8.35,7.85,8.0,1875,50800,40400,weekly,2022-1-27T21:00:00.000,options,call
368,1643037780000,8.15,8.4,8.1,8.3,1550,50800,40400,weekly,2022-1-27T21:00:00.000,options,call
369,1643037840000,8.3,8.5,7.9,7.9,1875,50800,40400,weekly,2022-1-27T21:00:00.000,options,call
370,1643037900000,8.0,8.0,7.4,7.6,2525,50550,40400,weekly,2022-1-27T21:00:00.000,options,call
371,1643037960000,7.55,7.55,7.3,7.45,2275,50550,40400,weekly,2022-1-27T21:00:00.000,options,call
372,1643038020000,7.45,9.65,7.4,9.0,6200,51050,40400,weekly,2022-1-27T21:00:00.000,options,call
373,1643038080000,8.9,8.9,7.8,8.0,1525,51050,40400,weekly,2022-1-27T21:00:00.000,options,call
374,1643038140000,8.0,8.05,7.0,7.0,3050,51050,40400,weekly,2022-1-27T21:00:00.000,options,call
