,timestamp,open,high,low,close,volume,open_interest,strike,expiry_type,expiry,instrument,contract_type
0,1621223100000,112.0,126.85,104.25,108.45,112175,560625,31500,weekly,2021-5-20T21:00:00.000,options,put
1,1621223160000,107.8,111.95,102.05,107.5,99625,560625,31500,weekly,2021-5-20T21:00:00.000,options,put
2,1621223220000,106.75,108.05,93.65,97.55,79500,599750,31500,weekly,2021-5-20T21:00:00.000,options,put
3,1621223280000,96.8,99.55,85.9,87.35,92450,599750,31500,weekly,2021-5-20T21:00:00.000,options,put
4,1621223340000,86.25,88.35,81.6,82.9,107500,599750,31500,weekly,2021-5-20T21:00:00.000,options,put
5,1621223400000,81.3,81.75,76.35,78.0,124375,618300,31500,weekly,2021-5-20T21:00:00.000,options,put
6,1621223460000,78.5,82.3,77.85,81.5,65800,618300,31500,weekly,2021-5-20T21:00:00.000,options,put
7,1621223520000,81.45,87.3,81.05,84.7,64200,618300,31500,weekly,2021-5-20T21:00:00.000,options,put
8,1621223580000,84.4,85.1,80.85,83.7,77025,627675,31500,weekly,2021-5-20T21:00:00.000,options,put
9,1621223640000,83.7,85.0,81.65,82.0,40925,627675,31500,weekly,2021-5-20T21:00:00.000,options,put
10,1621223700000,81.9,83.2,78.55,78.55,42975,627675,31500,weekly,2021-5-20T21:00:00.000,options,put
11,1621223760000,79.05,79.6,70.0,72.25,166125,641725,31500,weekly,2021-5-20T21:00:00.000,options,put
12,1621223820000,72.35,75.4,72.1,74.4,70325,641725,31500,weekly,2021-5-20T21:00:00.000,options,put
13,1621223880000,74.25,75.45,70.9,74.9,53500,641725,31500,weekly,2021-5-20T21:00:00.000,options,put
14,1621223940000,74.45,76.35,73.05,73.8,63975,732775,31500,weekly,2021-5-20T21:00:00.000,options,put
15,1621224000000,74.4,74.4,65.05,68.1,147000,732775,31500,weekly,2021-5-20T21:00:00.000,options,put
16,1621224060000,68.7,71.95,66.9,71.95,86375,732775,31500,weekly,2021-5-20T21:00:00.000,options,put
17,1621224120000,71.95,72.55,68.95,68.95,63850,782600,31500,weekly,2021-5-20T21:00:00.000,options,put
18,1621224180000,68.5,69.05,65.05,65.65,142725,782600,31500,weekly,2021-5-20T21:00:00.000,options,put
19,1621224240000,65.0,67.2,65.0,65.95,110125,782600,31500,weekly,2021-5-20T21:00:00.000,options,put
20,1621224300000,66.6,66.6,63.65,65.35,86675,800125,31500,weekly,2021-5-20T21:00:00.000,options,put
21,1621224360000,65.35,66.0,64.05,64.5,65525,800125,31500,weekly,2021-5-20T21:00:00.000,options,put
22,1621224420000,64.75,65.55,63.0,63.5,46225,800125,31500,weekly,2021-5-20T21:00:00.000,options,put
23,1621224480000,63.75,63.85,62.1,63.4,50350,808800,31500,weekly,2021-5-20T21:00:00.000,options,put
24,1621224540000,63.3,63.95,60.65,61.85,75950,808800,31500,weekly,2021-5-20T21:00:00.000,options,put
25,1621224600000,61.95,61.95,55.55,57.95,128250,808800,31500,weekly,2021-5-20T21:00:00.000,options,put
26,1621224660000,57.4,58.2,56.55,57.25,74375,851900,31500,weekly,2021-5-20T21:00:00.000,options,put
27,1621224720000,56.2,56.95,55.3,56.65,76575,851900,31500,weekly,2021-5-20T21:00:00.000,options,put
28,1621224780000,56.1,57.85,54.4,57.5,69725,851900,31500,weekly,2021-5-20T21:00:00.000,options,put
29,1621224840000,57.55,57.9,55.95,57.3,54525,895175,31500,weekly,2021-5-20T21:00:00.000,options,put
30,1621224900000,57.1,57.1,53.6,54.4,52075,895175,31500,weekly,2021-5-20T21:00:00.000,options,put
31,1621224960000,54.85,58.65,54.65,58.65,56750,895175,31500,weekly,2021-5-20T21:00:00.000,options,put
32,1621225020000,57.85,60.4,57.85,59.1,74725,916800,31500,weekly,2021-5-20T21:00:00.000,options,put
33,1621225080000,59.0,59.0,57.8,58.35,25850,916800,31500,weekly,2021-5-20T21:00:00.000,options,put
34,1621225140000,58.5,60.05,58.3,59.5,31225,916800,31500,weekly,2021-5-20T21:00:00.000,options,put
35,1621225200000,59.2,59.9,58.5,59.25,31975,932525,31500,weekly,2021-5-20T21:00:00.000,options,put
36,1621225260000,59.1,60.55,58.0,60.0,36125,932525,31500,weekly,2021-5-20T21:00:00.000,options,put
37,1621225320000,60.1,60.3,58.15,59.2,22975,932525,31500,weekly,2021-5-20T21:00:00.000,options,put
38,1621225380000,59.1,60.1,58.55,59.0,38025,931300,31500,weekly,2021-5-20T21:00:00.000,options,put
39,1621225440000,59.0,59.25,57.55,57.6,35100,931300,31500,weekly,2021-5-20T21:00:00.000,options,put
40,1621225500000,57.45,58.55,56.6,57.0,44825,931300,31500,weekly,2021-5-20T21:00:00.000,options,put
41,1621225560000,56.6,56.6,53.25,55.65,89500,948950,31500,weekly,2021-5-20T21:00:00.000,options,put
42,1621225620000,56.0,56.0,53.55,53.55,26975,948950,31500,weekly,2021-5-20T21:00:00.000,options,put
43,1621225680000,53.4,56.7,53.15,56.7,30300,948950,31500,weekly,2021-5-20T21:00:00.000,options,put
44,1621225740000,56.95,57.45,55.7,57.25,25075,962625,31500,weekly,2021-5-20T21:00:00.000,options,put
45,1621225800000,57.15,57.45,55.75,56.0,22900,962625,31500,weekly,2021-5-20T21:00:00.000,options,put
46,1621225860000,55.7,55.7,48.6,51.7,93825,962625,31500,weekly,2021-5-20T21:00:00.000,options,put
47,1621225920000,51.45,51.5,49.1,49.5,50825,971450,31500,weekly,2021-5-20T21:00:00.000,options,put
48,1621225980000,49.6,49.6,46.9,48.55,73700,971450,31500,weekly,2021-5-20T21:00:00.000,options,put
49,1621226040000,48.45,48.8,46.65,47.0,48375,971450,31500,weekly,2021-5-20T21:00:00.000,options,put
50,1621226100000,46.7,48.55,46.45,48.35,67050,975975,31500,weekly,2021-5-20T21:00:00.000,options,put
51,1621226160000,48.35,48.35,45.65,47.0,50825,975975,31500,weekly,2021-5-20T21:00:00.000,options,put
52,1621226220000,46.95,47.3,46.25,46.25,29525,975975,31500,weekly,2021-5-20T21:00:00.000,options,put
53,1621226280000,46.25,46.45,43.25,44.65,84200,983025,31500,weekly,2021-5-20T21:00:00.000,options,put
54,1621226340000,44.45,46.0,44.1,44.4,66900,983025,31500,weekly,2021-5-20T21:00:00.000,options,put
55,1621226400000,44.5,45.4,44.3,44.85,36750,983025,31500,weekly,2021-5-20T21:00:00.000,options,put
56,1621226460000,44.55,44.65,43.15,43.75,47475,1000200,31500,weekly,2021-5-20T21:00:00.000,options,put
57,1621226520000,43.75,44.25,42.45,43.8,45950,1000200,31500,weekly,2021-5-20T21:00:00.000,options,put
58,1621226580000,43.9,44.7,42.2,43.35,52275,1000200,31500,weekly,2021-5-20T21:00:00.000,options,put
59,1621226640000,43.65,44.75,42.8,43.25,49875,1012450,31500,weekly,2021-5-20T21:00:00.000,options,put
60,1621226700000,43.35,43.4,41.7,42.25,81000,1012450,31500,weekly,2021-5-20T21:00:00.000,options,put
61,1621226760000,42.25,43.35,42.1,43.25,44975,1012450,31500,weekly,2021-5-20T21:00:00.000,options,put
62,1621226820000,43.3,44.4,43.25,43.7,55375,1021450,31500,weekly,2021-5-20T21:00:00.000,options,put
63,1621226880000,43.8,44.8,43.6,44.15,39250,1021450,31500,weekly,2021-5-20T21:00:00.000,options,put
64,1621226940000,44.05,44.5,43.15,44.2,53400,1021450,31500,weekly,2021-5-20T21:00:00.000,options,put
65,1621227000000,44.1,46.05,44.0,45.5,61375,1005200,31500,weekly,2021-5-20T21:00:00.000,options,put
66,1621227060000,45.5,45.85,45.0,45.5,41475,1005200,31500,weekly,2021-5-20T21:00:00.000,options,put
67,1621227120000,45.35,46.8,45.25,46.6,34275,1005200,31500,weekly,2021-5-20T21:00:00.000,options,put
68,1621227180000,46.4,46.95,45.55,46.0,31175,1017900,31500,weekly,2021-5-20T21:00:00.000,options,put
69,1621227240000,45.8,46.1,44.6,45.05,30125,1017900,31500,weekly,2021-5-20T21:00:00.000,options,put
70,1621227300000,45.0,45.45,44.2,44.65,29350,1017900,31500,weekly,2021-5-20T21:00:00.000,options,put
71,1621227360000,44.55,44.85,43.95,44.55,28575,1026250,31500,weekly,2021-5-20T21:00:00.000,options,put
72,1621227420000,44.5,44.8,43.25,44.7,21425,1026250,31500,weekly,2021-5-20T21:00:00.000,options,put
73,1621227480000,44.45,44.6,43.65,43.85,9625,1026250,31500,weekly,2021-5-20T21:00:00.000,options,put
74,1621227540000,44.2,44.55,43.75,43.85,14800,1031700,31500,weekly,2021-5-20T21:00:00.000,options,put
75,1621227600000,43.95,45.4,43.45,45.15,21175,1031700,31500,weekly,2021-5-20T21:00:00.000,options,put
76,1621227660000,44.95,46.2,44.95,45.55,31625,1031700,31500,weekly,2021-5-20T21:00:00.000,options,put
77,1621227720000,45.1,46.0,44.65,44.8,27725,1034100,31500,weekly,2021-5-20T21:00:00.000,options,put
78,1621227780000,44.8,45.45,44.35,44.6,18425,1034100,31500,weekly,2021-5-20T21:00:00.000,options,put
79,1621227840000,44.45,45.8,44.45,45.8,14200,1034100,31500,weekly,2021-5-20T21:00:00.000,options,put
80,1621227900000,45.95,45.95,44.25,45.05,22275,1043375,31500,weekly,2021-5-20T21:00:00.000,options,put
81,1621227960000,45.0,45.3,44.55,44.85,10025,1043375,31500,weekly,2021-5-20T21:00:00.000,options,put
82,1621228020000,44.75,45.9,44.5,45.65,7825,1043375,31500,weekly,2021-5-20T21:00:00.000,options,put
83,1621228080000,45.7,45.95,45.2,45.8,7225,1046550,31500,weekly,2021-5-20T21:00:00.000,options,put
84,1621228140000,45.8,45.9,44.55,44.7,18200,1046550,31500,weekly,2021-5-20T21:00:00.000,options,put
85,1621228200000,44.75,45.25,40.9,42.85,119850,1046550,31500,weekly,2021-5-20T21:00:00.000,options,put
86,1621228260000,42.7,43.2,42.3,42.3,60675,1040350,31500,weekly,2021-5-20T21:00:00.000,options,put
87,1621228320000,42.75,42.8,41.75,42.05,43675,1040350,31500,weekly,2021-5-20T21:00:00.000,options,put
88,1621228380000,41.9,42.0,41.05,41.2,39025,1040350,31500,weekly,2021-5-20T21:00:00.000,options,put
89,1621228440000,41.25,41.55,40.95,41.2,14500,1037625,31500,weekly,2021-5-20T21:00:00.000,options,put
90,1621228500000,41.45,42.0,41.05,41.35,23450,1037625,31500,weekly,2021-5-20T21:00:00.000,options,put
91,1621228560000,41.45,41.8,41.15,41.15,11050,1037625,31500,weekly,2021-5-20T21:00:00.000,options,put
92,1621228620000,41.3,43.2,41.0,42.55,19550,1032950,31500,weekly,2021-5-20T21:00:00.000,options,put
93,1621228680000,42.55,42.8,41.55,41.6,11750,1032950,31500,weekly,2021-5-20T21:00:00.000,options,put
94,1621228740000,41.85,43.0,41.5,41.7,15925,1032950,31500,weekly,2021-5-20T21:00:00.000,options,put
95,1621228800000,41.4,42.55,40.5,41.25,45725,1032450,31500,weekly,2021-5-20T21:00:00.000,options,put
96,1621228860000,41.25,42.15,40.95,41.65,21325,1032450,31500,weekly,2021-5-20T21:00:00.000,options,put
97,1621228920000,41.9,42.7,41.55,42.35,17200,1032450,31500,weekly,2021-5-20T21:00:00.000,options,put
98,1621228980000,42.7,43.0,42.2,42.7,9875,1028125,31500,weekly,2021-5-20T21:00:00.000,options,put
99,1621229040000,42.7,44.3,42.6,43.7,15125,1028125,31500,weekly,2021-5-20T21:00:00.000,options,put
100,1621229100000,43.6,44.1,43.25,43.75,14825,1028125,31500,weekly,2021-5-20T21:00:00.000,options,put
101,1621229160000,43.75,44.0,42.5,43.55,12450,1029275,31500,weekly,2021-5-20T21:00:00.000,options,put
102,1621229220000,43.5,44.4,43.1,43.8,10325,1029275,31500,weekly,2021-5-20T21:00:00.000,options,put
103,1621229280000,43.8,44.05,43.0,43.9,15275,1029275,31500,weekly,2021-5-20T21:00:00.000,options,put
104,1621229340000,43.9,44.7,43.55,44.7,11975,1032800,31500,weekly,2021-5-20T21:00:00.000,options,put
105,1621229400000,44.6,44.6,43.0,44.05,11325,1032800,31500,weekly,2021-5-20T21:00:00.000,options,put
106,1621229460000,43.9,43.9,42.3,42.3,13800,1032800,31500,weekly,2021-5-20T21:00:00.000,options,put
107,1621229520000,42.45,43.0,41.95,42.05,13875,1038550,31500,weekly,2021-5-20T21:00:00.000,options,put
108,1621229580000,42.0,42.95,41.6,42.9,12575,1038550,31500,weekly,2021-5-20T21:00:00.000,options,put
109,1621229640000,43.0,43.35,42.1,42.95,13700,1038550,31500,weekly,2021-5-20T21:00:00.000,options,put
110,1621229700000,42.65,42.95,42.1,42.6,15025,1041425,31500,weekly,2021-5-20T21:00:00.000,options,put
111,1621229760000,42.35,42.8,42.2,42.6,5825,1041425,31500,weekly,2021-5-20T21:00:00.000,options,put
112,1621229820000,42.6,42.65,42.0,42.3,17650,1041425,31500,weekly,2021-5-20T21:00:00.000,options,put
113,1621229880000,42.4,42.4,41.4,41.6,10200,1039975,31500,weekly,2021-5-20T21:00:00.000,options,put
114,1621229940000,41.65,42.4,40.05,41.7,40775,1039975,31500,weekly,2021-5-20T21:00:00.000,options,put
115,1621230000000,41.5,42.6,41.5,41.8,32975,1039975,31500,weekly,2021-5-20T21:00:00.000,options,put
116,1621230060000,41.9,42.7,41.1,42.6,22600,1029575,31500,weekly,2021-5-20T21:00:00.000,options,put
117,1621230120000,42.45,43.25,42.35,42.6,13850,1029575,31500,weekly,2021-5-20T21:00:00.000,options,put
118,1621230180000,42.65,43.25,42.45,42.8,16200,1029575,31500,weekly,2021-5-20T21:00:00.000,options,put
119,1621230240000,42.85,43.2,42.3,42.9,13900,1035750,31500,weekly,2021-5-20T21:00:00.000,options,put
120,1621230300000,42.75,43.0,41.6,42.0,21225,1035750,31500,weekly,2021-5-20T21:00:00.000,options,put
121,1621230360000,41.9,43.85,40.85,43.4,42750,1035750,31500,weekly,2021-5-20T21:00:00.000,options,put
122,1621230420000,43.55,43.55,42.05,42.3,23500,1031125,31500,weekly,2021-5-20T21:00:00.000,options,put
123,1621230480000,42.2,43.15,42.1,42.6,13250,1031125,31500,weekly,2021-5-20T21:00:00.000,options,put
124,1621230540000,42.55,42.55,41.75,42.5,13975,1031125,31500,weekly,2021-5-20T21:00:00.000,options,put
125,1621230600000,42.45,42.6,41.2,41.2,28650,1047350,31500,weekly,2021-5-20T21:00:00.000,options,put
126,1621230660000,41.45,42.0,40.95,41.55,38600,1047350,31500,weekly,2021-5-20T21:00:00.000,options,put
127,1621230720000,41.75,43.0,41.55,42.85,38625,1047350,31500,weekly,2021-5-20T21:00:00.000,options,put
128,1621230780000,42.65,43.3,42.2,42.8,32150,1057650,31500,weekly,2021-5-20T21:00:00.000,options,put
129,1621230840000,42.8,42.9,42.15,42.45,21650,1057650,31500,weekly,2021-5-20T21:00:00.000,options,put
130,1621230900000,42.6,42.95,41.95,42.4,26075,1057650,31500,weekly,2021-5-20T21:00:00.000,options,put
131,1621230960000,42.45,42.5,41.7,41.8,31250,1065800,31500,weekly,2021-5-20T21:00:00.000,options,put
132,1621231020000,41.75,42.8,41.7,42.8,34750,1065800,31500,weekly,2021-5-20T21:00:00.000,options,put
133,1621231080000,42.7,42.9,41.85,42.8,24875,1065800,31500,weekly,2021-5-20T21:00:00.000,options,put
134,1621231140000,42.55,42.95,42.3,42.95,18075,1070475,31500,weekly,2021-5-20T21:00:00.000,options,put
135,1621231200000,43.0,43.55,42.5,43.3,17950,1070475,31500,weekly,2021-5-20T21:00:00.000,options,put
136,1621231260000,43.3,43.7,43.05,43.65,14725,1070475,31500,weekly,2021-5-20T21:00:00.000,options,put
137,1621231320000,43.6,44.0,43.4,43.5,29150,1076950,31500,weekly,2021-5-20T21:00:00.000,options,put
138,1621231380000,43.5,44.1,42.9,43.35,28150,1076950,31500,weekly,2021-5-20T21:00:00.000,options,put
139,1621231440000,43.4,43.4,40.35,40.75,49125,1076950,31500,weekly,2021-5-20T21:00:00.000,options,put
140,1621231500000,40.85,41.0,39.45,39.45,34700,1076375,31500,weekly,2021-5-20T21:00:00.000,options,put
141,1621231560000,39.45,40.25,39.2,39.55,23850,1076375,31500,weekly,2021-5-20T21:00:00.000,options,put
142,1621231620000,39.55,39.8,38.6,39.2,35725,1076375,31500,weekly,2021-5-20T21:00:00.000,options,put
143,1621231680000,39.25,39.6,38.8,39.5,23950,1071900,31500,weekly,2021-5-20T21:00:00.000,options,put
144,1621231740000,39.3,39.6,39.0,39.2,18000,1071900,31500,weekly,2021-5-20T21:00:00.000,options,put
145,1621231800000,39.15,39.3,38.8,39.15,16900,1071900,31500,weekly,2021-5-20T21:00:00.000,options,put
146,1621231860000,39.05,39.3,38.75,39.05,15425,1075950,31500,weekly,2021-5-20T21:00:00.000,options,put
147,1621231920000,38.85,39.8,38.85,39.75,14900,1075950,31500,weekly,2021-5-20T21:00:00.000,options,put
148,1621231980000,39.6,39.75,39.0,39.3,25725,1075950,31500,weekly,2021-5-20T21:00:00.000,options,put
149,1621232040000,39.3,39.9,39.3,39.75,13375,1079325,31500,weekly,2021-5-20T21:00:00.000,options,put
150,1621232100000,39.5,40.0,39.15,39.8,13675,1079325,31500,weekly,2021-5-20T21:00:00.000,options,put
151,1621232160000,39.6,39.7,36.05,37.2,37025,1079325,31500,weekly,2021-5-20T21:00:00.000,options,put
152,1621232220000,37.25,37.5,36.35,36.35,36700,1082850,31500,weekly,2021-5-20T21:00:00.000,options,put
153,1621232280000,36.15,36.95,36.15,36.65,22050,1082850,31500,weekly,2021-5-20T21:00:00.000,options,put
154,1621232340000,36.8,36.8,35.7,36.2,38800,1082850,31500,weekly,2021-5-20T21:00:00.000,options,put
155,1621232400000,36.0,36.35,34.4,34.65,47850,1079400,31500,weekly,2021-5-20T21:00:00.000,options,put
156,1621232460000,34.55,35.45,34.45,35.35,35250,1079400,31500,weekly,2021-5-20T21:00:00.000,options,put
157,1621232520000,35.15,35.55,34.95,35.15,39050,1079400,31500,weekly,2021-5-20T21:00:00.000,options,put
158,1621232580000,35.25,35.5,34.8,35.15,21200,1063850,31500,weekly,2021-5-20T21:00:00.000,options,put
159,1621232640000,35.15,35.65,35.05,35.35,31675,1063850,31500,weekly,2021-5-20T21:00:00.000,options,put
160,1621232700000,35.4,36.5,35.25,35.8,27175,1063850,31500,weekly,2021-5-20T21:00:00.000,options,put
161,1621232760000,35.85,36.5,35.75,36.35,27050,1053925,31500,weekly,2021-5-20T21:00:00.000,options,put
162,1621232820000,36.25,36.65,36.2,36.6,8950,1053925,31500,weekly,2021-5-20T21:00:00.000,options,put
163,1621232880000,36.65,37.25,36.55,36.7,15125,1053925,31500,weekly,2021-5-20T21:00:00.000,options,put
164,1621232940000,36.9,37.15,36.55,37.05,14525,1057225,31500,weekly,2021-5-20T21:00:00.000,options,put
165,1621233000000,37.05,37.6,36.5,36.5,14325,1057225,31500,weekly,2021-5-20T21:00:00.000,options,put
166,1621233060000,36.7,37.15,36.15,36.85,14975,1057225,31500,weekly,2021-5-20T21:00:00.000,options,put
167,1621233120000,36.75,37.45,36.7,37.2,8600,1067025,31500,weekly,2021-5-20T21:00:00.000,options,put
168,1621233180000,37.15,37.65,36.7,37.2,21800,1067025,31500,weekly,2021-5-20T21:00:00.000,options,put
169,1621233240000,37.15,37.45,36.8,37.4,11600,1067025,31500,weekly,2021-5-20T21:00:00.000,options,put
170,1621233300000,37.45,37.45,36.4,36.4,15775,1067025,31500,weekly,2021-5-20T21:00:00.000,options,put
171,1621233360000,36.4,36.75,36.25,36.5,13150,1059800,31500,weekly,2021-5-20T21:00:00.000,options,put
172,1621233420000,36.45,36.65,36.05,36.4,7075,1059800,31500,weekly,2021-5-20T21:00:00.000,options,put
173,1621233480000,36.6,36.75,36.35,36.35,4100,1059800,31500,weekly,2021-5-20T21:00:00.000,options,put
174,1621233540000,36.55,36.6,35.65,35.85,14925,1063075,31500,weekly,2021-5-20T21:00:00.000,options,put
175,1621233600000,35.75,36.15,34.85,35.75,22500,1063075,31500,weekly,2021-5-20T21:00:00.000,options,put
176,1621233660000,35.6,35.65,34.95,35.3,17025,1063075,31500,weekly,2021-5-20T21:00:00.000,options,put
177,1621233720000,35.4,35.4,34.85,35.0,16250,1066025,31500,weekly,2021-5-20T21:00:00.000,options,put
178,1621233780000,35.15,35.75,35.05,35.65,19150,1066025,31500,weekly,2021-5-20T21:00:00.000,options,put
179,1621233840000,35.65,36.1,35.55,35.75,15750,1066025,31500,weekly,2021-5-20T21:00:00.000,options,put
180,1621233900000,35.95,36.45,35.85,36.0,11675,1066900,31500,weekly,2021-5-20T21:00:00.000,options,put
181,1621233960000,36.0,36.25,35.65,36.15,7525,1066900,31500,weekly,2021-5-20T21:00:00.000,options,put
182,1621234020000,36.15,36.2,35.2,36.15,15500,1066900,31500,weekly,2021-5-20T21:00:00.000,options,put
183,1621234080000,36.0,36.4,35.9,36.25,6025,1066975,31500,weekly,2021-5-20T21:00:00.000,options,put
184,1621234140000,36.3,36.3,35.95,36.15,2100,1066975,31500,weekly,2021-5-20T21:00:00.000,options,put
185,1621234200000,36.15,36.55,35.95,36.2,8375,1066975,31500,weekly,2021-5-20T21:00:00.000,options,put
186,1621234260000,36.2,37.15,36.2,37.05,7825,1066025,31500,weekly,2021-5-20T21:00:00.000,options,put
187,1621234320000,36.85,37.25,36.5,36.8,6950,1066025,31500,weekly,2021-5-20T21:00:00.000,options,put
188,1621234380000,36.8,37.15,36.65,36.65,9750,1066025,31500,weekly,2021-5-20T21:00:00.000,options,put
189,1621234440000,36.8,36.85,36.2,36.3,6300,1068100,31500,weekly,2021-5-20T21:00:00.000,options,put
190,1621234500000,36.4,36.65,35.85,36.35,10925,1068100,31500,weekly,2021-5-20T21:00:00.000,options,put
191,1621234560000,36.55,37.15,36.35,36.9,13900,1068100,31500,weekly,2021-5-20T21:00:00.000,options,put
192,1621234620000,36.75,36.95,36.15,36.35,4725,1070225,31500,weekly,2021-5-20T21:00:00.000,options,put
193,1621234680000,36.35,36.6,35.05,35.2,11000,1070225,31500,weekly,2021-5-20T21:00:00.000,options,put
194,1621234740000,35.1,36.1,35.05,36.0,10375,1070225,31500,weekly,2021-5-20T21:00:00.000,options,put
195,1621234800000,36.0,37.2,36.0,36.9,13875,1074150,31500,weekly,2021-5-20T21:00:00.000,options,put
196,1621234860000,36.9,37.0,36.05,36.25,11400,1074150,31500,weekly,2021-5-20T21:00:00.000,options,put
197,1621234920000,36.25,36.95,35.75,36.45,5700,1074150,31500,weekly,2021-5-20T21:00:00.000,options,put
198,1621234980000,36.6,36.75,36.0,36.4,9000,1070750,31500,weekly,2021-5-20T21:00:00.000,options,put
199,1621235040000,36.4,37.4,36.35,36.7,14700,1070750,31500,weekly,2021-5-20T21:00:00.000,options,put
200,1621235100000,36.8,37.05,36.1,36.9,15075,1070750,31500,weekly,2021-5-20T21:00:00.000,options,put
201,1621235160000,36.75,37.1,36.45,36.7,6775,1068875,31500,weekly,2021-5-20T21:00:00.000,options,put
202,1621235220000,36.8,37.25,36.45,37.25,4525,1068875,31500,weekly,2021-5-20T21:00:00.000,options,put
203,1621235280000,37.25,37.25,36.55,36.55,6425,1068875,31500,weekly,2021-5-20T21:00:00.000,options,put
204,1621235340000,36.7,37.0,36.1,36.9,4375,1071775,31500,weekly,2021-5-20T21:00:00.000,options,put
205,1621235400000,36.85,37.6,36.85,37.3,7875,1071775,31500,weekly,2021-5-20T21:00:00.000,options,put
206,1621235460000,37.25,37.75,36.9,37.35,6450,1071775,31500,weekly,2021-5-20T21:00:00.000,options,put
207,1621235520000,37.35,38.15,37.25,37.9,10950,1075350,31500,weekly,2021-5-20T21:00:00.000,options,put
208,1621235580000,37.85,38.65,37.6,38.2,8850,1075350,31500,weekly,2021-5-20T21:00:00.000,options,put
209,1621235640000,38.05,38.1,37.5,37.75,17975,1075350,31500,weekly,2021-5-20T21:00:00.000,options,put
210,1621235700000,37.55,38.25,37.0,37.5,22150,1083450,31500,weekly,2021-5-20T21:00:00.000,options,put
211,1621235760000,37.4,37.4,33.5,33.7,44175,1083450,31500,weekly,2021-5-20T21:00:00.000,options,put
212,1621235820000,33.45,34.25,33.45,34.25,18200,1083450,31500,weekly,2021-5-20T21:00:00.000,options,put
213,1621235880000,34.2,34.25,33.9,34.2,14400,1091225,31500,weekly,2021-5-20T21:00:00.000,options,put
214,1621235940000,34.05,34.6,33.75,34.55,19075,1091225,31500,weekly,2021-5-20T21:00:00.000,options,put
215,1621236000000,34.4,34.6,34.0,34.2,13425,1091225,31500,weekly,2021-5-20T21:00:00.000,options,put
216,1621236060000,34.15,34.95,34.15,34.95,17225,1087150,31500,weekly,2021-5-20T21:00:00.000,options,put
217,1621236120000,34.65,34.8,34.1,34.6,21175,1087150,31500,weekly,2021-5-20T21:00:00.000,options,put
218,1621236180000,34.6,34.8,34.45,34.5,6850,1087150,31500,weekly,2021-5-20T21:00:00.000,options,put
219,1621236240000,34.7,35.0,34.35,34.75,11625,1087500,31500,weekly,2021-5-20T21:00:00.000,options,put
220,1621236300000,34.7,34.9,34.5,34.9,8175,1087500,31500,weekly,2021-5-20T21:00:00.000,options,put
221,1621236360000,34.8,35.05,34.5,34.8,10250,1087500,31500,weekly,2021-5-20T21:00:00.000,options,put
222,1621236420000,34.8,35.4,34.6,35.25,7675,1084825,31500,weekly,2021-5-20T21:00:00.000,options,put
223,1621236480000,35.4,35.4,34.75,35.15,12550,1084825,31500,weekly,2021-5-20T21:00:00.000,options,put
224,1621236540000,35.1,35.35,34.6,35.2,19300,1084825,31500,weekly,2021-5-20T21:00:00.000,options,put
225,1621236600000,35.25,35.35,34.9,35.05,8600,1081175,31500,weekly,2021-5-20T21:00:00.000,options,put
226,1621236660000,35.1,35.8,34.35,34.95,40450,1081175,31500,weekly,2021-5-20T21:00:00.000,options,put
227,1621236720000,34.95,35.7,34.7,35.5,23150,1081175,31500,weekly,2021-5-20T21:00:00.000,options,put
228,1621236780000,35.8,35.8,34.9,35.15,25125,1082475,31500,weekly,2021-5-20T21:00:00.000,options,put
229,1621236840000,35.1,35.15,34.7,35.15,9050,1082475,31500,weekly,2021-5-20T21:00:00.000,options,put
230,1621236900000,35.1,35.3,34.9,35.05,20800,1082475,31500,weekly,2021-5-20T21:00:00.000,options,put
231,1621236960000,35.0,35.45,35.0,35.3,9225,1071150,31500,weekly,2021-5-20T21:00:00.000,options,put
232,1621237020000,35.4,35.7,35.2,35.55,15300,1071150,31500,weekly,2021-5-20T21:00:00.000,options,put
233,1621237080000,35.5,35.85,35.15,35.65,9600,1071150,31500,weekly,2021-5-20T21:00:00.000,options,put
234,1621237140000,35.65,35.65,35.15,35.55,9950,1063450,31500,weekly,2021-5-20T21:00:00.000,options,put
235,1621237200000,35.5,35.55,34.7,35.3,10400,1063450,31500,weekly,2021-5-20T21:00:00.000,options,put
236,1621237260000,35.25,35.55,35.0,35.25,5750,1063450,31500,weekly,2021-5-20T21:00:00.000,options,put
237,1621237320000,35.2,35.7,35.2,35.7,6150,1066625,31500,weekly,2021-5-20T21:00:00.000,options,put
238,1621237380000,35.5,38.4,35.3,37.45,40925,1066625,31500,weekly,2021-5-20T21:00:00.000,options,put
239,1621237440000,37.2,38.25,37.15,38.0,17050,1066625,31500,weekly,2021-5-20T21:00:00.000,options,put
240,1621237500000,38.4,40.6,37.85,39.2,60850,1058000,31500,weekly,2021-5-20T21:00:00.000,options,put
241,1621237560000,38.75,39.3,38.3,38.5,24775,1058000,31500,weekly,2021-5-20T21:00:00.000,options,put
242,1621237620000,38.5,38.55,37.15,38.2,28350,1058000,31500,weekly,2021-5-20T21:00:00.000,options,put
243,1621237680000,38.35,38.35,36.35,37.5,18325,1052725,31500,weekly,2021-5-20T21:00:00.000,options,put
244,1621237740000,37.25,38.95,36.85,38.6,12300,1052725,31500,weekly,2021-5-20T21:00:00.000,options,put
245,1621237800000,38.6,38.6,37.5,37.75,9750,1052725,31500,weekly,2021-5-20T21:00:00.000,options,put
246,1621237860000,37.75,38.65,37.55,38.1,9925,1050375,31500,weekly,2021-5-20T21:00:00.000,options,put
247,1621237920000,38.1,38.45,37.65,37.65,9275,1050375,31500,weekly,2021-5-20T21:00:00.000,options,put
248,1621237980000,37.6,38.0,37.5,37.9,7425,1050375,31500,weekly,2021-5-20T21:00:00.000,options,put
249,1621238040000,38.0,39.45,37.95,39.4,15750,1048800,31500,weekly,2021-5-20T21:00:00.000,options,put
250,1621238100000,39.2,39.35,38.2,38.95,12750,1048800,31500,weekly,2021-5-20T21:00:00.000,options,put
251,1621238160000,39.05,39.5,38.1,38.1,11325,1048800,31500,weekly,2021-5-20T21:00:00.000,options,put
252,1621238220000,38.3,38.75,38.0,38.55,11700,1055725,31500,weekly,2021-5-20T21:00:00.000,options,put
253,1621238280000,38.55,39.5,38.1,39.5,6150,1055725,31500,weekly,2021-5-20T21:00:00.000,options,put
254,1621238340000,39.35,39.35,38.25,38.25,7500,1055725,31500,weekly,2021-5-20T21:00:00.000,options,put
255,1621238400000,38.1,38.1,35.35,36.0,25000,1054775,31500,weekly,2021-5-20T21:00:00.000,options,put
256,1621238460000,36.0,37.3,35.9,37.3,8600,1054775,31500,weekly,2021-5-20T21:00:00.000,options,put
257,1621238520000,37.5,37.5,36.9,37.5,8100,1054775,31500,weekly,2021-5-20T21:00:00.000,options,put
258,1621238580000,37.35,37.35,36.25,36.75,2600,1049725,31500,weekly,2021-5-20T21:00:00.000,options,put
259,1621238640000,36.6,36.8,36.0,36.3,3525,1049725,31500,weekly,2021-5-20T21:00:00.000,options,put
260,1621238700000,36.3,37.2,36.15,36.85,2975,1049725,31500,weekly,2021-5-20T21:00:00.000,options,put
261,1621238760000,36.55,37.2,36.55,36.7,3825,1050075,31500,weekly,2021-5-20T21:00:00.000,options,put
262,1621238820000,36.7,37.0,36.45,36.45,3325,1050075,31500,weekly,2021-5-20T21:00:00.000,options,put
263,1621238880000,36.15,36.2,34.05,34.3,14800,1050075,31500,weekly,2021-5-20T21:00:00.000,options,put
264,1621238940000,34.2,34.85,33.75,34.55,12650,1049250,31500,weekly,2021-5-20T21:00:00.000,options,put
265,1621239000000,34.4,34.85,34.15,34.55,12025,1049250,31500,weekly,2021-5-20T21:00:00.000,options,put
266,1621239060000,34.45,34.45,33.05,33.7,13950,1049250,31500,weekly,2021-5-20T21:00:00.000,options,put
267,1621239120000,33.65,33.65,33.25,33.65,6550,1046975,31500,weekly,2021-5-20T21:00:00.000,options,put
268,1621239180000,33.5,33.6,32.8,33.0,9725,1046975,31500,weekly,2021-5-20T21:00:00.000,options,put
269,1621239240000,33.0,33.25,32.9,33.05,5125,1046975,31500,weekly,2021-5-20T21:00:00.000,options,put
270,1621239300000,33.0,33.4,32.55,33.3,8875,1047400,31500,weekly,2021-5-20T21:00:00.000,options,put
271,1621239360000,33.45,34.0,33.2,33.95,8200,1047400,31500,weekly,2021-5-20T21:00:00.000,options,put
272,1621239420000,33.7,34.1,33.25,33.8,9300,1047400,31500,weekly,2021-5-20T21:00:00.000,options,put
273,1621239480000,34.0,34.05,33.5,33.8,4675,1049625,31500,weekly,2021-5-20T21:00:00.000,options,put
274,1621239540000,33.8,33.8,31.8,32.0,16075,1049625,31500,weekly,2021-5-20T21:00:00.000,options,put
275,1621239600000,32.0,32.25,30.1,31.7,24500,1049625,31500,weekly,2021-5-20T21:00:00.000,options,put
276,1621239660000,31.9,31.95,30.8,31.2,14725,1051100,31500,weekly,2021-5-20T21:00:00.000,options,put
277,1621239720000,31.2,31.35,30.85,31.05,14750,1051100,31500,weekly,2021-5-20T21:00:00.000,options,put
278,1621239780000,31.05,31.6,30.85,31.1,11675,1051100,31500,weekly,2021-5-20T21:00:00.000,options,put
279,1621239840000,31.05,31.5,31.05,31.45,8975,1059225,31500,weekly,2021-5-20T21:00:00.000,options,put
280,1621239900000,31.45,31.95,31.0,31.0,11925,1059225,31500,weekly,2021-5-20T21:00:00.000,options,put
281,1621239960000,31.0,31.3,30.45,30.45,14725,1059225,31500,weekly,2021-5-20T21:00:00.000,options,put
282,1621240020000,30.4,30.65,29.75,30.25,21925,1054500,31500,weekly,2021-5-20T21:00:00.000,options,put
283,1621240080000,30.3,30.65,30.0,30.5,14300,1054500,31500,weekly,2021-5-20T21:00:00.000,options,put
284,1621240140000,30.35,30.55,30.0,30.25,12575,1054500,31500,weekly,2021-5-20T21:00:00.000,options,put
285,1621240200000,30.05,30.35,29.5,29.9,14275,1063200,31500,weekly,2021-5-20T21:00:00.000,options,put
286,1621240260000,30.0,30.2,28.65,29.35,19300,1063200,31500,weekly,2021-5-20T21:00:00.000,options,put
287,1621240320000,29.35,29.5,28.3,28.3,22100,1063200,31500,weekly,2021-5-20T21:00:00.000,options,put
288,1621240380000,28.45,28.75,27.55,27.95,50700,1067675,31500,weekly,2021-5-20T21:00:00.000,options,put
289,1621240440000,27.85,28.4,27.8,28.15,44050,1067675,31500,weekly,2021-5-20T21:00:00.000,options,put
290,1621240500000,28.15,28.45,27.75,27.9,37400,1067675,31500,weekly,2021-5-20T21:00:00.000,options,put
291,1621240560000,27.75,28.5,27.6,28.45,21875,1047025,31500,weekly,2021-5-20T21:00:00.000,options,put
292,1621240620000,28.45,28.95,28.3,28.9,13925,1047025,31500,weekly,2021-5-20T21:00:00.000,options,put
293,1621240680000,28.8,28.95,28.5,28.6,12325,1047025,31500,weekly,2021-5-20T21:00:00.000,options,put
294,1621240740000,28.6,29.0,28.55,29.0,15325,1045425,31500,weekly,2021-5-20T21:00:00.000,options,put
295,1621240800000,28.75,28.9,28.25,28.35,20875,1045425,31500,weekly,2021-5-20T21:00:00.000,options,put
296,1621240860000,28.25,28.6,27.85,28.4,30350,1045425,31500,weekly,2021-5-20T21:00:00.000,options,put
297,1621240920000,28.4,29.1,28.4,29.1,24750,1042575,31500,weekly,2021-5-20T21:00:00.000,options,put
298,1621240980000,29.1,29.55,29.0,29.55,17100,1042575,31500,weekly,2021-5-20T21:00:00.000,options,put
299,1621241040000,29.6,30.0,29.45,29.85,13975,1042575,31500,weekly,2021-5-20T21:00:00.000,options,put
300,1621241100000,30.0,30.0,29.3,29.75,15825,1041250,31500,weekly,2021-5-20T21:00:00.000,options,put
301,1621241160000,29.75,30.55,29.6,30.15,15425,1041250,31500,weekly,2021-5-20T21:00:00.000,options,put
302,1621241220000,30.25,30.6,30.1,30.3,16175,1041250,31500,weekly,2021-5-20T21:00:00.000,options,put
303,1621241280000,30.25,30.5,29.9,30.25,9925,1030450,31500,weekly,2021-5-20T21:00:00.000,options,put
304,1621241340000,30.1,30.4,30.0,30.25,13100,1030450,31500,weekly,2021-5-20T21:00:00.000,options,put
305,1621241400000,30.45,30.45,30.0,30.1,12450,1030450,31500,weekly,2021-5-20T21:00:00.000,options,put
306,1621241460000,30.1,30.15,29.65,29.75,13750,1028575,31500,weekly,2021-5-20T21:00:00.000,options,put
307,1621241520000,29.8,30.15,29.75,30.0,16350,1028575,31500,weekly,2021-5-20T21:00:00.000,options,put
308,1621241580000,30.0,30.05,29.8,29.95,9750,1028575,31500,weekly,2021-5-20T21:00:00.000,options,put
309,1621241640000,29.9,30.0,28.6,28.85,19500,1022675,31500,weekly,2021-5-20T21:00:00.000,options,put
310,1621241700000,28.85,29.0,28.2,28.6,20150,1022675,31500,weekly,2021-5-20T21:00:00.000,options,put
311,1621241760000,28.45,28.75,28.3,28.5,13825,1022675,31500,weekly,2021-5-20T21:00:00.000,options,put
312,1621241820000,28.45,28.55,28.2,28.3,6250,1025650,31500,weekly,2021-5-20T21:00:00.000,options,put
313,1621241880000,28.3,28.3,26.45,27.3,24550,1025650,31500,weekly,2021-5-20T21:00:00.000,options,put
314,1621241940000,27.3,27.45,26.9,27.0,16125,1025650,31500,weekly,2021-5-20T21:00:00.000,options,put
315,1621242000000,27.05,27.3,26.85,27.15,15400,1016375,31500,weekly,2021-5-20T21:00:00.000,options,put
316,1621242060000,27.05,27.3,26.55,27.3,19950,1016375,31500,weekly,2021-5-20T21:00:00.000,options,put
317,1621242120000,27.1,27.3,27.05,27.1,10900,1016375,31500,weekly,2021-5-20T21:00:00.000,options,put
318,1621242180000,27.15,27.3,27.05,27.05,6500,1005475,31500,weekly,2021-5-20T21:00:00.000,options,put
319,1621242240000,27.2,27.45,27.15,27.3,11000,1005475,31500,weekly,2021-5-20T21:00:00.000,options,put
320,1621242300000,27.25,27.3,26.95,27.25,15050,1005475,31500,weekly,2021-5-20T21:00:00.000,options,put
321,1621242360000,27.0,27.25,26.55,26.8,16175,1003500,31500,weekly,2021-5-20T21:00:00.000,options,put
322,1621242420000,26.9,26.9,25.15,25.35,50550,1003500,31500,weekly,2021-5-20T21:00:00.000,options,put
323,1621242480000,25.55,25.6,25.05,25.1,34950,1003500,31500,weekly,2021-5-20T21:00:00.000,options,put
324,1621242540000,25.25,25.3,24.5,24.6,30950,986450,31500,weekly,2021-5-20T21:00:00.000,options,put
325,1621242600000,24.8,24.85,23.75,23.75,35350,986450,31500,weekly,2021-5-20T21:00:00.000,options,put
326,1621242660000,23.7,24.45,23.7,24.4,27975,986450,31500,weekly,2021-5-20T21:00:00.000,options,put
327,1621242720000,24.3,24.55,24.0,24.2,29700,967225,31500,weekly,2021-5-20T21:00:00.000,options,put
328,1621242780000,24.35,24.5,23.8,24.05,55100,967225,31500,weekly,2021-5-20T21:00:00.000,options,put
329,1621242840000,24.05,24.25,22.45,22.75,45850,967225,31500,weekly,2021-5-20T21:00:00.000,options,put
330,1621242900000,22.75,23.5,22.65,23.1,34750,956050,31500,weekly,2021-5-20T21:00:00.000,options,put
331,1621242960000,23.05,23.65,23.05,23.4,15725,956050,31500,weekly,2021-5-20T21:00:00.000,options,put
332,1621243020000,23.65,24.05,23.4,23.85,34375,956050,31500,weekly,2021-5-20T21:00:00.000,options,put
333,1621243080000,24.0,24.35,23.8,24.35,23750,942575,31500,weekly,2021-5-20T21:00:00.000,options,put
334,1621243140000,24.35,24.55,24.0,24.25,30600,942575,31500,weekly,2021-5-20T21:00:00.000,options,put
335,1621243200000,24.2,24.55,24.05,24.5,36050,942575,31500,weekly,2021-5-20T21:00:00.000,options,put
336,1621243260000,24.45,24.7,24.25,24.4,26425,916475,31500,weekly,2021-5-20T21:00:00.000,options,put
337,1621243320000,24.3,24.65,24.3,24.5,17525,916475,31500,weekly,2021-5-20T21:00:00.000,options,put
338,1621243380000,24.5,24.65,23.1,23.65,56100,916475,31500,weekly,2021-5-20T21:00:00.000,options,put
339,1621243440000,23.65,23.75,22.75,23.4,30025,895100,31500,weekly,2021-5-20T21:00:00.000,options,put
340,1621243500000,23.35,23.7,23.2,23.65,17025,895100,31500,weekly,2021-5-20T21:00:00.000,options,put
341,1621243560000,23.55,23.9,23.5,23.5,24650,895100,31500,weekly,2021-5-20T21:00:00.000,options,put
342,1621243620000,23.55,23.7,23.0,23.0,20525,897450,31500,weekly,2021-5-20T21:00:00.000,options,put
343,1621243680000,23.05,23.2,22.45,22.85,26650,897450,31500,weekly,2021-5-20T21:00:00.000,options,put
344,1621243740000,22.85,23.15,22.5,22.8,22725,897450,31500,weekly,2021-5-20T21:00:00.000,options,put
345,1621243800000,22.7,23.3,22.65,23.15,40550,897400,31500,weekly,2021-5-20T21:00:00.000,options,put
346,1621243860000,23.15,23.95,23.15,23.95,25050,897400,31500,weekly,2021-5-20T21:00:00.000,options,put
347,1621243920000,23.95,24.4,23.8,24.25,23250,897400,31500,weekly,2021-5-20T21:00:00.000,options,put
348,1621243980000,24.3,30.3,24.2,30.15,182675,925450,31500,weekly,2021-5-20T21:00:00.000,options,put
349,1621244040000,30.5,30.5,27.8,27.8,134875,925450,31500,weekly,2021-5-20T21:00:00.000,options,put
350,1621244100000,27.85,28.1,26.15,26.4,54475,925450,31500,weekly,2021-5-20T21:00:00.000,options,put
351,1621244160000,26.4,26.4,25.2,25.2,50000,925025,31500,weekly,2021-5-20T21:00:00.000,options,put
352,1621244220000,25.25,25.55,25.05,25.55,46725,925025,31500,weekly,2021-5-20T21:00:00.000,options,put
353,1621244280000,25.5,25.5,24.95,25.1,42750,925025,31500,weekly,2021-5-20T21:00:00.000,options,put
354,1621244340000,25.1,25.5,25.0,25.3,24150,912175,31500,weekly,2021-5-20T21:00:00.000,options,put
355,1621244400000,25.35,25.85,24.4,25.0,43500,912175,31500,weekly,2021-5-20T21:00:00.000,options,put
356,1621244460000,25.0,25.4,24.65,24.7,37125,912175,31500,weekly,2021-5-20T21:00:00.000,options,put
357,1621244520000,24.85,24.85,23.9,24.2,26025,911500,31500,weekly,2021-5-20T21:00:00.000,options,put
358,1621244580000,24.25,24.35,23.8,24.1,28300,911500,31500,weekly,2021-5-20T21:00:00.000,options,put
359,1621244640000,24.1,24.45,24.0,24.35,36175,911500,31500,weekly,2021-5-20T21:00:00.000,options,put
360,1621244700000,24.5,25.4,24.4,25.05,69925,906275,31500,weekly,2021-5-20T21:00:00.000,options,put
361,1621244760000,25.3,25.35,24.9,24.95,39900,906275,31500,weekly,2021-5-20T21:00:00.000,options,put
362,1621244820000,25.1,25.25,24.75,25.05,46525,906275,31500,weekly,2021-5-20T21:00:00.000,options,put
363,1621244880000,25.1,25.3,24.5,24.55,40900,896525,31500,weekly,2021-5-20T21:00:00.000,options,put
364,1621244940000,24.7,25.3,24.4,25.3,22975,896525,31500,weekly,2021-5-20T21:00:00.000,options,put
365,1621245000000,25.15,26.25,25.1,25.95,36075,896525,31500,weekly,2021-5-20T21:00:00.000,options,put
366,1621245060000,25.9,26.05,25.3,25.8,42700,902725,31500,weekly,2021-5-20T21:00:00.000,options,put
367,1621245120000,25.8,26.35,24.3,24.4,35375,902725,31500,weekly,2021-5-20T21:00:00.000,options,put
368,1621245180000,24.35,25.0,24.25,24.9,42025,902725,31500,weekly,2021-5-20T21:00:00.000,options,put
369,1621245240000,24.9,25.2,24.8,25.1,33300,912400,31500,weekly,2021-5-20T21:00:00.000,options,put
370,1621245300000,25.05,25.35,24.6,25.0,54075,912400,31500,weekly,2021-5-20T21:00:00.000,options,put
371,1621245360000,24.9,25.85,24.8,25.85,38525,912400,31500,weekly,2021-5-20T21:00:00.000,options,put
372,1621245420000,25.9,26.9,25.75,26.35,58425,929800,31500,weekly,2021-5-20T21:00:00.000,options,put
373,1621245480000,26.3,26.8,26.15,26.6,59350,929800,31500,weekly,2021-5-20T21:00:00.000,options,put
374,1621245540000,26.6,26.9,24.0,24.0,57900,929800,31500,weekly,2021-5-20T21:00:00.000,options,put
