,timestamp,open,high,low,close,volume,open_interest,strike,expiry_type,expiry,instrument,contract_type
0,1550481360000,113.6,113.65,95.5,96.15,88350,,10700,weekly,2019-2-21T21:00:00.000,options,call
1,1550481420000,96.85,99.1,94.2,95.3,44100,,10700,weekly,2019-2-21T21:00:00.000,options,call
2,1550481480000,95.75,95.75,87.55,89.95,56025,,10700,weekly,2019-2-21T21:00:00.000,options,call
3,1550481540000,89.55,94.55,88.65,93.65,36825,,10700,weekly,2019-2-21T21:00:00.000,options,call
4,1550481600000,93.85,94.35,91.55,93.05,39675,,10700,weekly,2019-2-21T21:00:00.000,options,call
5,1550481660000,93.05,96.15,91.65,91.75,30600,,10700,weekly,2019-2-21T21:00:00.000,options,call
6,1550481720000,92.15,92.4,88.0,90.0,32850,,10700,weekly,2019-2-21T21:00:00.000,options,call
7,1550481780000,90.0,91.0,86.0,86.9,28650,,10700,weekly,2019-2-21T21:00:00.000,options,call
8,1550481840000,86.9,89.9,86.6,87.6,25575,,10700,weekly,2019-2-21T21:00:00.000,options,call
9,1550481900000,87.6,87.6,80.0,81.25,84150,,10700,weekly,2019-2-21T21:00:00.000,options,call
10,1550481960000,81.35,86.35,80.75,85.55,58875,,10700,weekly,2019-2-21T21:00:00.000,options,call
11,1550482020000,85.9,86.05,82.15,82.75,39975,,10700,weekly,2019-2-21T21:00:00.000,options,call
12,1550482080000,82.75,83.5,76.3,78.4,65175,,10700,weekly,2019-2-21T21:00:00.000,options,call
13,1550482140000,78.95,81.3,77.2,78.3,56325,,10700,weekly,2019-2-21T21:00:00.000,options,call
14,1550482200000,78.3,80.0,77.2,79.65,70725,,10700,weekly,2019-2-21T21:00:00.000,options,call
15,1550482260000,79.8,81.8,78.05,81.6,46875,,10700,weekly,2019-2-21T21:00:00.000,options,call
16,1550482320000,81.45,83.8,81.45,82.3,53250,,10700,weekly,2019-2-21T21:00:00.000,options,call
17,1550482380000,82.15,83.4,80.3,81.2,56325,,10700,weekly,2019-2-21T21:00:00.000,options,call
18,1550482440000,80.95,83.8,80.95,83.0,43500,,10700,weekly,2019-2-21T21:00:00.000,options,call
19,1550482500000,83.0,83.55,79.5,80.4,32550,,10700,weekly,2019-2-21T21:00:00.000,options,call
20,1550482560000,80.1,80.9,77.65,78.8,33600,,10700,weekly,2019-2-21T21:00:00.000,options,call
21,1550482620000,78.8,78.8,75.2,75.75,76650,,10700,weekly,2019-2-21T21:00:00.000,options,call
22,1550482680000,75.55,77.35,74.9,75.85,51150,,10700,weekly,2019-2-21T21:00:00.000,options,call
23,1550482740000,75.95,78.65,75.95,77.0,28950,,10700,weekly,2019-2-21T21:00:00.000,options,call
24,1550482800000,77.0,77.5,76.0,76.6,33150,,10700,weekly,2019-2-21T21:00:00.000,options,call
25,1550482860000,76.55,76.9,73.85,74.2,51750,,10700,weekly,2019-2-21T21:00:00.000,options,call
26,1550482920000,74.05,74.9,68.75,70.7,99075,,10700,weekly,2019-2-21T21:00:00.000,options,call
27,1550482980000,71.0,71.8,69.7,70.0,96675,,10700,weekly,2019-2-21T21:00:00.000,options,call
28,1550483040000,70.15,71.8,68.65,71.4,74925,,10700,weekly,2019-2-21T21:00:00.000,options,call
29,1550483100000,71.9,71.9,70.0,70.95,52800,,10700,weekly,2019-2-21T21:00:00.000,options,call
30,1550483160000,71.3,73.05,70.85,73.05,54300,,10700,weekly,2019-2-21T21:00:00.000,options,call
31,1550483220000,73.1,73.8,72.35,73.55,81525,,10700,weekly,2019-2-21T21:00:00.000,options,call
32,1550483280000,73.9,75.0,72.9,74.0,37575,,10700,weekly,2019-2-21T21:00:00.000,options,call
33,1550483340000,74.0,74.45,70.6,70.6,39600,,10700,weekly,2019-2-21T21:00:00.000,options,call
34,1550483400000,70.9,71.55,69.1,69.75,70350,,10700,weekly,2019-2-21T21:00:00.000,options,call
35,1550483460000,69.85,72.1,69.5,71.65,47475,,10700,weekly,2019-2-21T21:00:00.000,options,call
36,1550483520000,72.0,72.1,68.6,69.05,44775,,10700,weekly,2019-2-21T21:00:00.000,options,call
37,1550483580000,69.05,70.05,65.6,66.5,66825,,10700,weekly,2019-2-21T21:00:00.000,options,call
38,1550483640000,66.05,66.75,64.3,65.25,73200,,10700,weekly,2019-2-21T21:00:00.000,options,call
39,1550483700000,65.0,67.1,63.75,65.0,68625,,10700,weekly,2019-2-21T21:00:00.000,options,call
40,1550483760000,64.8,67.25,64.65,66.8,40875,,10700,weekly,2019-2-21T21:00:00.000,options,call
41,1550483820000,66.7,67.55,66.15,67.0,42600,,10700,weekly,2019-2-21T21:00:00.000,options,call
42,1550483880000,67.0,68.35,66.5,68.05,30525,,10700,weekly,2019-2-21T21:00:00.000,options,call
43,1550483940000,67.85,69.0,67.75,68.4,39525,,10700,weekly,2019-2-21T21:00:00.000,options,call
44,1550484000000,68.75,69.3,68.3,69.2,31875,,10700,weekly,2019-2-21T21:00:00.000,options,call
45,1550484060000,69.2,69.2,67.2,68.0,28575,,10700,weekly,2019-2-21T21:00:00.000,options,call
46,1550484120000,68.0,68.75,67.7,68.65,30300,,10700,weekly,2019-2-21T21:00:00.000,options,call
47,1550484180000,68.55,69.9,68.55,69.7,30675,,10700,weekly,2019-2-21T21:00:00.000,options,call
48,1550484240000,69.7,71.0,69.5,70.45,43950,,10700,weekly,2019-2-21T21:00:00.000,options,call
49,1550484300000,70.6,71.45,70.0,70.75,58800,,10700,weekly,2019-2-21T21:00:00.000,options,call
50,1550484360000,70.7,71.45,70.0,70.6,30375,,10700,weekly,2019-2-21T21:00:00.000,options,call
51,1550484420000,70.75,70.75,68.3,68.7,22800,,10700,weekly,2019-2-21T21:00:00.000,options,call
52,1550484480000,68.35,71.0,67.5,71.0,13725,,10700,weekly,2019-2-21T21:00:00.000,options,call
53,1550484540000,71.0,71.8,69.45,69.8,17850,,10700,weekly,2019-2-21T21:00:00.000,options,call
54,1550484600000,69.8,71.75,69.8,71.75,8475,,10700,weekly,2019-2-21T21:00:00.000,options,call
55,1550484660000,71.7,72.25,71.05,71.5,23025,,10700,weekly,2019-2-21T21:00:00.000,options,call
56,1550484720000,71.5,72.5,70.6,72.35,18750,,10700,weekly,2019-2-21T21:00:00.000,options,call
57,1550484780000,72.35,72.75,70.75,72.45,18675,,10700,weekly,2019-2-21T21:00:00.000,options,call
58,1550484840000,72.45,74.8,72.45,73.5,32625,,10700,weekly,2019-2-21T21:00:00.000,options,call
59,1550484900000,73.5,73.9,72.0,73.75,26100,,10700,weekly,2019-2-21T21:00:00.000,options,call
60,1550484960000,73.75,73.9,72.0,72.1,27075,,10700,weekly,2019-2-21T21:00:00.000,options,call
61,1550485020000,72.5,74.05,71.05,73.9,22875,,10700,weekly,2019-2-21T21:00:00.000,options,call
62,1550485080000,74.0,75.45,73.45,75.25,37725,,10700,weekly,2019-2-21T21:00:00.000,options,call
63,1550485140000,75.2,76.25,74.1,74.5,49125,,10700,weekly,2019-2-21T21:00:00.000,options,call
64,1550485200000,74.5,75.4,73.35,75.4,24075,,10700,weekly,2019-2-21T21:00:00.000,options,call
65,1550485260000,75.0,75.0,73.1,74.55,30675,,10700,weekly,2019-2-21T21:00:00.000,options,call
66,1550485320000,74.1,75.05,73.0,73.7,10575,,10700,weekly,2019-2-21T21:00:00.000,options,call
67,1550485380000,73.7,73.8,73.0,73.8,18600,,10700,weekly,2019-2-21T21:00:00.000,options,call
68,1550485440000,73.8,75.0,73.3,74.95,8025,,10700,weekly,2019-2-21T21:00:00.000,options,call
69,1550485500000,74.95,74.95,73.3,74.3,9675,,10700,weekly,2019-2-21T21:00:00.000,options,call
70,1550485560000,74.3,74.9,73.0,73.8,20025,,10700,weekly,2019-2-21T21:00:00.000,options,call
71,1550485620000,73.8,74.65,73.0,73.25,13050,,10700,weekly,2019-2-21T21:00:00.000,options,call
72,1550485680000,73.25,73.7,72.7,72.9,10725,,10700,weekly,2019-2-21T21:00:00.000,options,call
73,1550485740000,72.9,73.4,71.35,71.7,14625,,10700,weekly,2019-2-21T21:00:00.000,options,call
74,1550485800000,71.7,71.75,69.05,69.75,25800,,10700,weekly,2019-2-21T21:00:00.000,options,call
75,1550485860000,69.85,71.0,69.3,70.75,18975,,10700,weekly,2019-2-21T21:00:00.000,options,call
76,1550485920000,70.55,70.8,68.7,70.0,29175,,10700,weekly,2019-2-21T21:00:00.000,options,call
77,1550485980000,69.9,70.15,69.05,69.9,13125,,10700,weekly,2019-2-21T21:00:00.000,options,call
78,1550486040000,69.9,70.65,69.15,70.25,16950,,10700,weekly,2019-2-21T21:00:00.000,options,call
79,1550486100000,70.25,71.5,70.25,70.8,14475,,10700,weekly,2019-2-21T21:00:00.000,options,call
80,1550486160000,70.8,72.0,70.35,72.0,8625,,10700,weekly,2019-2-21T21:00:00.000,options,call
81,1550486220000,72.0,73.5,71.9,72.85,23100,,10700,weekly,2019-2-21T21:00:00.000,options,call
82,1550486280000,72.85,72.85,70.6,71.35,12600,,10700,weekly,2019-2-21T21:00:00.000,options,call
83,1550486340000,71.35,73.95,71.15,73.0,14175,,10700,weekly,2019-2-21T21:00:00.000,options,call
84,1550486400000,73.0,73.25,71.35,72.2,11400,,10700,weekly,2019-2-21T21:00:00.000,options,call
85,1550486460000,72.2,72.65,70.1,70.6,9750,,10700,weekly,2019-2-21T21:00:00.000,options,call
86,1550486520000,70.6,70.9,69.0,69.55,24525,,10700,weekly,2019-2-21T21:00:00.000,options,call
87,1550486580000,69.2,69.7,68.35,69.05,21750,,10700,weekly,2019-2-21T21:00:00.000,options,call
88,1550486640000,69.05,69.4,68.4,68.85,14025,,10700,weekly,2019-2-21T21:00:00.000,options,call
89,1550486700000,68.85,69.5,68.1,69.5,18150,,10700,weekly,2019-2-21T21:00:00.000,options,call
90,1550486760000,69.5,70.5,69.35,70.0,15075,,10700,weekly,2019-2-21T21:00:00.000,options,call
91,1550486820000,70.0,70.05,68.0,68.45,23175,,10700,weekly,2019-2-21T21:00:00.000,options,call
92,1550486880000,68.05,68.55,67.75,68.5,16350,,10700,weekly,2019-2-21T21:00:00.000,options,call
93,1550486940000,68.3,69.8,67.75,68.65,15900,,10700,weekly,2019-2-21T21:00:00.000,options,call
94,1550487000000,68.4,69.5,68.05,69.5,18075,,10700,weekly,2019-2-21T21:00:00.000,options,call
95,1550487060000,69.5,69.55,67.8,68.0,15975,,10700,weekly,2019-2-21T21:00:00.000,options,call
96,1550487120000,68.0,68.0,66.5,66.9,35625,,10700,weekly,2019-2-21T21:00:00.000,options,call
97,1550487180000,66.9,67.5,66.5,67.25,14475,,10700,weekly,2019-2-21T21:00:00.000,options,call
98,1550487240000,67.25,67.95,67.0,67.05,21150,,10700,weekly,2019-2-21T21:00:00.000,options,call
99,1550487300000,67.0,67.3,65.1,65.7,61950,,10700,weekly,2019-2-21T21:00:00.000,options,call
100,1550487360000,65.7,65.75,64.1,65.25,45000,,10700,weekly,2019-2-21T21:00:00.000,options,call
101,1550487420000,65.1,65.75,64.4,65.5,34575,,10700,weekly,2019-2-21T21:00:00.000,options,call
102,1550487480000,65.55,65.8,64.1,65.1,21975,,10700,weekly,2019-2-21T21:00:00.000,options,call
103,1550487540000,65.15,71.6,65.1,69.6,83925,,10700,weekly,2019-2-21T21:00:00.000,options,call
104,1550487600000,69.5,70.55,68.1,69.5,43425,,10700,weekly,2019-2-21T21:00:00.000,options,call
105,1550487660000,69.5,69.5,66.2,66.45,22350,,10700,weekly,2019-2-21T21:00:00.000,options,call
106,1550487720000,66.25,68.0,66.15,67.9,13350,,10700,weekly,2019-2-21T21:00:00.000,options,call
107,1550487780000,68.0,68.9,67.15,68.4,19875,,10700,weekly,2019-2-21T21:00:00.000,options,call
108,1550487840000,68.4,68.4,66.3,67.1,7275,,10700,weekly,2019-2-21T21:00:00.000,options,call
109,1550487900000,67.1,67.1,64.9,65.0,21300,,10700,weekly,2019-2-21T21:00:00.000,options,call
110,1550487960000,65.2,65.2,63.3,64.4,42900,,10700,weekly,2019-2-21T21:00:00.000,options,call
111,1550488020000,64.4,64.6,63.15,63.6,36975,,10700,weekly,2019-2-21T21:00:00.000,options,call
112,1550488080000,63.6,64.0,60.75,61.5,90375,,10700,weekly,2019-2-21T21:00:00.000,options,call
113,1550488140000,61.55,62.25,59.95,59.95,105975,,10700,weekly,2019-2-21T21:00:00.000,options,call
114,1550488200000,59.65,61.7,59.55,61.55,64800,,10700,weekly,2019-2-21T21:00:00.000,options,call
115,1550488260000,61.55,62.9,61.5,62.0,45075,,10700,weekly,2019-2-21T21:00:00.000,options,call
116,1550488320000,62.15,62.15,58.3,59.05,68700,,10700,weekly,2019-2-21T21:00:00.000,options,call
117,1550488380000,59.25,61.95,59.1,61.6,42300,,10700,weekly,2019-2-21T21:00:00.000,options,call
118,1550488440000,61.6,62.9,61.5,62.8,39000,,10700,weekly,2019-2-21T21:00:00.000,options,call
119,1550488500000,62.8,62.9,61.0,61.1,34500,,10700,weekly,2019-2-21T21:00:00.000,options,call
120,1550488560000,61.1,62.5,61.1,62.45,27525,,10700,weekly,2019-2-21T21:00:00.000,options,call
121,1550488620000,62.3,62.7,60.5,61.25,45225,,10700,weekly,2019-2-21T21:00:00.000,options,call
122,1550488680000,61.45,61.55,60.8,61.0,12375,,10700,weekly,2019-2-21T21:00:00.000,options,call
123,1550488740000,60.8,61.0,60.55,60.7,15825,,10700,weekly,2019-2-21T21:00:00.000,options,call
124,1550488800000,60.7,62.45,60.7,62.0,32550,,10700,weekly,2019-2-21T21:00:00.000,options,call
125,1550488860000,61.55,62.0,61.0,61.0,27750,,10700,weekly,2019-2-21T21:00:00.000,options,call
126,1550488920000,60.9,61.0,59.45,60.0,26700,,10700,weekly,2019-2-21T21:00:00.000,options,call
127,1550488980000,60.0,60.0,59.55,60.0,13200,,10700,weekly,2019-2-21T21:00:00.000,options,call
128,1550489040000,59.65,60.0,59.6,59.6,18225,,10700,weekly,2019-2-21T21:00:00.000,options,call
129,1550489100000,59.6,60.25,59.25,60.25,19500,,10700,weekly,2019-2-21T21:00:00.000,options,call
130,1550489160000,60.3,60.3,59.0,59.5,13950,,10700,weekly,2019-2-21T21:00:00.000,options,call
131,1550489220000,59.2,59.8,58.9,59.45,23100,,10700,weekly,2019-2-21T21:00:00.000,options,call
132,1550489280000,59.45,59.55,58.65,59.05,19650,,10700,weekly,2019-2-21T21:00:00.000,options,call
133,1550489340000,59.05,59.55,58.0,59.2,28500,,10700,weekly,2019-2-21T21:00:00.000,options,call
134,1550489400000,59.2,59.85,58.65,58.85,23250,,10700,weekly,2019-2-21T21:00:00.000,options,call
135,1550489460000,58.85,60.3,58.65,60.2,22350,,10700,weekly,2019-2-21T21:00:00.000,options,call
136,1550489520000,60.2,61.35,59.75,61.35,34050,,10700,weekly,2019-2-21T21:00:00.000,options,call
137,1550489580000,61.05,61.05,60.0,60.45,20100,,10700,weekly,2019-2-21T21:00:00.000,options,call
138,1550489640000,60.45,61.0,59.5,61.0,20250,,10700,weekly,2019-2-21T21:00:00.000,options,call
139,1550489700000,61.0,61.75,60.6,61.2,38700,,10700,weekly,2019-2-21T21:00:00.000,options,call
140,1550489760000,61.2,62.25,61.0,61.6,44475,,10700,weekly,2019-2-21T21:00:00.000,options,call
141,1550489820000,61.9,61.9,60.7,60.8,26625,,10700,weekly,2019-2-21T21:00:00.000,options,call
142,1550489880000,60.8,60.8,59.6,60.4,28500,,10700,weekly,2019-2-21T21:00:00.000,options,call
143,1550489940000,60.65,61.45,60.2,60.5,16575,,10700,weekly,2019-2-21T21:00:00.000,options,call
144,1550490000000,60.5,60.85,59.55,60.55,22050,,10700,weekly,2019-2-21T21:00:00.000,options,call
145,1550490060000,60.55,61.0,60.1,60.85,4275,,10700,weekly,2019-2-21T21:00:00.000,options,call
146,1550490120000,60.85,61.0,60.1,60.1,8250,,10700,weekly,2019-2-21T21:00:00.000,options,call
147,1550490180000,60.1,60.4,59.35,59.7,15600,,10700,weekly,2019-2-21T21:00:00.000,options,call
148,1550490240000,59.7,60.0,59.0,59.9,24900,,10700,weekly,2019-2-21T21:00:00.000,options,call
149,1550490300000,60.0,60.65,59.65,59.7,16950,,10700,weekly,2019-2-21T21:00:00.000,options,call
150,1550490360000,59.6,60.7,59.5,60.55,9375,,10700,weekly,2019-2-21T21:00:00.000,options,call
151,1550490420000,60.55,61.65,60.55,61.65,19500,,10700,weekly,2019-2-21T21:00:00.000,options,call
152,1550490480000,61.9,62.9,61.05,62.9,26400,,10700,weekly,2019-2-21T21:00:00.000,options,call
153,1550490540000,62.9,63.55,62.2,63.1,37350,,10700,weekly,2019-2-21T21:00:00.000,options,call
154,1550490600000,63.1,63.95,63.05,63.65,26850,,10700,weekly,2019-2-21T21:00:00.000,options,call
155,1550490660000,63.85,64.0,62.65,63.4,19650,,10700,weekly,2019-2-21T21:00:00.000,options,call
156,1550490720000,63.45,63.45,62.55,63.0,12600,,10700,weekly,2019-2-21T21:00:00.000,options,call
157,1550490780000,63.0,63.85,62.6,63.65,35250,,10700,weekly,2019-2-21T21:00:00.000,options,call
158,1550490840000,63.55,63.75,60.5,61.0,42075,,10700,weekly,2019-2-21T21:00:00.000,options,call
159,1550490900000,61.0,61.9,60.75,61.5,19125,,10700,weekly,2019-2-21T21:00:00.000,options,call
160,1550490960000,61.6,61.9,61.0,61.0,19275,,10700,weekly,2019-2-21T21:00:00.000,options,call
161,1550491020000,61.0,62.0,61.0,61.7,8550,,10700,weekly,2019-2-21T21:00:00.000,options,call
162,1550491080000,61.7,62.25,61.5,62.25,14100,,10700,weekly,2019-2-21T21:00:00.000,options,call
163,1550491140000,62.35,63.85,62.35,63.45,29325,,10700,weekly,2019-2-21T21:00:00.000,options,call
164,1550491200000,63.45,63.85,62.3,62.95,14100,,10700,weekly,2019-2-21T21:00:00.000,options,call
165,1550491260000,62.95,64.0,62.8,63.7,20400,,10700,weekly,2019-2-21T21:00:00.000,options,call
166,1550491320000,63.7,64.0,62.85,63.25,14100,,10700,weekly,2019-2-21T21:00:00.000,options,call
167,1550491380000,63.25,63.25,61.6,62.15,14775,,10700,weekly,2019-2-21T21:00:00.000,options,call
168,1550491440000,62.15,62.3,59.55,60.6,36000,,10700,weekly,2019-2-21T21:00:00.000,options,call
169,1550491500000,60.6,61.05,59.5,60.9,29550,,10700,weekly,2019-2-21T21:00:00.000,options,call
170,1550491560000,60.8,60.8,59.6,60.6,16950,,10700,weekly,2019-2-21T21:00:00.000,options,call
171,1550491620000,60.6,61.1,60.3,60.5,11400,,10700,weekly,2019-2-21T21:00:00.000,options,call
172,1550491680000,60.4,60.95,60.2,60.6,12000,,10700,weekly,2019-2-21T21:00:00.000,options,call
173,1550491740000,60.55,60.95,60.35,60.65,10125,,10700,weekly,2019-2-21T21:00:00.000,options,call
174,1550491800000,60.65,60.65,59.8,60.3,16425,,10700,weekly,2019-2-21T21:00:00.000,options,call
175,1550491860000,60.55,61.0,60.0,60.85,19425,,10700,weekly,2019-2-21T21:00:00.000,options,call
176,1550491920000,60.85,61.0,60.0,60.9,19200,,10700,weekly,2019-2-21T21:00:00.000,options,call
177,1550491980000,60.95,62.5,60.75,61.95,35175,,10700,weekly,2019-2-21T21:00:00.000,options,call
178,1550492040000,61.95,61.95,61.0,61.0,5250,,10700,weekly,2019-2-21T21:00:00.000,options,call
179,1550492100000,61.0,61.85,60.65,61.85,10425,,10700,weekly,2019-2-21T21:00:00.000,options,call
180,1550492160000,61.85,62.5,61.2,62.3,10275,,10700,weekly,2019-2-21T21:00:00.000,options,call
181,1550492220000,62.3,62.6,61.35,62.0,8100,,10700,weekly,2019-2-21T21:00:00.000,options,call
182,1550492280000,62.0,62.25,60.1,60.75,12300,,10700,weekly,2019-2-21T21:00:00.000,options,call
183,1550492340000,61.15,61.3,60.25,60.25,15900,,10700,weekly,2019-2-21T21:00:00.000,options,call
184,1550492400000,60.65,62.15,60.5,61.7,10950,,10700,weekly,2019-2-21T21:00:00.000,options,call
185,1550492460000,61.7,62.5,61.0,62.2,11400,,10700,weekly,2019-2-21T21:00:00.000,options,call
186,1550492520000,62.2,62.45,61.0,62.05,12075,,10700,weekly,2019-2-21T21:00:00.000,options,call
187,1550492580000,62.05,62.4,61.5,61.95,9525,,10700,weekly,2019-2-21T21:00:00.000,options,call
188,1550492640000,62.0,62.9,62.0,62.25,14925,,10700,weekly,2019-2-21T21:00:00.000,options,call
189,1550492700000,62.25,63.7,62.25,63.5,20475,,10700,weekly,2019-2-21T21:00:00.000,options,call
190,1550492760000,63.75,64.2,62.05,63.4,21150,,10700,weekly,2019-2-21T21:00:00.000,options,call
191,1550492820000,63.4,65.0,63.3,64.75,29775,,10700,weekly,2019-2-21T21:00:00.000,options,call
192,1550492880000,64.75,65.0,63.75,64.45,36000,,10700,weekly,2019-2-21T21:00:00.000,options,call
193,1550492940000,64.45,64.95,64.15,64.5,22950,,10700,weekly,2019-2-21T21:00:00.000,options,call
194,1550493000000,64.5,64.8,62.0,62.2,40575,,10700,weekly,2019-2-21T21:00:00.000,options,call
195,1550493060000,62.15,64.3,61.5,64.2,18825,,10700,weekly,2019-2-21T21:00:00.000,options,call
196,1550493120000,64.25,64.9,64.0,64.7,28275,,10700,weekly,2019-2-21T21:00:00.000,options,call
197,1550493180000,64.9,66.9,64.9,65.7,69150,,10700,weekly,2019-2-21T21:00:00.000,options,call
198,1550493240000,65.85,66.5,65.5,65.95,39825,,10700,weekly,2019-2-21T21:00:00.000,options,call
199,1550493300000,65.85,67.95,65.85,66.85,66075,,10700,weekly,2019-2-21T21:00:00.000,options,call
200,1550493360000,66.5,66.85,65.5,65.8,30675,,10700,weekly,2019-2-21T21:00:00.000,options,call
201,1550493420000,65.8,66.6,65.1,66.45,23475,,10700,weekly,2019-2-21T21:00:00.000,options,call
202,1550493480000,66.45,66.45,65.1,65.2,19575,,10700,weekly,2019-2-21T21:00:00.000,options,call
203,1550493540000,65.2,65.5,64.55,64.6,23400,,10700,weekly,2019-2-21T21:00:00.000,options,call
204,1550493600000,64.6,65.0,63.75,63.95,36000,,10700,weekly,2019-2-21T21:00:00.000,options,call
205,1550493660000,64.0,64.5,63.75,64.25,13275,,10700,weekly,2019-2-21T21:00:00.000,options,call
206,1550493720000,64.25,64.45,63.6,64.0,20850,,10700,weekly,2019-2-21T21:00:00.000,options,call
207,1550493780000,63.95,64.0,62.5,62.75,28500,,10700,weekly,2019-2-21T21:00:00.000,options,call
208,1550493840000,63.05,64.25,63.05,64.25,26400,,10700,weekly,2019-2-21T21:00:00.000,options,call
209,1550493900000,64.15,69.0,64.15,68.55,49725,,10700,weekly,2019-2-21T21:00:00.000,options,call
210,1550493960000,67.95,69.55,67.25,69.4,72750,,10700,weekly,2019-2-21T21:00:00.000,options,call
211,1550494020000,69.25,70.45,68.05,70.45,62700,,10700,weekly,2019-2-21T21:00:00.000,options,call
212,1550494080000,70.1,70.5,68.4,68.55,92475,,10700,weekly,2019-2-21T21:00:00.000,options,call
213,1550494140000,68.85,69.15,65.7,67.25,57900,,10700,weekly,2019-2-21T21:00:00.000,options,call
214,1550494200000,67.25,67.5,66.25,66.9,33450,,10700,weekly,2019-2-21T21:00:00.000,options,call
215,1550494260000,66.9,67.3,66.0,66.0,20025,,10700,weekly,2019-2-21T21:00:00.000,options,call
216,1550494320000,65.85,65.85,64.2,64.85,54900,,10700,weekly,2019-2-21T21:00:00.000,options,call
217,1550494380000,64.9,65.9,64.8,65.6,14325,,10700,weekly,2019-2-21T21:00:00.000,options,call
218,1550494440000,65.6,67.85,65.45,67.85,17175,,10700,weekly,2019-2-21T21:00:00.000,options,call
219,1550494500000,67.95,71.0,67.6,68.9,85800,,10700,weekly,2019-2-21T21:00:00.000,options,call
220,1550494560000,69.0,70.5,67.85,67.95,45525,,10700,weekly,2019-2-21T21:00:00.000,options,call
221,1550494620000,68.0,70.05,67.1,67.45,32850,,10700,weekly,2019-2-21T21:00:00.000,options,call
222,1550494680000,67.65,67.65,65.75,65.75,29700,,10700,weekly,2019-2-21T21:00:00.000,options,call
223,1550494740000,65.75,66.65,65.3,66.5,31050,,10700,weekly,2019-2-21T21:00:00.000,options,call
224,1550494800000,66.5,68.75,66.5,68.45,29475,,10700,weekly,2019-2-21T21:00:00.000,options,call
225,1550494860000,68.4,69.3,67.95,69.3,23550,,10700,weekly,2019-2-21T21:00:00.000,options,call
226,1550494920000,68.9,69.5,67.5,67.7,19125,,10700,weekly,2019-2-21T21:00:00.000,options,call
227,1550494980000,67.3,69.35,66.85,68.75,16500,,10700,weekly,2019-2-21T21:00:00.000,options,call
228,1550495040000,68.75,69.5,67.85,67.85,17250,,10700,weekly,2019-2-21T21:00:00.000,options,call
229,1550495100000,67.8,67.8,66.45,67.75,12675,,10700,weekly,2019-2-21T21:00:00.000,options,call
230,1550495160000,67.75,67.85,65.15,65.7,17400,,10700,weekly,2019-2-21T21:00:00.000,options,call
231,1550495220000,65.8,66.65,65.15,66.4,24000,,10700,weekly,2019-2-21T21:00:00.000,options,call
232,1550495280000,66.7,67.0,65.45,67.0,9375,,10700,weekly,2019-2-21T21:00:00.000,options,call
233,1550495340000,67.0,67.8,66.1,67.05,8175,,10700,weekly,2019-2-21T21:00:00.000,options,call
234,1550495400000,67.05,67.05,66.0,66.55,5175,,10700,weekly,2019-2-21T21:00:00.000,options,call
235,1550495460000,66.6,66.6,64.35,65.4,47025,,10700,weekly,2019-2-21T21:00:00.000,options,call
236,1550495520000,65.4,66.6,64.6,65.45,13200,,10700,weekly,2019-2-21T21:00:00.000,options,call
237,1550495580000,65.3,66.35,64.95,66.35,9375,,10700,weekly,2019-2-21T21:00:00.000,options,call
238,1550495640000,66.15,66.2,64.35,64.75,35475,,10700,weekly,2019-2-21T21:00:00.000,options,call
239,1550495700000,64.45,64.5,62.1,62.45,38175,,10700,weekly,2019-2-21T21:00:00.000,options,call
240,1550495760000,62.25,62.25,60.65,61.7,63300,,10700,weekly,2019-2-21T21:00:00.000,options,call
241,1550495820000,61.7,62.0,58.95,61.55,70050,,10700,weekly,2019-2-21T21:00:00.000,options,call
242,1550495880000,61.6,62.7,61.0,61.45,29325,,10700,weekly,2019-2-21T21:00:00.000,options,call
243,1550495940000,61.45,61.55,60.5,61.4,14325,,10700,weekly,2019-2-21T21:00:00.000,options,call
244,1550496000000,61.4,61.7,60.3,61.1,23700,,10700,weekly,2019-2-21T21:00:00.000,options,call
245,1550496060000,60.85,63.5,60.55,62.2,21075,,10700,weekly,2019-2-21T21:00:00.000,options,call
246,1550496120000,62.45,64.15,62.4,62.75,16350,,10700,weekly,2019-2-21T21:00:00.000,options,call
247,1550496180000,62.4,63.6,60.0,62.85,37500,,10700,weekly,2019-2-21T21:00:00.000,options,call
248,1550496240000,62.85,63.5,61.75,63.5,17250,,10700,weekly,2019-2-21T21:00:00.000,options,call
249,1550496300000,63.5,64.4,62.7,64.4,17475,,10700,weekly,2019-2-21T21:00:00.000,options,call
250,1550496360000,64.1,64.3,62.35,63.55,18075,,10700,weekly,2019-2-21T21:00:00.000,options,call
251,1550496420000,63.55,66.7,63.0,66.25,45750,,10700,weekly,2019-2-21T21:00:00.000,options,call
252,1550496480000,65.9,66.1,63.65,64.25,34050,,10700,weekly,2019-2-21T21:00:00.000,options,call
253,1550496540000,64.25,65.25,63.3,64.0,16650,,10700,weekly,2019-2-21T21:00:00.000,options,call
254,1550496600000,64.0,64.5,63.25,64.0,18150,,10700,weekly,2019-2-21T21:00:00.000,options,call
255,1550496660000,63.6,63.9,63.0,63.0,20250,,10700,weekly,2019-2-21T21:00:00.000,options,call
256,1550496720000,63.0,63.0,62.0,62.35,20625,,10700,weekly,2019-2-21T21:00:00.000,options,call
257,1550496780000,62.35,63.5,62.05,62.05,9750,,10700,weekly,2019-2-21T21:00:00.000,options,call
258,1550496840000,62.05,62.5,61.4,62.45,12975,,10700,weekly,2019-2-21T21:00:00.000,options,call
259,1550496900000,62.45,63.8,62.35,63.5,11475,,10700,weekly,2019-2-21T21:00:00.000,options,call
260,1550496960000,63.8,64.95,63.5,64.0,21525,,10700,weekly,2019-2-21T21:00:00.000,options,call
261,1550497020000,64.0,64.85,63.5,64.3,21300,,10700,weekly,2019-2-21T21:00:00.000,options,call
262,1550497080000,64.2,65.15,64.05,64.8,31425,,10700,weekly,2019-2-21T21:00:00.000,options,call
263,1550497140000,64.8,65.85,64.2,65.45,15750,,10700,weekly,2019-2-21T21:00:00.000,options,call
264,1550497200000,65.45,65.45,63.6,64.6,15525,,10700,weekly,2019-2-21T21:00:00.000,options,call
265,1550497260000,64.25,64.5,63.15,63.5,23325,,10700,weekly,2019-2-21T21:00:00.000,options,call
266,1550497320000,63.6,64.6,63.0,63.4,14100,,10700,weekly,2019-2-21T21:00:00.000,options,call
267,1550497380000,63.4,65.45,63.1,63.5,14775,,10700,weekly,2019-2-21T21:00:00.000,options,call
268,1550497440000,63.35,64.55,63.35,64.3,7950,,10700,weekly,2019-2-21T21:00:00.000,options,call
269,1550497500000,64.3,64.35,63.5,63.5,19725,,10700,weekly,2019-2-21T21:00:00.000,options,call
270,1550497560000,63.45,64.8,63.45,63.7,16350,,10700,weekly,2019-2-21T21:00:00.000,options,call
271,1550497620000,63.45,65.2,63.45,64.0,27600,,10700,weekly,2019-2-21T21:00:00.000,options,call
272,1550497680000,64.0,64.4,63.65,63.7,10125,,10700,weekly,2019-2-21T21:00:00.000,options,call
273,1550497740000,63.7,64.2,63.5,63.7,8775,,10700,weekly,2019-2-21T21:00:00.000,options,call
274,1550497800000,63.7,64.5,63.4,63.6,15975,,10700,weekly,2019-2-21T21:00:00.000,options,call
275,1550497860000,63.6,63.75,59.9,60.0,51300,,10700,weekly,2019-2-21T21:00:00.000,options,call
276,1550497920000,60.25,61.2,59.05,59.05,38400,,10700,weekly,2019-2-21T21:00:00.000,options,call
277,1550497980000,59.05,59.35,55.65,56.0,166350,,10700,weekly,2019-2-21T21:00:00.000,options,call
278,1550498040000,56.1,56.5,53.25,55.0,151800,,10700,weekly,2019-2-21T21:00:00.000,options,call
279,1550498100000,55.0,56.0,54.5,54.5,79125,,10700,weekly,2019-2-21T21:00:00.000,options,call
280,1550498160000,54.5,55.25,52.6,54.8,72000,,10700,weekly,2019-2-21T21:00:00.000,options,call
281,1550498220000,55.0,56.85,54.95,55.8,54375,,10700,weekly,2019-2-21T21:00:00.000,options,call
282,1550498280000,55.7,56.05,54.6,54.6,53850,,10700,weekly,2019-2-21T21:00:00.000,options,call
283,1550498340000,54.6,56.35,54.6,56.25,30600,,10700,weekly,2019-2-21T21:00:00.000,options,call
284,1550498400000,56.3,57.6,55.9,57.15,34950,,10700,weekly,2019-2-21T21:00:00.000,options,call
285,1550498460000,57.2,57.4,55.65,56.0,33750,,10700,weekly,2019-2-21T21:00:00.000,options,call
286,1550498520000,55.8,56.05,51.95,51.95,57000,,10700,weekly,2019-2-21T21:00:00.000,options,call
287,1550498580000,51.4,52.1,49.05,51.75,172500,,10700,weekly,2019-2-21T21:00:00.000,options,call
288,1550498640000,51.9,53.9,51.5,53.0,74550,,10700,weekly,2019-2-21T21:00:00.000,options,call
289,1550498700000,52.9,53.0,51.8,52.25,53625,,10700,weekly,2019-2-21T21:00:00.000,options,call
290,1550498760000,52.45,53.5,52.2,53.05,29925,,10700,weekly,2019-2-21T21:00:00.000,options,call
291,1550498820000,53.3,53.7,52.7,53.5,34575,,10700,weekly,2019-2-21T21:00:00.000,options,call
292,1550498880000,53.7,54.0,52.75,53.85,34575,,10700,weekly,2019-2-21T21:00:00.000,options,call
293,1550498940000,54.0,54.6,53.3,54.0,28500,,10700,weekly,2019-2-21T21:00:00.000,options,call
294,1550499000000,54.05,55.0,53.5,54.7,16050,,10700,weekly,2019-2-21T21:00:00.000,options,call
295,1550499060000,54.5,56.0,53.95,55.9,39900,,10700,weekly,2019-2-21T21:00:00.000,options,call
296,1550499120000,55.95,57.25,55.75,56.8,62775,,10700,weekly,2019-2-21T21:00:00.000,options,call
297,1550499180000,56.75,57.0,55.15,55.15,39750,,10700,weekly,2019-2-21T21:00:00.000,options,call
298,1550499240000,55.15,56.6,55.1,56.4,21225,,10700,weekly,2019-2-21T21:00:00.000,options,call
299,1550499300000,56.4,58.95,56.2,57.5,56175,,10700,weekly,2019-2-21T21:00:00.000,options,call
300,1550499360000,57.5,57.55,56.0,56.25,24900,,10700,weekly,2019-2-21T21:00:00.000,options,call
301,1550499420000,56.25,56.5,55.4,56.0,23250,,10700,weekly,2019-2-21T21:00:00.000,options,call
302,1550499480000,56.0,57.05,55.9,56.65,33450,,10700,weekly,2019-2-21T21:00:00.000,options,call
303,1550499540000,56.65,60.3,56.25,59.65,83400,,10700,weekly,2019-2-21T21:00:00.000,options,call
304,1550499600000,59.95,61.75,59.1,59.55,79800,,10700,weekly,2019-2-21T21:00:00.000,options,call
305,1550499660000,59.65,61.95,59.3,61.4,90075,,10700,weekly,2019-2-21T21:00:00.000,options,call
306,1550499720000,61.05,61.75,59.35,59.35,58800,,10700,weekly,2019-2-21T21:00:00.000,options,call
307,1550499780000,59.25,59.45,58.1,59.25,32400,,10700,weekly,2019-2-21T21:00:00.000,options,call
308,1550499840000,59.25,59.45,57.0,57.25,36300,,10700,weekly,2019-2-21T21:00:00.000,options,call
309,1550499900000,57.25,59.0,56.8,58.15,23550,,10700,weekly,2019-2-21T21:00:00.000,options,call
310,1550499960000,58.15,58.15,56.7,57.55,26250,,10700,weekly,2019-2-21T21:00:00.000,options,call
311,1550500020000,57.55,58.6,57.4,58.0,16500,,10700,weekly,2019-2-21T21:00:00.000,options,call
312,1550500080000,58.0,59.8,58.0,59.45,11400,,10700,weekly,2019-2-21T21:00:00.000,options,call
313,1550500140000,59.45,59.7,57.7,57.9,22725,,10700,weekly,2019-2-21T21:00:00.000,options,call
314,1550500200000,57.9,59.7,57.9,59.4,17025,,10700,weekly,2019-2-21T21:00:00.000,options,call
315,1550500260000,59.05,59.9,58.5,58.55,12750,,10700,weekly,2019-2-21T21:00:00.000,options,call
316,1550500320000,58.55,59.8,57.1,59.8,32175,,10700,weekly,2019-2-21T21:00:00.000,options,call
317,1550500380000,59.9,61.0,59.7,60.9,57075,,10700,weekly,2019-2-21T21:00:00.000,options,call
318,1550500440000,60.75,61.5,58.6,58.75,35100,,10700,weekly,2019-2-21T21:00:00.000,options,call
319,1550500500000,58.5,58.75,51.3,52.75,143025,,10700,weekly,2019-2-21T21:00:00.000,options,call
320,1550500560000,52.55,53.0,51.3,51.65,136575,,10700,weekly,2019-2-21T21:00:00.000,options,call
321,1550500620000,50.9,51.55,48.25,48.25,160575,,10700,weekly,2019-2-21T21:00:00.000,options,call
322,1550500680000,48.5,51.4,48.5,50.75,74400,,10700,weekly,2019-2-21T21:00:00.000,options,call
323,1550500740000,50.6,52.5,50.6,51.85,37425,,10700,weekly,2019-2-21T21:00:00.000,options,call
324,1550500800000,51.9,52.45,51.5,52.45,29925,,10700,weekly,2019-2-21T21:00:00.000,options,call
325,1550500860000,52.3,52.75,50.0,52.2,56175,,10700,weekly,2019-2-21T21:00:00.000,options,call
326,1550500920000,52.2,52.4,51.45,51.65,22500,,10700,weekly,2019-2-21T21:00:00.000,options,call
327,1550500980000,51.5,52.5,50.5,51.6,35850,,10700,weekly,2019-2-21T21:00:00.000,options,call
328,1550501040000,51.6,52.8,51.6,52.15,40200,,10700,weekly,2019-2-21T21:00:00.000,options,call
329,1550501100000,52.15,53.4,51.15,53.25,48000,,10700,weekly,2019-2-21T21:00:00.000,options,call
330,1550501160000,53.4,54.8,53.1,54.0,84000,,10700,weekly,2019-2-21T21:00:00.000,options,call
331,1550501220000,54.0,54.15,51.2,51.2,40125,,10700,weekly,2019-2-21T21:00:00.000,options,call
332,1550501280000,51.45,52.55,50.75,52.55,32175,,10700,weekly,2019-2-21T21:00:00.000,options,call
333,1550501340000,52.55,52.8,49.7,51.5,66000,,10700,weekly,2019-2-21T21:00:00.000,options,call
334,1550501400000,51.65,51.8,50.05,51.1,32400,,10700,weekly,2019-2-21T21:00:00.000,options,call
335,1550501460000,51.2,51.4,49.45,50.5,36750,,10700,weekly,2019-2-21T21:00:00.000,options,call
336,1550501520000,50.5,51.25,50.45,50.45,24525,,10700,weekly,2019-2-21T21:00:00.000,options,call
337,1550501580000,50.45,50.85,48.15,49.65,107850,,10700,weekly,2019-2-21T21:00:00.000,options,call
338,1550501640000,49.55,50.4,48.9,48.9,64800,,10700,weekly,2019-2-21T21:00:00.000,options,call
339,1550501700000,48.9,50.8,48.65,50.8,60075,,10700,weekly,2019-2-21T21:00:00.000,options,call
340,1550501760000,50.65,52.0,50.65,51.55,53250,,10700,weekly,2019-2-21T21:00:00.000,options,call
341,1550501820000,51.7,51.9,50.7,51.35,29925,,10700,weekly,2019-2-21T21:00:00.000,options,call
342,1550501880000,51.35,52.15,51.0,51.7,29925,,10700,weekly,2019-2-21T21:00:00.000,options,call
343,1550501940000,51.7,52.0,50.6,51.3,20625,,10700,weekly,2019-2-21T21:00:00.000,options,call
344,1550502000000,51.25,51.6,50.4,50.85,44475,,10700,weekly,2019-2-21T21:00:00.000,options,call
345,1550502060000,51.0,52.75,51.0,52.75,41400,,10700,weekly,2019-2-21T21:00:00.000,options,call
346,1550502120000,52.65,53.25,52.0,52.0,64575,,10700,weekly,2019-2-21T21:00:00.000,options,call
347,1550502180000,52.0,53.35,52.0,52.5,50925,,10700,weekly,2019-2-21T21:00:00.000,options,call
348,1550502240000,52.5,53.75,52.5,53.4,32100,,10700,weekly,2019-2-21T21:00:00.000,options,call
349,1550502300000,53.4,54.0,53.35,54.0,48525,,10700,weekly,2019-2-21T21:00:00.000,options,call
350,1550502360000,54.0,54.75,52.5,52.85,71250,,10700,weekly,2019-2-21T21:00:00.000,options,call
351,1550502420000,52.65,53.3,51.45,52.0,49950,,10700,weekly,2019-2-21T21:00:00.000,options,call
352,1550502480000,51.8,52.6,50.85,50.85,71925,,10700,weekly,2019-2-21T21:00:00.000,options,call
353,1550502540000,50.85,52.7,50.8,52.3,55425,,10700,weekly,2019-2-21T21:00:00.000,options,call
354,1550502600000,52.3,52.55,50.65,50.85,64200,,10700,weekly,2019-2-21T21:00:00.000,options,call
355,1550502660000,51.1,51.35,49.55,50.4,133875,,10700,weekly,2019-2-21T21:00:00.000,options,call
356,1550502720000,50.5,52.65,50.5,52.0,75975,,10700,weekly,2019-2-21T21:00:00.000,options,call
357,1550502780000,52.2,52.5,49.6,51.15,80475,,10700,weekly,2019-2-21T21:00:00.000,options,call
358,1550502840000,50.9,53.5,50.9,51.45,183825,,10700,weekly,2019-2-21T21:00:00.000,options,call
359,1550502900000,51.5,52.7,51.4,52.3,39525,,10700,weekly,2019-2-21T21:00:00.000,options,call
360,1550502960000,52.15,52.5,50.0,50.95,100650,,10700,weekly,2019-2-21T21:00:00.000,options,call
361,1550503020000,51.0,51.5,48.9,49.35,89550,,10700,weekly,2019-2-21T21:00:00.000,options,call
362,1550503080000,49.35,50.0,48.7,48.8,111000,,10700,weekly,2019-2-21T21:00:00.000,options,call
363,1550503140000,48.75,50.75,48.75,49.8,77775,,10700,weekly,2019-2-21T21:00:00.000,options,call
364,1550503200000,49.65,51.0,49.5,50.95,38400,,10700,weekly,2019-2-21T21:00:00.000,options,call
365,1550503260000,51.05,51.4,47.65,49.1,131925,,10700,weekly,2019-2-21T21:00:00.000,options,call
366,1550503320000,49.0,49.15,47.55,48.55,57300,,10700,weekly,2019-2-21T21:00:00.000,options,call
367,1550503380000,48.85,49.7,48.6,49.5,56325,,10700,weekly,2019-2-21T21:00:00.000,options,call
368,1550503440000,49.5,49.55,47.9,48.7,50625,,10700,weekly,2019-2-21T21:00:00.000,options,call
369,1550503500000,48.7,48.8,48.0,48.45,52950,,10700,weekly,2019-2-21T21:00:00.000,options,call
370,1550503560000,48.5,49.35,48.3,49.3,75300,,10700,weekly,2019-2-21T21:00:00.000,options,call
371,1550503620000,49.2,49.75,48.65,49.0,108000,,10700,weekly,2019-2-21T21:00:00.000,options,call
372,1550503680000,49.1,49.1,47.4,47.4,113400,,10700,weekly,2019-2-21T21:00:00.000,options,call
373,1550503740000,47.65,47.7,46.55,47.5,109875,,10700,weekly,2019-2-21T21:00:00.000,options,call
374,1550503800000,47.5,47.5,45.2,46.0,141000,,10700,weekly,2019-2-21T21:00:00.000,options,call
375,1550503860000,46.0,46.0,46.0,46.0,0,,10700,weekly,2019-2-21T21:00:00.000,options,call
376,1550503980000,46.0,46.0,46.0,46.0,0,,10700,weekly,2019-2-21T21:00:00.000,options,call
