,timestamp,open,high,low,close,volume,open_interest,strike,expiry_type,expiry,instrument,contract_type
0,1588650240000,150.0,150.0,89.05,89.05,12675,,9250,weekly,2020-5-7T21:00:00.000,options,put
1,1588650300000,89.65,90.35,85.35,86.05,35250,,9250,weekly,2020-5-7T21:00:00.000,options,put
2,1588650360000,86.55,86.6,81.1,82.25,26325,,9250,weekly,2020-5-7T21:00:00.000,options,put
3,1588650420000,82.5,86.25,82.35,85.75,12375,,9250,weekly,2020-5-7T21:00:00.000,options,put
4,1588650480000,85.3,85.75,82.75,84.9,12825,,9250,weekly,2020-5-7T21:00:00.000,options,put
5,1588650540000,84.9,85.5,81.25,83.2,7500,,9250,weekly,2020-5-7T21:00:00.000,options,put
6,1588650600000,82.9,84.25,81.2,84.25,6675,,9250,weekly,2020-5-7T21:00:00.000,options,put
7,1588650660000,84.25,86.25,83.7,85.45,7725,,9250,weekly,2020-5-7T21:00:00.000,options,put
8,1588650720000,86.35,89.0,86.1,88.25,10500,,9250,weekly,2020-5-7T21:00:00.000,options,put
9,1588650780000,88.25,90.95,88.25,90.95,7575,,9250,weekly,2020-5-7T21:00:00.000,options,put
10,1588650840000,90.55,94.0,90.55,93.4,7425,,9250,weekly,2020-5-7T21:00:00.000,options,put
11,1588650900000,94.15,97.6,93.9,95.7,17700,,9250,weekly,2020-5-7T21:00:00.000,options,put
12,1588650960000,95.3,97.7,93.0,94.8,9375,,9250,weekly,2020-5-7T21:00:00.000,options,put
13,1588651020000,94.7,96.9,94.15,96.7,9525,,9250,weekly,2020-5-7T21:00:00.000,options,put
14,1588651080000,97.0,101.2,95.75,98.85,13875,,9250,weekly,2020-5-7T21:00:00.000,options,put
15,1588651140000,98.6,104.55,98.35,101.5,25500,,9250,weekly,2020-5-7T21:00:00.000,options,put
16,1588651200000,101.5,101.5,96.25,97.05,11850,,9250,weekly,2020-5-7T21:00:00.000,options,put
17,1588651260000,97.0,98.8,93.75,96.55,6525,,9250,weekly,2020-5-7T21:00:00.000,options,put
18,1588651320000,96.0,98.35,94.4,97.85,5400,,9250,weekly,2020-5-7T21:00:00.000,options,put
19,1588651380000,97.85,98.5,96.0,96.55,3975,,9250,weekly,2020-5-7T21:00:00.000,options,put
20,1588651440000,97.0,97.9,95.7,97.9,3675,,9250,weekly,2020-5-7T21:00:00.000,options,put
21,1588651500000,97.4,98.15,95.75,96.1,7050,,9250,weekly,2020-5-7T21:00:00.000,options,put
22,1588651560000,95.7,96.35,93.35,93.65,11475,,9250,weekly,2020-5-7T21:00:00.000,options,put
23,1588651620000,93.65,94.35,89.45,91.1,11100,,9250,weekly,2020-5-7T21:00:00.000,options,put
24,1588651680000,91.1,91.1,88.45,90.3,9150,,9250,weekly,2020-5-7T21:00:00.000,options,put
25,1588651740000,89.35,91.6,89.2,90.95,4575,,9250,weekly,2020-5-7T21:00:00.000,options,put
26,1588651800000,89.65,92.6,89.65,91.7,8025,,9250,weekly,2020-5-7T21:00:00.000,options,put
27,1588651860000,91.4,92.0,90.0,90.1,3975,,9250,weekly,2020-5-7T21:00:00.000,options,put
28,1588651920000,90.45,90.8,88.25,90.0,4050,,9250,weekly,2020-5-7T21:00:00.000,options,put
29,1588651980000,90.0,90.2,83.4,83.7,14025,,9250,weekly,2020-5-7T21:00:00.000,options,put
30,1588652040000,83.4,84.35,82.75,83.45,9000,,9250,weekly,2020-5-7T21:00:00.000,options,put
31,1588652100000,83.65,84.25,79.1,82.0,15975,,9250,weekly,2020-5-7T21:00:00.000,options,put
32,1588652160000,82.0,84.7,81.85,84.2,7950,,9250,weekly,2020-5-7T21:00:00.000,options,put
33,1588652220000,83.85,84.55,82.0,84.1,5700,,9250,weekly,2020-5-7T21:00:00.000,options,put
34,1588652280000,83.55,84.0,82.45,84.0,2475,,9250,weekly,2020-5-7T21:00:00.000,options,put
35,1588652340000,84.0,86.05,83.5,85.0,4425,,9250,weekly,2020-5-7T21:00:00.000,options,put
36,1588652400000,84.95,86.6,84.8,86.4,5625,,9250,weekly,2020-5-7T21:00:00.000,options,put
37,1588652460000,86.75,93.55,86.75,93.55,20400,,9250,weekly,2020-5-7T21:00:00.000,options,put
38,1588652520000,93.55,95.0,91.5,93.95,9075,,9250,weekly,2020-5-7T21:00:00.000,options,put
39,1588652580000,93.95,100.95,93.95,97.3,15075,,9250,weekly,2020-5-7T21:00:00.000,options,put
40,1588652640000,97.5,103.5,96.65,102.35,13350,,9250,weekly,2020-5-7T21:00:00.000,options,put
41,1588652700000,103.15,104.8,100.55,100.75,15600,,9250,weekly,2020-5-7T21:00:00.000,options,put
42,1588652760000,100.45,100.45,97.1,97.1,10350,,9250,weekly,2020-5-7T21:00:00.000,options,put
43,1588652820000,96.75,97.2,93.65,96.15,8850,,9250,weekly,2020-5-7T21:00:00.000,options,put
44,1588652880000,96.7,97.4,95.65,97.4,3225,,9250,weekly,2020-5-7T21:00:00.000,options,put
45,1588652940000,98.85,103.15,98.85,103.15,6150,,9250,weekly,2020-5-7T21:00:00.000,options,put
46,1588653000000,103.15,105.7,102.35,102.35,15450,,9250,weekly,2020-5-7T21:00:00.000,options,put
47,1588653060000,102.5,104.0,101.0,102.6,14850,,9250,weekly,2020-5-7T21:00:00.000,options,put
48,1588653120000,102.6,103.0,100.2,101.0,5850,,9250,weekly,2020-5-7T21:00:00.000,options,put
49,1588653180000,102.1,105.8,100.4,105.8,7875,,9250,weekly,2020-5-7T21:00:00.000,options,put
50,1588653240000,105.4,106.3,101.9,103.25,12525,,9250,weekly,2020-5-7T21:00:00.000,options,put
51,1588653300000,103.25,104.85,101.95,102.75,3975,,9250,weekly,2020-5-7T21:00:00.000,options,put
52,1588653360000,102.75,105.95,101.0,105.35,7500,,9250,weekly,2020-5-7T21:00:00.000,options,put
53,1588653420000,105.55,110.9,104.65,109.95,17025,,9250,weekly,2020-5-7T21:00:00.000,options,put
54,1588653480000,110.15,110.15,105.55,108.35,15900,,9250,weekly,2020-5-7T21:00:00.000,options,put
55,1588653540000,108.45,109.9,106.7,109.05,8775,,9250,weekly,2020-5-7T21:00:00.000,options,put
56,1588653600000,109.9,111.4,106.9,106.9,13050,,9250,weekly,2020-5-7T21:00:00.000,options,put
57,1588653660000,106.9,107.8,101.55,102.65,12675,,9250,weekly,2020-5-7T21:00:00.000,options,put
58,1588653720000,102.75,104.25,99.3,102.55,16800,,9250,weekly,2020-5-7T21:00:00.000,options,put
59,1588653780000,102.6,103.75,100.0,100.0,9375,,9250,weekly,2020-5-7T21:00:00.000,options,put
60,1588653840000,100.05,102.05,96.75,96.95,14250,,9250,weekly,2020-5-7T21:00:00.000,options,put
61,1588653900000,97.1,100.4,96.3,99.05,10425,,9250,weekly,2020-5-7T21:00:00.000,options,put
62,1588653960000,98.7,101.9,98.7,101.5,10125,,9250,weekly,2020-5-7T21:00:00.000,options,put
63,1588654020000,101.0,101.0,95.85,97.45,6300,,9250,weekly,2020-5-7T21:00:00.000,options,put
64,1588654080000,97.2,97.2,92.0,93.25,17175,,9250,weekly,2020-5-7T21:00:00.000,options,put
65,1588654140000,92.5,93.1,90.25,91.6,15825,,9250,weekly,2020-5-7T21:00:00.000,options,put
66,1588654200000,91.2,91.85,89.35,89.65,7800,,9250,weekly,2020-5-7T21:00:00.000,options,put
67,1588654260000,89.95,89.95,84.05,88.45,15450,,9250,weekly,2020-5-7T21:00:00.000,options,put
68,1588654320000,88.45,92.25,87.0,91.85,16275,,9250,weekly,2020-5-7T21:00:00.000,options,put
69,1588654380000,91.85,94.0,91.75,92.0,7425,,9250,weekly,2020-5-7T21:00:00.000,options,put
70,1588654440000,92.0,93.15,87.95,91.1,15150,,9250,weekly,2020-5-7T21:00:00.000,options,put
71,1588654500000,90.7,94.0,90.7,93.75,4575,,9250,weekly,2020-5-7T21:00:00.000,options,put
72,1588654560000,93.35,97.0,93.0,93.6,15450,,9250,weekly,2020-5-7T21:00:00.000,options,put
73,1588654620000,93.4,95.35,93.1,94.45,5700,,9250,weekly,2020-5-7T21:00:00.000,options,put
74,1588654680000,94.45,94.45,91.05,92.95,4500,,9250,weekly,2020-5-7T21:00:00.000,options,put
75,1588654740000,92.0,94.5,91.15,92.1,6300,,9250,weekly,2020-5-7T21:00:00.000,options,put
76,1588654800000,92.1,92.1,89.4,90.65,5550,,9250,weekly,2020-5-7T21:00:00.000,options,put
77,1588654860000,90.25,92.05,89.2,91.4,7800,,9250,weekly,2020-5-7T21:00:00.000,options,put
78,1588654920000,91.4,92.15,89.9,91.9,5925,,9250,weekly,2020-5-7T21:00:00.000,options,put
79,1588654980000,91.9,92.9,89.45,89.65,6450,,9250,weekly,2020-5-7T21:00:00.000,options,put
80,1588655040000,89.25,94.3,89.25,94.25,5025,,9250,weekly,2020-5-7T21:00:00.000,options,put
81,1588655100000,94.25,96.1,93.1,94.15,9525,,9250,weekly,2020-5-7T21:00:00.000,options,put
82,1588655160000,94.15,96.2,94.15,95.0,3675,,9250,weekly,2020-5-7T21:00:00.000,options,put
83,1588655220000,95.35,95.35,93.0,94.25,2475,,9250,weekly,2020-5-7T21:00:00.000,options,put
84,1588655280000,94.5,95.0,92.25,94.0,4725,,9250,weekly,2020-5-7T21:00:00.000,options,put
85,1588655340000,94.0,94.0,91.0,91.6,7200,,9250,weekly,2020-5-7T21:00:00.000,options,put
86,1588655400000,91.6,92.55,89.8,89.8,4125,,9250,weekly,2020-5-7T21:00:00.000,options,put
87,1588655460000,90.0,91.8,89.55,90.3,3150,,9250,weekly,2020-5-7T21:00:00.000,options,put
88,1588655520000,90.2,92.4,90.2,90.8,3000,,9250,weekly,2020-5-7T21:00:00.000,options,put
89,1588655580000,90.9,93.3,90.9,93.0,1125,,9250,weekly,2020-5-7T21:00:00.000,options,put
90,1588655640000,92.65,96.15,92.5,95.6,8100,,9250,weekly,2020-5-7T21:00:00.000,options,put
91,1588655700000,95.5,95.8,93.0,93.0,4800,,9250,weekly,2020-5-7T21:00:00.000,options,put
92,1588655760000,93.0,93.15,91.75,93.15,2925,,9250,weekly,2020-5-7T21:00:00.000,options,put
93,1588655820000,92.2,92.4,90.35,91.75,3000,,9250,weekly,2020-5-7T21:00:00.000,options,put
94,1588655880000,92.0,94.1,92.0,94.1,3675,,9250,weekly,2020-5-7T21:00:00.000,options,put
95,1588655940000,94.1,94.95,93.0,94.0,1800,,9250,weekly,2020-5-7T21:00:00.000,options,put
96,1588656000000,94.0,94.45,92.3,92.3,1575,,9250,weekly,2020-5-7T21:00:00.000,options,put
97,1588656060000,93.4,93.4,92.0,93.05,2475,,9250,weekly,2020-5-7T21:00:00.000,options,put
98,1588656120000,92.0,92.6,89.85,90.3,7500,,9250,weekly,2020-5-7T21:00:00.000,options,put
99,1588656180000,90.65,90.65,89.15,90.0,3225,,9250,weekly,2020-5-7T21:00:00.000,options,put
100,1588656240000,89.7,89.9,87.35,87.35,8625,,9250,weekly,2020-5-7T21:00:00.000,options,put
101,1588656300000,87.25,88.75,87.1,88.0,3900,,9250,weekly,2020-5-7T21:00:00.000,options,put
102,1588656360000,88.0,89.9,87.3,89.3,3975,,9250,weekly,2020-5-7T21:00:00.000,options,put
103,1588656420000,88.95,89.05,87.0,87.4,3075,,9250,weekly,2020-5-7T21:00:00.000,options,put
104,1588656480000,86.95,87.7,86.4,87.45,1875,,9250,weekly,2020-5-7T21:00:00.000,options,put
105,1588656540000,87.45,87.85,83.55,84.6,9975,,9250,weekly,2020-5-7T21:00:00.000,options,put
106,1588656600000,84.15,84.65,82.2,83.45,8850,,9250,weekly,2020-5-7T21:00:00.000,options,put
107,1588656660000,83.4,83.45,78.0,80.0,24000,,9250,weekly,2020-5-7T21:00:00.000,options,put
108,1588656720000,80.65,83.7,79.9,83.7,6600,,9250,weekly,2020-5-7T21:00:00.000,options,put
109,1588656780000,82.5,85.45,82.5,84.0,7650,,9250,weekly,2020-5-7T21:00:00.000,options,put
110,1588656840000,84.0,84.65,82.2,84.65,4725,,9250,weekly,2020-5-7T21:00:00.000,options,put
111,1588656900000,84.65,84.65,83.25,83.25,2475,,9250,weekly,2020-5-7T21:00:00.000,options,put
112,1588656960000,83.0,84.25,83.0,84.25,9825,,9250,weekly,2020-5-7T21:00:00.000,options,put
113,1588657020000,84.5,84.5,82.95,84.0,5025,,9250,weekly,2020-5-7T21:00:00.000,options,put
114,1588657080000,84.0,85.0,84.0,85.0,1350,,9250,weekly,2020-5-7T21:00:00.000,options,put
115,1588657140000,85.0,89.7,84.8,89.15,20850,,9250,weekly,2020-5-7T21:00:00.000,options,put
116,1588657200000,89.0,89.5,87.75,88.3,7575,,9250,weekly,2020-5-7T21:00:00.000,options,put
117,1588657260000,88.0,89.0,87.5,87.9,4125,,9250,weekly,2020-5-7T21:00:00.000,options,put
118,1588657320000,88.0,90.85,88.0,90.5,5175,,9250,weekly,2020-5-7T21:00:00.000,options,put
119,1588657380000,90.95,91.9,89.5,90.0,2400,,9250,weekly,2020-5-7T21:00:00.000,options,put
120,1588657440000,90.6,92.65,90.6,91.05,6000,,9250,weekly,2020-5-7T21:00:00.000,options,put
121,1588657500000,90.1,92.6,90.1,90.7,6225,,9250,weekly,2020-5-7T21:00:00.000,options,put
122,1588657560000,90.7,92.5,90.7,91.55,2475,,9250,weekly,2020-5-7T21:00:00.000,options,put
123,1588657620000,91.95,93.9,91.95,91.95,4800,,9250,weekly,2020-5-7T21:00:00.000,options,put
124,1588657680000,91.6,92.55,91.05,92.55,3825,,9250,weekly,2020-5-7T21:00:00.000,options,put
125,1588657740000,92.0,98.3,92.0,96.0,16200,,9250,weekly,2020-5-7T21:00:00.000,options,put
126,1588657800000,96.7,99.75,96.1,97.15,17400,,9250,weekly,2020-5-7T21:00:00.000,options,put
127,1588657860000,97.0,98.9,95.9,95.9,5775,,9250,weekly,2020-5-7T21:00:00.000,options,put
128,1588657920000,95.5,97.0,94.55,97.0,7950,,9250,weekly,2020-5-7T21:00:00.000,options,put
129,1588657980000,96.7,98.0,96.65,97.75,7050,,9250,weekly,2020-5-7T21:00:00.000,options,put
130,1588658040000,97.6,98.15,94.6,95.1,4200,,9250,weekly,2020-5-7T21:00:00.000,options,put
131,1588658100000,93.6,94.15,92.45,92.7,6300,,9250,weekly,2020-5-7T21:00:00.000,options,put
132,1588658160000,92.7,96.1,92.55,96.0,3750,,9250,weekly,2020-5-7T21:00:00.000,options,put
133,1588658220000,95.4,97.65,95.4,97.65,2625,,9250,weekly,2020-5-7T21:00:00.000,options,put
134,1588658280000,98.0,98.6,96.0,98.5,3450,,9250,weekly,2020-5-7T21:00:00.000,options,put
135,1588658340000,98.05,98.05,95.65,97.0,5025,,9250,weekly,2020-5-7T21:00:00.000,options,put
136,1588658400000,97.0,100.4,97.0,99.05,5550,,9250,weekly,2020-5-7T21:00:00.000,options,put
137,1588658460000,99.05,101.5,98.0,98.35,7650,,9250,weekly,2020-5-7T21:00:00.000,options,put
138,1588658520000,98.0,98.6,93.2,93.2,6525,,9250,weekly,2020-5-7T21:00:00.000,options,put
139,1588658580000,93.2,95.6,93.2,94.6,2475,,9250,weekly,2020-5-7T21:00:00.000,options,put
140,1588658640000,95.0,96.95,94.4,96.25,2775,,9250,weekly,2020-5-7T21:00:00.000,options,put
141,1588658700000,96.25,98.1,95.55,96.5,3750,,9250,weekly,2020-5-7T21:00:00.000,options,put
142,1588658760000,96.85,97.3,94.4,94.9,8250,,9250,weekly,2020-5-7T21:00:00.000,options,put
143,1588658820000,94.6,97.1,90.4,91.35,9750,,9250,weekly,2020-5-7T21:00:00.000,options,put
144,1588658880000,91.45,91.45,87.9,89.35,14400,,9250,weekly,2020-5-7T21:00:00.000,options,put
145,1588658940000,88.1,92.25,88.1,91.5,5925,,9250,weekly,2020-5-7T21:00:00.000,options,put
146,1588659000000,92.0,93.0,90.35,91.15,5175,,9250,weekly,2020-5-7T21:00:00.000,options,put
147,1588659060000,91.0,92.3,90.9,91.75,3450,,9250,weekly,2020-5-7T21:00:00.000,options,put
148,1588659120000,91.75,91.75,88.35,89.35,3825,,9250,weekly,2020-5-7T21:00:00.000,options,put
149,1588659180000,89.3,91.6,89.0,90.3,1200,,9250,weekly,2020-5-7T21:00:00.000,options,put
150,1588659240000,91.6,92.7,91.6,92.2,3150,,9250,weekly,2020-5-7T21:00:00.000,options,put
151,1588659300000,92.5,93.65,90.35,93.65,5625,,9250,weekly,2020-5-7T21:00:00.000,options,put
152,1588659360000,93.25,96.05,92.65,96.05,6375,,9250,weekly,2020-5-7T21:00:00.000,options,put
153,1588659420000,95.6,97.8,95.05,95.05,3750,,9250,weekly,2020-5-7T21:00:00.000,options,put
154,1588659480000,95.75,97.85,93.7,97.85,6525,,9250,weekly,2020-5-7T21:00:00.000,options,put
155,1588659540000,97.85,99.5,97.3,99.25,6750,,9250,weekly,2020-5-7T21:00:00.000,options,put
156,1588659600000,99.5,99.5,95.95,98.4,6975,,9250,weekly,2020-5-7T21:00:00.000,options,put
157,1588659660000,98.25,100.1,98.05,99.55,3900,,9250,weekly,2020-5-7T21:00:00.000,options,put
158,1588659720000,99.55,100.1,96.85,98.0,4875,,9250,weekly,2020-5-7T21:00:00.000,options,put
159,1588659780000,97.55,99.0,95.9,98.95,3075,,9250,weekly,2020-5-7T21:00:00.000,options,put
160,1588659840000,99.0,103.1,99.0,103.05,12825,,9250,weekly,2020-5-7T21:00:00.000,options,put
161,1588659900000,103.25,104.85,101.1,104.4,10350,,9250,weekly,2020-5-7T21:00:00.000,options,put
162,1588659960000,104.4,106.9,103.25,104.3,15600,,9250,weekly,2020-5-7T21:00:00.000,options,put
163,1588660020000,105.0,105.55,103.5,103.95,6675,,9250,weekly,2020-5-7T21:00:00.000,options,put
164,1588660080000,103.95,104.6,100.6,103.35,7575,,9250,weekly,2020-5-7T21:00:00.000,options,put
165,1588660140000,103.6,108.9,103.35,107.6,11250,,9250,weekly,2020-5-7T21:00:00.000,options,put
166,1588660200000,107.4,107.95,104.6,106.2,7425,,9250,weekly,2020-5-7T21:00:00.000,options,put
167,1588660260000,106.2,107.85,104.95,107.0,6075,,9250,weekly,2020-5-7T21:00:00.000,options,put
168,1588660320000,108.0,113.2,108.0,110.3,24675,,9250,weekly,2020-5-7T21:00:00.000,options,put
169,1588660380000,111.15,113.3,110.75,111.75,11475,,9250,weekly,2020-5-7T21:00:00.000,options,put
170,1588660440000,111.15,111.3,107.45,109.0,11025,,9250,weekly,2020-5-7T21:00:00.000,options,put
171,1588660500000,109.1,109.1,104.45,104.85,13050,,9250,weekly,2020-5-7T21:00:00.000,options,put
172,1588660560000,105.4,108.55,105.0,106.9,5925,,9250,weekly,2020-5-7T21:00:00.000,options,put
173,1588660620000,106.9,110.0,106.9,109.05,8925,,9250,weekly,2020-5-7T21:00:00.000,options,put
174,1588660680000,108.6,109.55,105.2,106.4,4725,,9250,weekly,2020-5-7T21:00:00.000,options,put
175,1588660740000,106.15,107.0,104.5,105.05,3675,,9250,weekly,2020-5-7T21:00:00.000,options,put
176,1588660800000,105.0,105.0,100.75,103.0,16875,,9250,weekly,2020-5-7T21:00:00.000,options,put
177,1588660860000,103.45,105.5,102.4,102.95,4500,,9250,weekly,2020-5-7T21:00:00.000,options,put
178,1588660920000,103.0,103.15,101.0,102.0,2850,,9250,weekly,2020-5-7T21:00:00.000,options,put
179,1588660980000,102.0,106.45,102.0,105.6,3675,,9250,weekly,2020-5-7T21:00:00.000,options,put
180,1588661040000,105.3,108.05,105.25,108.05,3825,,9250,weekly,2020-5-7T21:00:00.000,options,put
181,1588661100000,108.05,111.6,106.9,111.15,11475,,9250,weekly,2020-5-7T21:00:00.000,options,put
182,1588661160000,111.55,112.0,109.3,111.75,6150,,9250,weekly,2020-5-7T21:00:00.000,options,put
183,1588661220000,111.0,112.2,108.6,109.0,5025,,9250,weekly,2020-5-7T21:00:00.000,options,put
184,1588661280000,110.25,116.7,110.1,116.0,12075,,9250,weekly,2020-5-7T21:00:00.000,options,put
185,1588661340000,115.75,121.0,115.75,121.0,16500,,9250,weekly,2020-5-7T21:00:00.000,options,put
186,1588661400000,120.65,121.75,117.6,117.8,9825,,9250,weekly,2020-5-7T21:00:00.000,options,put
187,1588661460000,117.8,125.1,117.55,124.25,15525,,9250,weekly,2020-5-7T21:00:00.000,options,put
188,1588661520000,124.4,124.7,120.35,121.7,20025,,9250,weekly,2020-5-7T21:00:00.000,options,put
189,1588661580000,121.3,122.9,119.7,120.05,11625,,9250,weekly,2020-5-7T21:00:00.000,options,put
190,1588661640000,119.9,127.7,119.9,126.1,16875,,9250,weekly,2020-5-7T21:00:00.000,options,put
191,1588661700000,125.5,125.5,118.2,119.45,11550,,9250,weekly,2020-5-7T21:00:00.000,options,put
192,1588661760000,120.4,120.4,113.0,114.15,18375,,9250,weekly,2020-5-7T21:00:00.000,options,put
193,1588661820000,113.25,116.65,111.75,116.3,8400,,9250,weekly,2020-5-7T21:00:00.000,options,put
194,1588661880000,116.85,117.05,111.2,111.25,7725,,9250,weekly,2020-5-7T21:00:00.000,options,put
195,1588661940000,111.0,116.5,110.9,115.55,9900,,9250,weekly,2020-5-7T21:00:00.000,options,put
196,1588662000000,116.9,118.0,115.0,117.15,6450,,9250,weekly,2020-5-7T21:00:00.000,options,put
197,1588662060000,117.15,117.15,111.75,113.4,9600,,9250,weekly,2020-5-7T21:00:00.000,options,put
198,1588662120000,113.8,114.0,107.25,111.0,12225,,9250,weekly,2020-5-7T21:00:00.000,options,put
199,1588662180000,111.55,113.85,109.35,112.95,6525,,9250,weekly,2020-5-7T21:00:00.000,options,put
200,1588662240000,113.85,117.15,113.0,116.1,15225,,9250,weekly,2020-5-7T21:00:00.000,options,put
201,1588662300000,118.0,118.45,114.85,116.5,8700,,9250,weekly,2020-5-7T21:00:00.000,options,put
202,1588662360000,116.05,120.35,116.05,120.25,6825,,9250,weekly,2020-5-7T21:00:00.000,options,put
203,1588662420000,121.45,121.45,117.3,119.4,7350,,9250,weekly,2020-5-7T21:00:00.000,options,put
204,1588662480000,119.45,119.7,115.65,115.85,7800,,9250,weekly,2020-5-7T21:00:00.000,options,put
205,1588662540000,116.0,117.95,112.75,117.1,7875,,9250,weekly,2020-5-7T21:00:00.000,options,put
206,1588662600000,117.1,119.0,114.85,114.85,3000,,9250,weekly,2020-5-7T21:00:00.000,options,put
207,1588662660000,115.55,117.3,113.95,117.3,5700,,9250,weekly,2020-5-7T21:00:00.000,options,put
208,1588662720000,116.7,118.5,114.8,116.5,3825,,9250,weekly,2020-5-7T21:00:00.000,options,put
209,1588662780000,115.75,115.75,111.25,111.4,5325,,9250,weekly,2020-5-7T21:00:00.000,options,put
210,1588662840000,112.05,113.25,107.25,107.25,10125,,9250,weekly,2020-5-7T21:00:00.000,options,put
211,1588662900000,107.75,108.1,103.7,107.7,17100,,9250,weekly,2020-5-7T21:00:00.000,options,put
212,1588662960000,106.3,106.95,101.4,101.4,21675,,9250,weekly,2020-5-7T21:00:00.000,options,put
213,1588663020000,101.6,103.65,100.75,103.35,9825,,9250,weekly,2020-5-7T21:00:00.000,options,put
214,1588663080000,103.4,106.0,103.4,104.5,10725,,9250,weekly,2020-5-7T21:00:00.000,options,put
215,1588663140000,105.0,105.15,100.0,100.05,7500,,9250,weekly,2020-5-7T21:00:00.000,options,put
216,1588663200000,100.0,100.05,96.1,97.85,21075,,9250,weekly,2020-5-7T21:00:00.000,options,put
217,1588663260000,98.45,100.2,97.6,100.2,10650,,9250,weekly,2020-5-7T21:00:00.000,options,put
218,1588663320000,100.3,100.65,95.85,99.2,11400,,9250,weekly,2020-5-7T21:00:00.000,options,put
219,1588663380000,99.1,101.4,98.3,100.45,5325,,9250,weekly,2020-5-7T21:00:00.000,options,put
220,1588663440000,100.85,100.85,95.25,99.0,10800,,9250,weekly,2020-5-7T21:00:00.000,options,put
221,1588663500000,98.0,98.6,96.5,97.45,11475,,9250,weekly,2020-5-7T21:00:00.000,options,put
222,1588663560000,98.0,100.15,97.9,100.15,7650,,9250,weekly,2020-5-7T21:00:00.000,options,put
223,1588663620000,99.55,102.5,99.55,102.5,8475,,9250,weekly,2020-5-7T21:00:00.000,options,put
224,1588663680000,102.05,103.2,101.0,101.95,10725,,9250,weekly,2020-5-7T21:00:00.000,options,put
225,1588663740000,100.05,100.05,94.5,95.2,20250,,9250,weekly,2020-5-7T21:00:00.000,options,put
226,1588663800000,95.9,96.05,88.3,91.2,25800,,9250,weekly,2020-5-7T21:00:00.000,options,put
227,1588663860000,91.3,91.35,87.0,87.5,11025,,9250,weekly,2020-5-7T21:00:00.000,options,put
228,1588663920000,86.5,87.35,83.8,85.85,14475,,9250,weekly,2020-5-7T21:00:00.000,options,put
229,1588663980000,85.6,88.6,85.35,88.1,8625,,9250,weekly,2020-5-7T21:00:00.000,options,put
230,1588664040000,88.0,89.35,85.05,88.15,10725,,9250,weekly,2020-5-7T21:00:00.000,options,put
231,1588664100000,88.0,88.0,82.95,87.55,17250,,9250,weekly,2020-5-7T21:00:00.000,options,put
232,1588664160000,88.15,89.85,87.2,88.3,14475,,9250,weekly,2020-5-7T21:00:00.000,options,put
233,1588664220000,88.0,92.05,88.0,90.6,18000,,9250,weekly,2020-5-7T21:00:00.000,options,put
234,1588664280000,90.6,91.6,86.7,88.35,6450,,9250,weekly,2020-5-7T21:00:00.000,options,put
235,1588664340000,87.3,91.25,87.3,88.3,24000,,9250,weekly,2020-5-7T21:00:00.000,options,put
236,1588664400000,88.45,91.3,88.2,91.0,10650,,9250,weekly,2020-5-7T21:00:00.000,options,put
237,1588664460000,91.5,92.5,91.5,92.5,4950,,9250,weekly,2020-5-7T21:00:00.000,options,put
238,1588664520000,92.5,92.7,88.6,90.95,4500,,9250,weekly,2020-5-7T21:00:00.000,options,put
239,1588664580000,90.95,90.95,88.1,88.55,5025,,9250,weekly,2020-5-7T21:00:00.000,options,put
240,1588664640000,87.25,89.0,86.45,87.65,11775,,9250,weekly,2020-5-7T21:00:00.000,options,put
241,1588664700000,87.75,90.4,86.7,88.7,10200,,9250,weekly,2020-5-7T21:00:00.000,options,put
242,1588664760000,89.5,94.0,89.4,93.0,7425,,9250,weekly,2020-5-7T21:00:00.000,options,put
243,1588664820000,92.7,95.95,92.65,95.3,8925,,9250,weekly,2020-5-7T21:00:00.000,options,put
244,1588664880000,95.65,95.65,92.5,94.2,8175,,9250,weekly,2020-5-7T21:00:00.000,options,put
245,1588664940000,94.2,94.6,90.25,92.2,8250,,9250,weekly,2020-5-7T21:00:00.000,options,put
246,1588665000000,92.75,94.6,92.0,94.55,6600,,9250,weekly,2020-5-7T21:00:00.000,options,put
247,1588665060000,94.8,95.85,93.15,93.5,6675,,9250,weekly,2020-5-7T21:00:00.000,options,put
248,1588665120000,93.5,93.5,89.9,91.85,14100,,9250,weekly,2020-5-7T21:00:00.000,options,put
249,1588665180000,91.95,92.05,90.5,91.5,2250,,9250,weekly,2020-5-7T21:00:00.000,options,put
250,1588665240000,90.65,92.5,90.65,91.8,3825,,9250,weekly,2020-5-7T21:00:00.000,options,put
251,1588665300000,91.55,91.85,87.75,89.55,6375,,9250,weekly,2020-5-7T21:00:00.000,options,put
252,1588665360000,89.35,91.5,88.0,91.5,5925,,9250,weekly,2020-5-7T21:00:00.000,options,put
253,1588665420000,91.05,91.65,89.75,91.35,3075,,9250,weekly,2020-5-7T21:00:00.000,options,put
254,1588665480000,91.35,91.65,89.45,91.35,3525,,9250,weekly,2020-5-7T21:00:00.000,options,put
255,1588665540000,91.35,94.5,91.25,94.35,5700,,9250,weekly,2020-5-7T21:00:00.000,options,put
256,1588665600000,95.0,95.4,92.85,94.05,4575,,9250,weekly,2020-5-7T21:00:00.000,options,put
257,1588665660000,94.05,94.05,92.65,93.5,5475,,9250,weekly,2020-5-7T21:00:00.000,options,put
258,1588665720000,92.8,92.8,88.95,89.7,4800,,9250,weekly,2020-5-7T21:00:00.000,options,put
259,1588665780000,89.7,90.0,86.0,86.0,6975,,9250,weekly,2020-5-7T21:00:00.000,options,put
260,1588665840000,85.5,87.05,83.1,84.5,12525,,9250,weekly,2020-5-7T21:00:00.000,options,put
261,1588665900000,84.1,88.0,83.95,88.0,8550,,9250,weekly,2020-5-7T21:00:00.000,options,put
262,1588665960000,88.35,88.35,85.35,86.55,3300,,9250,weekly,2020-5-7T21:00:00.000,options,put
263,1588666020000,86.55,86.85,84.9,86.05,4800,,9250,weekly,2020-5-7T21:00:00.000,options,put
264,1588666080000,85.0,89.0,85.0,87.15,4875,,9250,weekly,2020-5-7T21:00:00.000,options,put
265,1588666140000,87.45,87.55,85.5,86.6,3300,,9250,weekly,2020-5-7T21:00:00.000,options,put
266,1588666200000,86.6,86.9,79.35,79.35,20100,,9250,weekly,2020-5-7T21:00:00.000,options,put
267,1588666260000,77.6,79.3,75.9,78.2,35700,,9250,weekly,2020-5-7T21:00:00.000,options,put
268,1588666320000,78.2,81.0,76.45,76.45,14850,,9250,weekly,2020-5-7T21:00:00.000,options,put
269,1588666380000,76.7,82.6,76.2,80.15,12975,,9250,weekly,2020-5-7T21:00:00.000,options,put
270,1588666440000,80.15,87.85,80.15,86.65,10950,,9250,weekly,2020-5-7T21:00:00.000,options,put
271,1588666500000,86.95,90.0,85.7,88.25,11250,,9250,weekly,2020-5-7T21:00:00.000,options,put
272,1588666560000,88.25,90.1,87.0,89.0,7500,,9250,weekly,2020-5-7T21:00:00.000,options,put
273,1588666620000,89.0,93.9,89.0,93.9,6150,,9250,weekly,2020-5-7T21:00:00.000,options,put
274,1588666680000,94.0,95.05,92.0,92.15,6375,,9250,weekly,2020-5-7T21:00:00.000,options,put
275,1588666740000,92.15,99.5,92.15,95.75,20100,,9250,weekly,2020-5-7T21:00:00.000,options,put
276,1588666800000,96.3,96.35,93.25,93.25,8700,,9250,weekly,2020-5-7T21:00:00.000,options,put
277,1588666860000,93.25,93.25,87.6,89.55,13800,,9250,weekly,2020-5-7T21:00:00.000,options,put
278,1588666920000,90.0,90.9,88.4,89.8,6600,,9250,weekly,2020-5-7T21:00:00.000,options,put
279,1588666980000,89.85,93.0,89.7,91.5,3750,,9250,weekly,2020-5-7T21:00:00.000,options,put
280,1588667040000,91.9,92.15,89.0,90.35,4275,,9250,weekly,2020-5-7T21:00:00.000,options,put
281,1588667100000,90.35,90.8,88.7,88.7,4350,,9250,weekly,2020-5-7T21:00:00.000,options,put
282,1588667160000,88.55,88.65,85.2,86.3,13875,,9250,weekly,2020-5-7T21:00:00.000,options,put
283,1588667220000,86.15,89.4,85.65,88.2,5625,,9250,weekly,2020-5-7T21:00:00.000,options,put
284,1588667280000,88.2,91.65,88.2,90.65,2550,,9250,weekly,2020-5-7T21:00:00.000,options,put
285,1588667340000,90.65,96.0,90.65,96.0,11400,,9250,weekly,2020-5-7T21:00:00.000,options,put
286,1588667400000,96.1,101.1,95.8,97.9,18825,,9250,weekly,2020-5-7T21:00:00.000,options,put
287,1588667460000,98.05,102.9,97.5,101.0,14325,,9250,weekly,2020-5-7T21:00:00.000,options,put
288,1588667520000,100.35,106.1,100.35,104.2,13350,,9250,weekly,2020-5-7T21:00:00.000,options,put
289,1588667580000,104.0,105.25,100.0,101.55,12075,,9250,weekly,2020-5-7T21:00:00.000,options,put
290,1588667640000,101.55,101.55,98.3,98.95,6000,,9250,weekly,2020-5-7T21:00:00.000,options,put
291,1588667700000,98.95,102.25,97.5,102.25,7725,,9250,weekly,2020-5-7T21:00:00.000,options,put
292,1588667760000,102.25,107.95,102.0,105.2,11325,,9250,weekly,2020-5-7T21:00:00.000,options,put
293,1588667820000,106.1,107.7,103.85,105.55,16725,,9250,weekly,2020-5-7T21:00:00.000,options,put
294,1588667880000,106.1,108.9,104.4,107.0,9750,,9250,weekly,2020-5-7T21:00:00.000,options,put
295,1588667940000,107.0,115.0,107.0,113.25,18900,,9250,weekly,2020-5-7T21:00:00.000,options,put
296,1588668000000,113.05,113.05,108.0,110.5,11925,,9250,weekly,2020-5-7T21:00:00.000,options,put
297,1588668060000,110.0,112.5,108.0,111.8,15150,,9250,weekly,2020-5-7T21:00:00.000,options,put
298,1588668120000,111.9,113.4,109.8,111.0,9375,,9250,weekly,2020-5-7T21:00:00.000,options,put
299,1588668180000,111.0,111.0,105.05,108.25,9600,,9250,weekly,2020-5-7T21:00:00.000,options,put
300,1588668240000,108.3,113.3,107.5,110.8,11550,,9250,weekly,2020-5-7T21:00:00.000,options,put
301,1588668300000,110.9,113.1,109.2,111.45,8325,,9250,weekly,2020-5-7T21:00:00.000,options,put
302,1588668360000,111.45,116.0,110.45,112.95,8775,,9250,weekly,2020-5-7T21:00:00.000,options,put
303,1588668420000,112.3,123.15,112.3,123.15,16650,,9250,weekly,2020-5-7T21:00:00.000,options,put
304,1588668480000,123.05,123.05,117.85,117.85,11925,,9250,weekly,2020-5-7T21:00:00.000,options,put
305,1588668540000,117.85,118.0,113.95,118.0,17100,,9250,weekly,2020-5-7T21:00:00.000,options,put
306,1588668600000,118.95,120.0,112.55,112.55,16275,,9250,weekly,2020-5-7T21:00:00.000,options,put
307,1588668660000,112.55,115.25,111.0,114.65,9375,,9250,weekly,2020-5-7T21:00:00.000,options,put
308,1588668720000,114.2,122.0,114.2,121.35,20550,,9250,weekly,2020-5-7T21:00:00.000,options,put
309,1588668780000,120.8,125.6,120.8,124.15,23625,,9250,weekly,2020-5-7T21:00:00.000,options,put
310,1588668840000,125.5,125.95,115.0,116.15,14250,,9250,weekly,2020-5-7T21:00:00.000,options,put
311,1588668900000,115.1,121.45,115.1,120.2,10800,,9250,weekly,2020-5-7T21:00:00.000,options,put
312,1588668960000,120.95,121.8,117.35,121.0,13650,,9250,weekly,2020-5-7T21:00:00.000,options,put
313,1588669020000,122.0,132.5,121.55,129.5,22650,,9250,weekly,2020-5-7T21:00:00.000,options,put
314,1588669080000,129.7,135.0,128.75,134.3,21075,,9250,weekly,2020-5-7T21:00:00.000,options,put
315,1588669140000,134.45,139.95,133.9,134.55,39375,,9250,weekly,2020-5-7T21:00:00.000,options,put
316,1588669200000,133.65,136.6,131.2,136.0,22800,,9250,weekly,2020-5-7T21:00:00.000,options,put
317,1588669260000,136.3,142.25,136.0,142.25,33450,,9250,weekly,2020-5-7T21:00:00.000,options,put
318,1588669320000,141.2,144.5,137.85,140.4,21750,,9250,weekly,2020-5-7T21:00:00.000,options,put
319,1588669380000,140.4,140.4,134.6,137.9,21225,,9250,weekly,2020-5-7T21:00:00.000,options,put
320,1588669440000,137.15,140.95,137.15,138.55,12450,,9250,weekly,2020-5-7T21:00:00.000,options,put
321,1588669500000,139.0,149.5,139.0,148.0,35550,,9250,weekly,2020-5-7T21:00:00.000,options,put
322,1588669560000,149.0,154.8,143.8,149.05,32250,,9250,weekly,2020-5-7T21:00:00.000,options,put
323,1588669620000,150.05,150.05,143.2,144.9,17325,,9250,weekly,2020-5-7T21:00:00.000,options,put
324,1588669680000,146.0,147.9,139.75,142.4,16650,,9250,weekly,2020-5-7T21:00:00.000,options,put
325,1588669740000,142.4,142.4,135.15,138.0,27900,,9250,weekly,2020-5-7T21:00:00.000,options,put
326,1588669800000,139.0,139.6,131.95,133.8,21825,,9250,weekly,2020-5-7T21:00:00.000,options,put
327,1588669860000,133.7,142.05,133.7,141.65,10650,,9250,weekly,2020-5-7T21:00:00.000,options,put
328,1588669920000,140.7,147.8,140.7,146.0,14550,,9250,weekly,2020-5-7T21:00:00.000,options,put
329,1588669980000,146.5,147.5,142.7,145.4,15675,,9250,weekly,2020-5-7T21:00:00.000,options,put
330,1588670040000,145.75,145.75,135.15,139.7,17775,,9250,weekly,2020-5-7T21:00:00.000,options,put
331,1588670100000,140.5,141.1,133.0,135.95,21600,,9250,weekly,2020-5-7T21:00:00.000,options,put
332,1588670160000,135.0,139.9,133.95,139.3,9150,,9250,weekly,2020-5-7T21:00:00.000,options,put
333,1588670220000,138.5,139.3,135.85,139.0,5475,,9250,weekly,2020-5-7T21:00:00.000,options,put
334,1588670280000,141.0,145.8,139.8,144.7,14550,,9250,weekly,2020-5-7T21:00:00.000,options,put
335,1588670340000,144.7,145.5,140.55,143.0,12675,,9250,weekly,2020-5-7T21:00:00.000,options,put
336,1588670400000,142.95,149.0,142.95,148.7,14700,,9250,weekly,2020-5-7T21:00:00.000,options,put
337,1588670460000,149.0,159.1,149.0,157.55,41625,,9250,weekly,2020-5-7T21:00:00.000,options,put
338,1588670520000,157.3,159.1,150.8,151.65,20025,,9250,weekly,2020-5-7T21:00:00.000,options,put
339,1588670580000,153.05,160.3,153.05,156.85,18900,,9250,weekly,2020-5-7T21:00:00.000,options,put
340,1588670640000,157.1,165.55,157.1,162.05,19350,,9250,weekly,2020-5-7T21:00:00.000,options,put
341,1588670700000,162.0,173.65,161.95,169.0,20475,,9250,weekly,2020-5-7T21:00:00.000,options,put
342,1588670760000,169.65,169.65,152.25,154.9,26625,,9250,weekly,2020-5-7T21:00:00.000,options,put
343,1588670820000,155.0,163.45,153.7,160.15,12075,,9250,weekly,2020-5-7T21:00:00.000,options,put
344,1588670880000,160.15,165.35,156.2,165.35,13500,,9250,weekly,2020-5-7T21:00:00.000,options,put
345,1588670940000,165.35,168.15,159.65,165.45,14550,,9250,weekly,2020-5-7T21:00:00.000,options,put
346,1588671000000,165.7,167.0,162.4,164.7,10800,,9250,weekly,2020-5-7T21:00:00.000,options,put
347,1588671060000,164.7,167.9,163.15,167.0,13125,,9250,weekly,2020-5-7T21:00:00.000,options,put
348,1588671120000,168.0,170.8,163.4,163.4,29175,,9250,weekly,2020-5-7T21:00:00.000,options,put
349,1588671180000,163.2,172.1,163.2,168.75,14250,,9250,weekly,2020-5-7T21:00:00.000,options,put
350,1588671240000,168.7,174.0,168.7,173.6,14400,,9250,weekly,2020-5-7T21:00:00.000,options,put
351,1588671300000,173.6,173.75,165.45,167.55,17625,,9250,weekly,2020-5-7T21:00:00.000,options,put
352,1588671360000,168.05,171.9,165.85,167.15,10800,,9250,weekly,2020-5-7T21:00:00.000,options,put
353,1588671420000,168.0,168.0,158.0,161.65,8850,,9250,weekly,2020-5-7T21:00:00.000,options,put
354,1588671480000,162.85,164.7,159.45,161.85,5775,,9250,weekly,2020-5-7T21:00:00.000,options,put
355,1588671540000,162.35,167.55,161.5,166.75,21300,,9250,weekly,2020-5-7T21:00:00.000,options,put
356,1588671600000,166.8,171.85,166.8,169.25,11550,,9250,weekly,2020-5-7T21:00:00.000,options,put
357,1588671660000,169.8,169.8,163.0,165.95,7200,,9250,weekly,2020-5-7T21:00:00.000,options,put
358,1588671720000,167.45,167.85,161.9,167.55,5700,,9250,weekly,2020-5-7T21:00:00.000,options,put
359,1588671780000,168.0,169.45,163.6,166.25,5700,,9250,weekly,2020-5-7T21:00:00.000,options,put
360,1588671840000,165.9,165.9,158.1,158.65,16800,,9250,weekly,2020-5-7T21:00:00.000,options,put
361,1588671900000,158.25,160.15,158.0,158.45,8100,,9250,weekly,2020-5-7T21:00:00.000,options,put
362,1588671960000,159.45,164.4,158.75,162.8,7875,,9250,weekly,2020-5-7T21:00:00.000,options,put
363,1588672020000,163.0,163.0,159.25,160.0,7275,,9250,weekly,2020-5-7T21:00:00.000,options,put
364,1588672080000,160.0,161.35,157.45,157.75,14400,,9250,weekly,2020-5-7T21:00:00.000,options,put
365,1588672140000,157.15,161.7,156.4,157.6,7650,,9250,weekly,2020-5-7T21:00:00.000,options,put
366,1588672200000,157.6,159.85,156.2,158.75,16725,,9250,weekly,2020-5-7T21:00:00.000,options,put
367,1588672260000,158.95,160.2,156.0,156.0,6750,,9250,weekly,2020-5-7T21:00:00.000,options,put
368,1588672320000,156.0,157.3,155.65,157.0,4425,,9250,weekly,2020-5-7T21:00:00.000,options,put
369,1588672380000,156.45,159.5,156.45,156.5,9000,,9250,weekly,2020-5-7T21:00:00.000,options,put
370,1588672440000,157.25,157.85,154.0,157.15,6600,,9250,weekly,2020-5-7T21:00:00.000,options,put
371,1588672500000,156.8,157.3,155.95,156.65,9975,,9250,weekly,2020-5-7T21:00:00.000,options,put
372,1588672560000,156.65,156.65,154.65,155.0,9900,,9250,weekly,2020-5-7T21:00:00.000,options,put
373,1588672620000,155.0,155.05,153.35,153.35,5100,,9250,weekly,2020-5-7T21:00:00.000,options,put
374,1588672680000,154.15,154.7,151.3,152.0,6450,,9250,weekly,2020-5-7T21:00:00.000,options,put
