,timestamp,open,high,low,close,volume,open_interest,strike,expiry_type,expiry,instrument,contract_type
0,1620186300000,10.45,16.9,10.45,14.8,21450,106250,34400,weekly,2021-5-6T21:00:00.000,options,call
1,1620186360000,15.1,18.0,14.0,17.0,39225,106250,34400,weekly,2021-5-6T21:00:00.000,options,call
2,1620186420000,17.0,17.0,15.2,16.8,28150,110525,34400,weekly,2021-5-6T21:00:00.000,options,call
3,1620186480000,16.6,16.6,15.95,16.3,17425,110525,34400,weekly,2021-5-6T21:00:00.000,options,call
4,1620186540000,16.2,16.2,15.35,15.6,7100,110525,34400,weekly,2021-5-6T21:00:00.000,options,call
5,1620186600000,15.75,16.15,15.0,15.45,8025,113675,34400,weekly,2021-5-6T21:00:00.000,options,call
6,1620186660000,15.45,15.9,14.95,15.5,13500,113675,34400,weekly,2021-5-6T21:00:00.000,options,call
7,1620186720000,15.35,15.8,15.05,15.7,6800,113675,34400,weekly,2021-5-6T21:00:00.000,options,call
8,1620186780000,15.55,16.1,15.25,15.75,10075,116525,34400,weekly,2021-5-6T21:00:00.000,options,call
9,1620186840000,15.9,15.95,15.5,15.5,5750,116525,34400,weekly,2021-5-6T21:00:00.000,options,call
10,1620186900000,15.8,16.1,15.45,16.05,9175,116525,34400,weekly,2021-5-6T21:00:00.000,options,call
11,1620186960000,16.05,16.05,15.65,15.9,14550,121000,34400,weekly,2021-5-6T21:00:00.000,options,call
12,1620187020000,15.75,16.6,15.65,16.3,20800,121000,34400,weekly,2021-5-6T21:00:00.000,options,call
13,1620187080000,16.2,16.7,16.0,16.2,17400,121000,34400,weekly,2021-5-6T21:00:00.000,options,call
14,1620187140000,16.3,16.3,15.9,16.05,9050,134400,34400,weekly,2021-5-6T21:00:00.000,options,call
15,1620187200000,16.15,17.5,16.05,17.45,11225,134400,34400,weekly,2021-5-6T21:00:00.000,options,call
16,1620187260000,17.55,18.3,17.55,18.1,21125,134400,34400,weekly,2021-5-6T21:00:00.000,options,call
17,1620187320000,18.0,18.7,17.8,18.5,12700,139425,34400,weekly,2021-5-6T21:00:00.000,options,call
18,1620187380000,18.4,18.8,18.0,18.0,9275,139425,34400,weekly,2021-5-6T21:00:00.000,options,call
19,1620187440000,18.0,18.15,17.2,17.65,9150,139425,34400,weekly,2021-5-6T21:00:00.000,options,call
20,1620187500000,17.9,18.6,17.85,18.15,5575,137875,34400,weekly,2021-5-6T21:00:00.000,options,call
21,1620187560000,18.3,18.5,17.95,18.45,4850,137875,34400,weekly,2021-5-6T21:00:00.000,options,call
22,1620187620000,18.55,19.25,18.4,19.0,9475,137875,34400,weekly,2021-5-6T21:00:00.000,options,call
23,1620187680000,18.9,19.2,18.1,18.1,8725,129900,34400,weekly,2021-5-6T21:00:00.000,options,call
24,1620187740000,18.1,18.1,17.35,17.8,7225,129900,34400,weekly,2021-5-6T21:00:00.000,options,call
25,1620187800000,17.55,18.65,17.55,18.45,9075,129900,34400,weekly,2021-5-6T21:00:00.000,options,call
26,1620187860000,18.3,18.6,17.85,18.3,6625,129125,34400,weekly,2021-5-6T21:00:00.000,options,call
27,1620187920000,18.3,18.45,17.95,18.25,4675,129125,34400,weekly,2021-5-6T21:00:00.000,options,call
28,1620187980000,18.25,18.45,18.1,18.35,4225,129125,34400,weekly,2021-5-6T21:00:00.000,options,call
29,1620188040000,18.35,18.4,17.85,18.3,4425,128625,34400,weekly,2021-5-6T21:00:00.000,options,call
30,1620188100000,18.35,18.75,17.55,17.55,10000,128625,34400,weekly,2021-5-6T21:00:00.000,options,call
31,1620188160000,17.65,17.8,16.85,17.45,7050,128625,34400,weekly,2021-5-6T21:00:00.000,options,call
32,1620188220000,17.45,17.45,16.8,16.9,6850,124575,34400,weekly,2021-5-6T21:00:00.000,options,call
33,1620188280000,16.9,17.2,16.6,16.95,3725,124575,34400,weekly,2021-5-6T21:00:00.000,options,call
34,1620188340000,16.95,17.2,16.75,16.95,2875,124575,34400,weekly,2021-5-6T21:00:00.000,options,call
35,1620188400000,16.9,17.4,16.9,17.05,4625,124800,34400,weekly,2021-5-6T21:00:00.000,options,call
36,1620188460000,17.35,17.5,17.05,17.45,5900,124800,34400,weekly,2021-5-6T21:00:00.000,options,call
37,1620188520000,17.45,17.7,17.1,17.45,12175,124800,34400,weekly,2021-5-6T21:00:00.000,options,call
38,1620188580000,17.35,17.9,17.35,17.8,3300,125075,34400,weekly,2021-5-6T21:00:00.000,options,call
39,1620188640000,17.7,18.2,17.3,17.95,10175,125075,34400,weekly,2021-5-6T21:00:00.000,options,call
40,1620188700000,17.85,18.35,17.75,18.0,15625,125075,34400,weekly,2021-5-6T21:00:00.000,options,call
41,1620188760000,17.85,18.15,17.8,17.9,2775,133200,34400,weekly,2021-5-6T21:00:00.000,options,call
42,1620188820000,18.05,18.4,17.8,18.4,4300,133200,34400,weekly,2021-5-6T21:00:00.000,options,call
43,1620188880000,18.3,18.3,18.0,18.05,5525,133200,34400,weekly,2021-5-6T21:00:00.000,options,call
44,1620188940000,18.05,18.65,18.05,18.35,7650,134525,34400,weekly,2021-5-6T21:00:00.000,options,call
45,1620189000000,18.45,20.15,18.45,20.1,19025,134525,34400,weekly,2021-5-6T21:00:00.000,options,call
46,1620189060000,20.15,21.85,20.15,21.65,23750,134525,34400,weekly,2021-5-6T21:00:00.000,options,call
47,1620189120000,22.1,22.35,21.6,21.85,44475,139400,34400,weekly,2021-5-6T21:00:00.000,options,call
48,1620189180000,22.0,22.45,20.9,20.9,17700,139400,34400,weekly,2021-5-6T21:00:00.000,options,call
49,1620189240000,20.6,20.95,9.55,10.3,73875,139400,34400,weekly,2021-5-6T21:00:00.000,options,call
50,1620189300000,10.6,20.75,10.6,16.05,42925,150725,34400,weekly,2021-5-6T21:00:00.000,options,call
51,1620189360000,16.1,17.85,15.7,17.5,19000,150725,34400,weekly,2021-5-6T21:00:00.000,options,call
52,1620189420000,17.4,17.65,16.1,16.4,8475,150725,34400,weekly,2021-5-6T21:00:00.000,options,call
53,1620189480000,16.3,16.85,15.6,15.6,7875,142850,34400,weekly,2021-5-6T21:00:00.000,options,call
54,1620189540000,15.65,16.25,15.5,15.75,11750,142850,34400,weekly,2021-5-6T21:00:00.000,options,call
55,1620189600000,15.7,18.6,15.2,17.25,45875,142850,34400,weekly,2021-5-6T21:00:00.000,options,call
56,1620189660000,17.7,18.35,16.35,16.35,15500,158325,34400,weekly,2021-5-6T21:00:00.000,options,call
57,1620189720000,16.6,16.8,15.65,15.95,8425,158325,34400,weekly,2021-5-6T21:00:00.000,options,call
58,1620189780000,16.25,17.25,16.1,16.6,6000,158325,34400,weekly,2021-5-6T21:00:00.000,options,call
59,1620189840000,16.65,16.7,15.55,15.75,5925,156700,34400,weekly,2021-5-6T21:00:00.000,options,call
60,1620189900000,16.15,16.7,15.55,16.5,4875,156700,34400,weekly,2021-5-6T21:00:00.000,options,call
61,1620189960000,16.25,16.65,15.95,16.45,2825,156700,34400,weekly,2021-5-6T21:00:00.000,options,call
62,1620190020000,16.3,17.25,16.2,16.3,6875,159450,34400,weekly,2021-5-6T21:00:00.000,options,call
63,1620190080000,16.25,16.6,13.95,16.5,16775,159450,34400,weekly,2021-5-6T21:00:00.000,options,call
64,1620190140000,16.3,16.75,16.0,16.3,7450,159450,34400,weekly,2021-5-6T21:00:00.000,options,call
65,1620190200000,16.65,16.65,15.95,16.05,4225,161625,34400,weekly,2021-5-6T21:00:00.000,options,call
66,1620190260000,16.15,16.95,16.15,16.3,3650,161625,34400,weekly,2021-5-6T21:00:00.000,options,call
67,1620190320000,16.4,16.6,16.2,16.4,3325,161625,34400,weekly,2021-5-6T21:00:00.000,options,call
68,1620190380000,16.5,16.6,16.05,16.3,3575,162650,34400,weekly,2021-5-6T21:00:00.000,options,call
69,1620190440000,16.3,16.6,16.1,16.2,7825,162650,34400,weekly,2021-5-6T21:00:00.000,options,call
70,1620190500000,16.05,16.05,13.75,15.45,14725,162650,34400,weekly,2021-5-6T21:00:00.000,options,call
71,1620190560000,15.45,15.9,14.7,14.7,12000,160975,34400,weekly,2021-5-6T21:00:00.000,options,call
72,1620190620000,14.7,15.1,13.9,14.65,13025,160975,34400,weekly,2021-5-6T21:00:00.000,options,call
73,1620190680000,14.6,15.2,14.35,15.15,9825,160975,34400,weekly,2021-5-6T21:00:00.000,options,call
74,1620190740000,14.85,15.2,14.2,14.55,8950,157600,34400,weekly,2021-5-6T21:00:00.000,options,call
75,1620190800000,14.55,15.65,14.5,15.05,16300,157600,34400,weekly,2021-5-6T21:00:00.000,options,call
76,1620190860000,15.15,16.8,14.45,14.5,16300,157600,34400,weekly,2021-5-6T21:00:00.000,options,call
77,1620190920000,14.5,15.25,13.6,14.5,17400,156075,34400,weekly,2021-5-6T21:00:00.000,options,call
78,1620190980000,14.45,14.5,13.1,13.75,12625,156075,34400,weekly,2021-5-6T21:00:00.000,options,call
79,1620191040000,13.75,13.8,13.1,13.75,13300,156075,34400,weekly,2021-5-6T21:00:00.000,options,call
80,1620191100000,13.75,14.65,12.7,13.05,28900,148475,34400,weekly,2021-5-6T21:00:00.000,options,call
81,1620191160000,13.1,13.45,12.75,12.75,14100,148475,34400,weekly,2021-5-6T21:00:00.000,options,call
82,1620191220000,12.8,12.8,12.2,12.2,16350,148475,34400,weekly,2021-5-6T21:00:00.000,options,call
83,1620191280000,12.2,12.5,11.75,11.95,13575,144125,34400,weekly,2021-5-6T21:00:00.000,options,call
84,1620191340000,12.2,13.2,12.15,13.0,15175,144125,34400,weekly,2021-5-6T21:00:00.000,options,call
85,1620191400000,12.95,13.9,12.85,13.35,16350,144125,34400,weekly,2021-5-6T21:00:00.000,options,call
86,1620191460000,13.3,13.6,12.85,12.95,6250,151275,34400,weekly,2021-5-6T21:00:00.000,options,call
87,1620191520000,13.0,13.0,12.25,12.5,4450,151275,34400,weekly,2021-5-6T21:00:00.000,options,call
88,1620191580000,12.5,12.75,12.0,12.75,12000,151275,34400,weekly,2021-5-6T21:00:00.000,options,call
89,1620191640000,12.65,13.15,12.4,12.9,15700,153275,34400,weekly,2021-5-6T21:00:00.000,options,call
90,1620191700000,13.0,13.4,12.6,12.8,11300,153275,34400,weekly,2021-5-6T21:00:00.000,options,call
91,1620191760000,12.9,13.55,12.8,13.4,13075,153275,34400,weekly,2021-5-6T21:00:00.000,options,call
92,1620191820000,13.4,13.45,12.5,12.75,12800,150250,34400,weekly,2021-5-6T21:00:00.000,options,call
93,1620191880000,12.6,12.95,12.05,12.25,12050,150250,34400,weekly,2021-5-6T21:00:00.000,options,call
94,1620191940000,12.35,12.6,12.05,12.25,13350,150250,34400,weekly,2021-5-6T21:00:00.000,options,call
95,1620192000000,12.25,12.5,10.8,10.8,18550,147975,34400,weekly,2021-5-6T21:00:00.000,options,call
96,1620192060000,10.55,11.55,10.45,11.5,16575,147975,34400,weekly,2021-5-6T21:00:00.000,options,call
97,1620192120000,11.6,11.9,11.4,11.4,8800,147975,34400,weekly,2021-5-6T21:00:00.000,options,call
98,1620192180000,11.5,11.55,11.25,11.3,4125,148150,34400,weekly,2021-5-6T21:00:00.000,options,call
99,1620192240000,11.35,11.45,11.0,11.15,7975,148150,34400,weekly,2021-5-6T21:00:00.000,options,call
100,1620192300000,11.15,11.35,10.7,11.1,10575,148150,34400,weekly,2021-5-6T21:00:00.000,options,call
101,1620192360000,11.1,11.15,10.35,10.8,24575,142125,34400,weekly,2021-5-6T21:00:00.000,options,call
102,1620192420000,10.85,11.1,10.5,11.0,14575,142125,34400,weekly,2021-5-6T21:00:00.000,options,call
103,1620192480000,11.0,11.05,10.65,10.9,7400,142125,34400,weekly,2021-5-6T21:00:00.000,options,call
104,1620192540000,10.9,11.1,10.8,10.85,8125,147500,34400,weekly,2021-5-6T21:00:00.000,options,call
105,1620192600000,10.85,11.6,10.85,11.5,13750,147500,34400,weekly,2021-5-6T21:00:00.000,options,call
106,1620192660000,11.45,11.6,11.4,11.4,5600,147500,34400,weekly,2021-5-6T21:00:00.000,options,call
107,1620192720000,11.4,11.6,11.25,11.3,6125,145325,34400,weekly,2021-5-6T21:00:00.000,options,call
108,1620192780000,11.3,11.35,10.75,10.95,5700,145325,34400,weekly,2021-5-6T21:00:00.000,options,call
109,1620192840000,10.9,10.95,10.5,10.6,5825,145325,34400,weekly,2021-5-6T21:00:00.000,options,call
110,1620192900000,10.6,10.65,9.85,10.05,18000,137075,34400,weekly,2021-5-6T21:00:00.000,options,call
111,1620192960000,10.05,10.35,9.85,10.0,6700,137075,34400,weekly,2021-5-6T21:00:00.000,options,call
112,1620193020000,9.9,10.0,9.65,9.95,6500,137075,34400,weekly,2021-5-6T21:00:00.000,options,call
113,1620193080000,9.8,9.9,9.0,9.5,12900,135725,34400,weekly,2021-5-6T21:00:00.000,options,call
114,1620193140000,9.55,9.55,9.1,9.25,16925,135725,34400,weekly,2021-5-6T21:00:00.000,options,call
115,1620193200000,9.25,9.3,8.6,8.6,10175,135725,34400,weekly,2021-5-6T21:00:00.000,options,call
116,1620193260000,8.55,8.6,8.15,8.3,16850,135525,34400,weekly,2021-5-6T21:00:00.000,options,call
117,1620193320000,8.25,8.5,8.05,8.5,12500,135525,34400,weekly,2021-5-6T21:00:00.000,options,call
118,1620193380000,8.5,8.65,8.3,8.55,7900,135525,34400,weekly,2021-5-6T21:00:00.000,options,call
119,1620193440000,8.55,8.65,8.2,8.2,10975,133400,34400,weekly,2021-5-6T21:00:00.000,options,call
120,1620193500000,8.25,8.4,8.0,8.05,13125,133400,34400,weekly,2021-5-6T21:00:00.000,options,call
121,1620193560000,8.0,8.35,7.6,7.8,14450,133400,34400,weekly,2021-5-6T21:00:00.000,options,call
122,1620193620000,7.7,7.9,7.7,7.8,5150,127325,34400,weekly,2021-5-6T21:00:00.000,options,call
123,1620193680000,7.75,8.05,7.55,7.7,10125,127325,34400,weekly,2021-5-6T21:00:00.000,options,call
124,1620193740000,7.7,7.85,7.55,7.6,7750,127325,34400,weekly,2021-5-6T21:00:00.000,options,call
125,1620193800000,7.6,7.9,7.35,7.7,24750,120800,34400,weekly,2021-5-6T21:00:00.000,options,call
126,1620193860000,7.75,7.8,7.5,7.6,3300,120800,34400,weekly,2021-5-6T21:00:00.000,options,call
127,1620193920000,7.55,7.8,7.5,7.7,3950,120800,34400,weekly,2021-5-6T21:00:00.000,options,call
128,1620193980000,7.7,7.85,7.6,7.85,4900,116825,34400,weekly,2021-5-6T21:00:00.000,options,call
129,1620194040000,7.65,7.75,7.45,7.45,4200,116825,34400,weekly,2021-5-6T21:00:00.000,options,call
130,1620194100000,7.5,7.7,7.4,7.55,16125,116825,34400,weekly,2021-5-6T21:00:00.000,options,call
131,1620194160000,7.5,7.6,7.35,7.6,8000,114350,34400,weekly,2021-5-6T21:00:00.000,options,call
132,1620194220000,7.6,7.7,7.45,7.7,5025,114350,34400,weekly,2021-5-6T21:00:00.000,options,call
133,1620194280000,7.7,7.85,7.65,7.8,4775,114350,34400,weekly,2021-5-6T21:00:00.000,options,call
134,1620194340000,7.8,7.85,7.7,7.8,3225,113650,34400,weekly,2021-5-6T21:00:00.000,options,call
135,1620194400000,7.75,8.2,7.7,8.1,6825,113650,34400,weekly,2021-5-6T21:00:00.000,options,call
136,1620194460000,8.1,8.1,7.75,7.8,3950,113650,34400,weekly,2021-5-6T21:00:00.000,options,call
137,1620194520000,7.75,7.8,7.55,7.8,4650,114050,34400,weekly,2021-5-6T21:00:00.000,options,call
138,1620194580000,7.8,7.95,7.75,7.9,2850,114050,34400,weekly,2021-5-6T21:00:00.000,options,call
139,1620194640000,7.9,7.95,7.75,7.75,950,114050,34400,weekly,2021-5-6T21:00:00.000,options,call
140,1620194700000,7.9,7.95,7.75,7.8,2800,110525,34400,weekly,2021-5-6T21:00:00.000,options,call
141,1620194760000,7.75,7.75,7.6,7.7,4700,110525,34400,weekly,2021-5-6T21:00:00.000,options,call
142,1620194820000,7.7,7.8,7.55,7.65,4825,110525,34400,weekly,2021-5-6T21:00:00.000,options,call
143,1620194880000,7.6,7.85,7.4,7.55,8725,109575,34400,weekly,2021-5-6T21:00:00.000,options,call
144,1620194940000,7.6,7.65,7.35,7.55,8600,109575,34400,weekly,2021-5-6T21:00:00.000,options,call
145,1620195000000,7.5,7.65,7.45,7.65,4225,109575,34400,weekly,2021-5-6T21:00:00.000,options,call
146,1620195060000,7.65,7.65,7.35,7.5,4025,114850,34400,weekly,2021-5-6T21:00:00.000,options,call
147,1620195120000,7.5,7.65,7.45,7.55,1775,114850,34400,weekly,2021-5-6T21:00:00.000,options,call
148,1620195180000,7.6,7.7,7.5,7.7,2400,114850,34400,weekly,2021-5-6T21:00:00.000,options,call
149,1620195240000,7.7,7.85,7.6,7.7,1950,114850,34400,weekly,2021-5-6T21:00:00.000,options,call
150,1620195300000,7.75,8.05,7.7,7.9,7550,116025,34400,weekly,2021-5-6T21:00:00.000,options,call
151,1620195360000,7.85,8.1,7.85,8.0,5425,116025,34400,weekly,2021-5-6T21:00:00.000,options,call
152,1620195420000,8.05,8.1,7.95,8.0,2550,116025,34400,weekly,2021-5-6T21:00:00.000,options,call
153,1620195480000,8.15,8.3,8.05,8.2,2550,119600,34400,weekly,2021-5-6T21:00:00.000,options,call
154,1620195540000,8.2,8.35,8.1,8.1,1700,119600,34400,weekly,2021-5-6T21:00:00.000,options,call
155,1620195600000,8.05,8.2,7.75,7.9,6700,120700,34400,weekly,2021-5-6T21:00:00.000,options,call
156,1620195660000,7.75,8.0,7.7,7.95,3125,120700,34400,weekly,2021-5-6T21:00:00.000,options,call
157,1620195720000,7.95,8.0,7.9,8.0,1850,120700,34400,weekly,2021-5-6T21:00:00.000,options,call
158,1620195780000,7.95,8.2,7.9,8.15,2450,120050,34400,weekly,2021-5-6T21:00:00.000,options,call
159,1620195840000,8.15,8.5,8.15,8.5,4100,120050,34400,weekly,2021-5-6T21:00:00.000,options,call
160,1620195900000,8.4,8.4,8.1,8.35,3925,120050,34400,weekly,2021-5-6T21:00:00.000,options,call
161,1620195960000,8.35,8.35,8.1,8.15,6150,120050,34400,weekly,2021-5-6T21:00:00.000,options,call
162,1620196020000,8.2,8.2,8.05,8.05,4175,119400,34400,weekly,2021-5-6T21:00:00.000,options,call
163,1620196080000,8.0,8.05,7.8,7.95,3525,119400,34400,weekly,2021-5-6T21:00:00.000,options,call
164,1620196140000,7.95,8.05,7.95,7.95,1175,119400,34400,weekly,2021-5-6T21:00:00.000,options,call
165,1620196200000,8.0,8.15,7.7,8.1,8875,119675,34400,weekly,2021-5-6T21:00:00.000,options,call
166,1620196260000,8.1,8.5,7.95,8.25,12500,119675,34400,weekly,2021-5-6T21:00:00.000,options,call
167,1620196320000,8.15,8.65,8.15,8.25,7725,126175,34400,weekly,2021-5-6T21:00:00.000,options,call
168,1620196380000,8.25,8.4,8.05,8.1,4475,126175,34400,weekly,2021-5-6T21:00:00.000,options,call
169,1620196440000,8.1,8.3,8.0,8.25,4375,126175,34400,weekly,2021-5-6T21:00:00.000,options,call
170,1620196500000,8.25,8.4,8.1,8.1,5800,126175,34400,weekly,2021-5-6T21:00:00.000,options,call
171,1620196560000,8.15,8.3,8.0,8.3,3275,127400,34400,weekly,2021-5-6T21:00:00.000,options,call
172,1620196620000,8.3,8.35,8.15,8.15,5950,127400,34400,weekly,2021-5-6T21:00:00.000,options,call
173,1620196680000,8.25,8.4,8.15,8.4,5100,127400,34400,weekly,2021-5-6T21:00:00.000,options,call
174,1620196740000,8.15,8.35,8.05,8.15,5525,127425,34400,weekly,2021-5-6T21:00:00.000,options,call
175,1620196800000,8.15,8.3,8.0,8.3,4000,127425,34400,weekly,2021-5-6T21:00:00.000,options,call
176,1620196860000,8.25,8.3,8.05,8.05,1925,127425,34400,weekly,2021-5-6T21:00:00.000,options,call
177,1620196920000,8.2,8.25,7.95,8.05,4000,125875,34400,weekly,2021-5-6T21:00:00.000,options,call
178,1620196980000,8.0,8.1,7.85,8.0,2650,125875,34400,weekly,2021-5-6T21:00:00.000,options,call
179,1620197040000,7.9,8.0,7.7,7.7,1025,125875,34400,weekly,2021-5-6T21:00:00.000,options,call
180,1620197100000,7.65,7.8,7.45,7.8,3250,127750,34400,weekly,2021-5-6T21:00:00.000,options,call
181,1620197160000,7.85,7.95,7.8,7.9,3850,127750,34400,weekly,2021-5-6T21:00:00.000,options,call
182,1620197220000,7.9,7.95,7.85,7.95,2500,127750,34400,weekly,2021-5-6T21:00:00.000,options,call
183,1620197280000,8.0,8.0,7.9,7.9,1725,127275,34400,weekly,2021-5-6T21:00:00.000,options,call
184,1620197340000,8.0,8.0,7.55,7.65,1175,127275,34400,weekly,2021-5-6T21:00:00.000,options,call
185,1620197400000,7.65,7.7,7.55,7.7,1725,127275,34400,weekly,2021-5-6T21:00:00.000,options,call
186,1620197460000,7.75,7.8,7.6,7.6,950,127000,34400,weekly,2021-5-6T21:00:00.000,options,call
187,1620197520000,7.75,7.8,7.55,7.75,3000,127000,34400,weekly,2021-5-6T21:00:00.000,options,call
188,1620197580000,7.75,7.75,7.5,7.75,1650,127000,34400,weekly,2021-5-6T21:00:00.000,options,call
189,1620197640000,7.75,7.75,7.3,7.35,3250,126925,34400,weekly,2021-5-6T21:00:00.000,options,call
190,1620197700000,7.35,7.35,7.25,7.3,2025,126925,34400,weekly,2021-5-6T21:00:00.000,options,call
191,1620197760000,7.2,7.4,7.2,7.35,1975,126925,34400,weekly,2021-5-6T21:00:00.000,options,call
192,1620197820000,7.3,7.5,7.3,7.5,9325,128000,34400,weekly,2021-5-6T21:00:00.000,options,call
193,1620197880000,7.6,7.65,7.4,7.4,4825,128000,34400,weekly,2021-5-6T21:00:00.000,options,call
194,1620197940000,7.4,7.5,7.3,7.4,3100,128000,34400,weekly,2021-5-6T21:00:00.000,options,call
195,1620198000000,7.4,7.65,7.35,7.5,4925,130900,34400,weekly,2021-5-6T21:00:00.000,options,call
196,1620198060000,7.5,7.55,7.3,7.4,1025,130900,34400,weekly,2021-5-6T21:00:00.000,options,call
197,1620198120000,7.4,7.5,7.25,7.5,1225,130900,34400,weekly,2021-5-6T21:00:00.000,options,call
198,1620198180000,7.5,7.5,7.45,7.5,450,131125,34400,weekly,2021-5-6T21:00:00.000,options,call
199,1620198240000,7.5,7.55,7.5,7.5,1175,131125,34400,weekly,2021-5-6T21:00:00.000,options,call
200,1620198300000,7.55,7.55,7.45,7.5,2375,131125,34400,weekly,2021-5-6T21:00:00.000,options,call
201,1620198360000,7.5,7.5,7.35,7.35,1075,130150,34400,weekly,2021-5-6T21:00:00.000,options,call
202,1620198420000,7.4,7.45,7.35,7.35,825,130150,34400,weekly,2021-5-6T21:00:00.000,options,call
203,1620198480000,7.4,7.4,7.2,7.35,4250,130150,34400,weekly,2021-5-6T21:00:00.000,options,call
204,1620198540000,7.45,7.5,7.1,7.1,4550,129900,34400,weekly,2021-5-6T21:00:00.000,options,call
205,1620198600000,7.1,7.2,7.05,7.2,2225,129900,34400,weekly,2021-5-6T21:00:00.000,options,call
206,1620198660000,7.25,7.3,7.15,7.25,2875,129900,34400,weekly,2021-5-6T21:00:00.000,options,call
207,1620198720000,7.25,7.25,7.1,7.15,2075,129375,34400,weekly,2021-5-6T21:00:00.000,options,call
208,1620198780000,7.15,7.2,7.1,7.1,1125,129375,34400,weekly,2021-5-6T21:00:00.000,options,call
209,1620198840000,7.1,7.2,7.05,7.15,1475,129375,34400,weekly,2021-5-6T21:00:00.000,options,call
210,1620198900000,7.15,7.25,7.1,7.1,2300,130225,34400,weekly,2021-5-6T21:00:00.000,options,call
211,1620198960000,7.15,7.2,7.05,7.1,6375,130225,34400,weekly,2021-5-6T21:00:00.000,options,call
212,1620199020000,7.1,7.15,7.0,7.0,2200,130225,34400,weekly,2021-5-6T21:00:00.000,options,call
213,1620199080000,6.9,7.15,6.9,7.1,3700,131225,34400,weekly,2021-5-6T21:00:00.000,options,call
214,1620199140000,7.1,7.2,7.05,7.1,2775,131225,34400,weekly,2021-5-6T21:00:00.000,options,call
215,1620199200000,7.1,7.1,6.9,6.9,2425,131225,34400,weekly,2021-5-6T21:00:00.000,options,call
216,1620199260000,6.9,7.1,6.9,7.05,4775,131950,34400,weekly,2021-5-6T21:00:00.000,options,call
217,1620199320000,7.1,7.25,7.0,7.2,1850,131950,34400,weekly,2021-5-6T21:00:00.000,options,call
218,1620199380000,7.1,7.7,7.0,7.7,9350,131950,34400,weekly,2021-5-6T21:00:00.000,options,call
219,1620199440000,7.65,9.6,7.45,9.55,28850,130775,34400,weekly,2021-5-6T21:00:00.000,options,call
220,1620199500000,9.5,9.65,8.2,8.45,24500,130775,34400,weekly,2021-5-6T21:00:00.000,options,call
221,1620199560000,8.55,8.8,8.3,8.7,10975,130775,34400,weekly,2021-5-6T21:00:00.000,options,call
222,1620199620000,8.7,9.85,8.7,9.5,13375,123500,34400,weekly,2021-5-6T21:00:00.000,options,call
223,1620199680000,9.4,9.5,8.95,9.0,8125,123500,34400,weekly,2021-5-6T21:00:00.000,options,call
224,1620199740000,9.0,10.4,8.9,10.4,6150,123500,34400,weekly,2021-5-6T21:00:00.000,options,call
225,1620199800000,10.35,11.45,9.85,10.15,18225,122675,34400,weekly,2021-5-6T21:00:00.000,options,call
226,1620199860000,10.1,10.3,9.9,9.95,10225,122675,34400,weekly,2021-5-6T21:00:00.000,options,call
227,1620199920000,9.8,10.1,9.35,9.35,9400,122675,34400,weekly,2021-5-6T21:00:00.000,options,call
228,1620199980000,9.35,9.5,8.65,8.8,8175,122450,34400,weekly,2021-5-6T21:00:00.000,options,call
229,1620200040000,8.8,9.45,8.8,9.4,7075,122450,34400,weekly,2021-5-6T21:00:00.000,options,call
230,1620200100000,9.5,10.3,9.5,9.9,9925,122450,34400,weekly,2021-5-6T21:00:00.000,options,call
231,1620200160000,9.95,10.2,9.7,9.8,7375,124900,34400,weekly,2021-5-6T21:00:00.000,options,call
232,1620200220000,9.85,10.95,9.65,10.6,6825,124900,34400,weekly,2021-5-6T21:00:00.000,options,call
233,1620200280000,10.65,11.2,10.5,10.8,8675,124900,34400,weekly,2021-5-6T21:00:00.000,options,call
234,1620200340000,10.8,12.35,10.75,11.65,15750,126225,34400,weekly,2021-5-6T21:00:00.000,options,call
235,1620200400000,11.7,12.35,10.95,11.05,22025,126225,34400,weekly,2021-5-6T21:00:00.000,options,call
236,1620200460000,11.25,11.65,11.0,11.55,9025,126225,34400,weekly,2021-5-6T21:00:00.000,options,call
237,1620200520000,11.55,12.0,11.1,11.4,8275,128050,34400,weekly,2021-5-6T21:00:00.000,options,call
238,1620200580000,11.45,11.85,11.3,11.3,6425,128050,34400,weekly,2021-5-6T21:00:00.000,options,call
239,1620200640000,11.4,11.45,10.4,10.4,13225,128050,34400,weekly,2021-5-6T21:00:00.000,options,call
240,1620200700000,10.3,10.65,9.6,10.4,12500,129725,34400,weekly,2021-5-6T21:00:00.000,options,call
241,1620200760000,10.45,11.35,10.45,10.75,7750,129725,34400,weekly,2021-5-6T21:00:00.000,options,call
242,1620200820000,10.55,11.1,10.55,10.95,7925,129725,34400,weekly,2021-5-6T21:00:00.000,options,call
243,1620200880000,11.0,11.1,10.45,10.65,5400,131050,34400,weekly,2021-5-6T21:00:00.000,options,call
244,1620200940000,10.6,10.95,10.45,10.45,5025,131050,34400,weekly,2021-5-6T21:00:00.000,options,call
245,1620201000000,10.35,10.8,10.35,10.6,8800,131050,34400,weekly,2021-5-6T21:00:00.000,options,call
246,1620201060000,10.6,11.05,10.6,10.7,5900,129600,34400,weekly,2021-5-6T21:00:00.000,options,call
247,1620201120000,10.8,10.85,10.45,10.75,3525,129600,34400,weekly,2021-5-6T21:00:00.000,options,call
248,1620201180000,10.8,10.8,10.0,10.1,8600,129600,34400,weekly,2021-5-6T21:00:00.000,options,call
249,1620201240000,10.1,10.1,9.2,9.65,8650,132025,34400,weekly,2021-5-6T21:00:00.000,options,call
250,1620201300000,9.75,9.95,9.45,9.45,5125,132025,34400,weekly,2021-5-6T21:00:00.000,options,call
251,1620201360000,9.55,9.85,9.4,9.75,6175,132025,34400,weekly,2021-5-6T21:00:00.000,options,call
252,1620201420000,9.75,9.9,9.6,9.65,9750,131450,34400,weekly,2021-5-6T21:00:00.000,options,call
253,1620201480000,9.8,9.8,9.15,9.25,7725,131450,34400,weekly,2021-5-6T21:00:00.000,options,call
254,1620201540000,9.25,9.3,8.2,8.95,17975,131450,34400,weekly,2021-5-6T21:00:00.000,options,call
255,1620201600000,8.95,9.15,8.3,8.8,5925,132875,34400,weekly,2021-5-6T21:00:00.000,options,call
256,1620201660000,8.8,9.05,8.5,9.0,5800,132875,34400,weekly,2021-5-6T21:00:00.000,options,call
257,1620201720000,8.95,9.1,8.5,8.5,4025,132875,34400,weekly,2021-5-6T21:00:00.000,options,call
258,1620201780000,8.5,8.7,8.45,8.65,8625,132875,34400,weekly,2021-5-6T21:00:00.000,options,call
259,1620201840000,8.6,8.6,7.9,8.3,7700,132875,34400,weekly,2021-5-6T21:00:00.000,options,call
260,1620201900000,8.3,8.4,8.1,8.15,6475,132875,34400,weekly,2021-5-6T21:00:00.000,options,call
261,1620201960000,8.15,8.15,7.7,7.85,15050,136075,34400,weekly,2021-5-6T21:00:00.000,options,call
262,1620202020000,7.85,8.0,7.85,7.85,14975,136075,34400,weekly,2021-5-6T21:00:00.000,options,call
263,1620202080000,7.85,8.0,7.75,7.95,15325,136075,34400,weekly,2021-5-6T21:00:00.000,options,call
264,1620202140000,7.95,8.2,7.8,7.85,20125,167750,34400,weekly,2021-5-6T21:00:00.000,options,call
265,1620202200000,7.85,8.15,7.7,7.9,19075,167750,34400,weekly,2021-5-6T21:00:00.000,options,call
266,1620202260000,7.8,8.0,7.75,8.0,9600,167750,34400,weekly,2021-5-6T21:00:00.000,options,call
267,1620202320000,7.9,8.0,7.7,7.85,9775,182425,34400,weekly,2021-5-6T21:00:00.000,options,call
268,1620202380000,7.8,7.8,7.5,7.5,10850,182425,34400,weekly,2021-5-6T21:00:00.000,options,call
269,1620202440000,7.45,7.5,6.95,7.15,23550,182425,34400,weekly,2021-5-6T21:00:00.000,options,call
270,1620202500000,7.05,7.15,6.95,7.0,28875,202925,34400,weekly,2021-5-6T21:00:00.000,options,call
271,1620202560000,6.95,7.05,6.85,6.95,7475,202925,34400,weekly,2021-5-6T21:00:00.000,options,call
272,1620202620000,6.95,7.25,6.7,7.25,10550,202925,34400,weekly,2021-5-6T21:00:00.000,options,call
273,1620202680000,7.25,7.6,7.25,7.5,6425,217850,34400,weekly,2021-5-6T21:00:00.000,options,call
274,1620202740000,7.45,7.75,7.35,7.55,6175,217850,34400,weekly,2021-5-6T21:00:00.000,options,call
275,1620202800000,7.55,7.9,7.5,7.9,3675,217850,34400,weekly,2021-5-6T21:00:00.000,options,call
276,1620202860000,8.1,8.15,7.85,7.85,7975,218700,34400,weekly,2021-5-6T21:00:00.000,options,call
277,1620202920000,7.95,7.95,7.4,7.4,18075,218700,34400,weekly,2021-5-6T21:00:00.000,options,call
278,1620202980000,7.4,7.45,6.75,6.9,16375,218700,34400,weekly,2021-5-6T21:00:00.000,options,call
279,1620203040000,7.05,7.2,6.75,6.85,11200,233950,34400,weekly,2021-5-6T21:00:00.000,options,call
280,1620203100000,6.85,6.95,6.6,6.6,13575,233950,34400,weekly,2021-5-6T21:00:00.000,options,call
281,1620203160000,6.6,6.75,6.4,6.55,11600,233950,34400,weekly,2021-5-6T21:00:00.000,options,call
282,1620203220000,6.6,6.95,6.55,6.85,7600,244075,34400,weekly,2021-5-6T21:00:00.000,options,call
283,1620203280000,6.85,7.0,6.8,6.8,16600,244075,34400,weekly,2021-5-6T21:00:00.000,options,call
284,1620203340000,6.85,6.9,6.55,6.7,13925,244075,34400,weekly,2021-5-6T21:00:00.000,options,call
285,1620203400000,6.7,6.9,6.55,6.55,22375,266775,34400,weekly,2021-5-6T21:00:00.000,options,call
286,1620203460000,6.65,6.7,6.05,6.25,30250,266775,34400,weekly,2021-5-6T21:00:00.000,options,call
287,1620203520000,6.35,6.65,6.15,6.45,24950,266775,34400,weekly,2021-5-6T21:00:00.000,options,call
288,1620203580000,6.55,6.65,6.25,6.3,10075,293700,34400,weekly,2021-5-6T21:00:00.000,options,call
289,1620203640000,6.2,6.35,6.0,6.15,7050,293700,34400,weekly,2021-5-6T21:00:00.000,options,call
290,1620203700000,6.15,6.15,5.8,5.85,7100,293700,34400,weekly,2021-5-6T21:00:00.000,options,call
291,1620203760000,5.8,6.3,5.75,6.3,9725,288775,34400,weekly,2021-5-6T21:00:00.000,options,call
292,1620203820000,6.2,6.35,6.2,6.35,1050,288775,34400,weekly,2021-5-6T21:00:00.000,options,call
293,1620203880000,6.3,6.3,6.1,6.3,7025,288775,34400,weekly,2021-5-6T21:00:00.000,options,call
294,1620203940000,6.35,6.35,6.2,6.3,2575,294525,34400,weekly,2021-5-6T21:00:00.000,options,call
295,1620204000000,6.3,6.4,5.85,5.95,20125,294525,34400,weekly,2021-5-6T21:00:00.000,options,call
296,1620204060000,5.9,6.1,5.7,5.95,21400,294525,34400,weekly,2021-5-6T21:00:00.000,options,call
297,1620204120000,5.95,6.15,5.65,6.05,24975,299775,34400,weekly,2021-5-6T21:00:00.000,options,call
298,1620204180000,6.15,6.15,5.7,5.75,8425,299775,34400,weekly,2021-5-6T21:00:00.000,options,call
299,1620204240000,5.75,5.8,5.65,5.65,5725,299775,34400,weekly,2021-5-6T21:00:00.000,options,call
300,1620204300000,5.65,5.8,5.55,5.8,6950,302600,34400,weekly,2021-5-6T21:00:00.000,options,call
301,1620204360000,5.8,5.9,5.7,5.8,4325,302600,34400,weekly,2021-5-6T21:00:00.000,options,call
302,1620204420000,5.8,5.9,5.7,5.75,3825,302600,34400,weekly,2021-5-6T21:00:00.000,options,call
303,1620204480000,5.75,5.75,5.65,5.75,5200,300800,34400,weekly,2021-5-6T21:00:00.000,options,call
304,1620204540000,5.7,5.8,5.65,5.75,2725,300800,34400,weekly,2021-5-6T21:00:00.000,options,call
305,1620204600000,5.75,5.8,5.55,5.7,8325,300800,34400,weekly,2021-5-6T21:00:00.000,options,call
306,1620204660000,5.75,5.9,5.65,5.9,8375,301150,34400,weekly,2021-5-6T21:00:00.000,options,call
307,1620204720000,5.75,5.95,5.75,5.9,4200,301150,34400,weekly,2021-5-6T21:00:00.000,options,call
308,1620204780000,5.9,5.9,5.65,5.7,3750,301150,34400,weekly,2021-5-6T21:00:00.000,options,call
309,1620204840000,5.8,5.85,5.65,5.75,5275,298100,34400,weekly,2021-5-6T21:00:00.000,options,call
310,1620204900000,5.75,5.8,5.6,5.6,3000,298100,34400,weekly,2021-5-6T21:00:00.000,options,call
311,1620204960000,5.6,5.8,5.6,5.7,3550,298100,34400,weekly,2021-5-6T21:00:00.000,options,call
312,1620205020000,5.7,5.7,5.5,5.6,1900,295500,34400,weekly,2021-5-6T21:00:00.000,options,call
313,1620205080000,5.6,5.65,5.45,5.5,3600,295500,34400,weekly,2021-5-6T21:00:00.000,options,call
314,1620205140000,5.5,6.4,5.5,5.85,15850,295500,34400,weekly,2021-5-6T21:00:00.000,options,call
315,1620205200000,5.85,5.9,5.65,5.65,10000,296500,34400,weekly,2021-5-6T21:00:00.000,options,call
316,1620205260000,5.65,5.85,5.4,5.8,15675,296500,34400,weekly,2021-5-6T21:00:00.000,options,call
317,1620205320000,5.75,5.8,5.7,5.7,3625,296500,34400,weekly,2021-5-6T21:00:00.000,options,call
318,1620205380000,5.55,5.65,5.45,5.6,4075,294825,34400,weekly,2021-5-6T21:00:00.000,options,call
319,1620205440000,5.6,5.6,5.5,5.5,2450,294825,34400,weekly,2021-5-6T21:00:00.000,options,call
320,1620205500000,5.55,5.55,5.25,5.4,3325,294825,34400,weekly,2021-5-6T21:00:00.000,options,call
321,1620205560000,5.35,5.45,5.2,5.35,7125,295425,34400,weekly,2021-5-6T21:00:00.000,options,call
322,1620205620000,5.3,5.3,5.15,5.2,2775,295425,34400,weekly,2021-5-6T21:00:00.000,options,call
323,1620205680000,5.2,5.35,5.15,5.3,4225,295425,34400,weekly,2021-5-6T21:00:00.000,options,call
324,1620205740000,5.3,5.5,5.25,5.5,3200,294325,34400,weekly,2021-5-6T21:00:00.000,options,call
325,1620205800000,5.35,5.6,5.35,5.4,7225,294325,34400,weekly,2021-5-6T21:00:00.000,options,call
326,1620205860000,5.4,5.45,5.25,5.35,3375,294325,34400,weekly,2021-5-6T21:00:00.000,options,call
327,1620205920000,5.35,5.4,5.2,5.35,3375,293000,34400,weekly,2021-5-6T21:00:00.000,options,call
328,1620205980000,5.35,5.45,5.25,5.35,3200,293000,34400,weekly,2021-5-6T21:00:00.000,options,call
329,1620206040000,5.35,5.5,5.3,5.5,6475,293000,34400,weekly,2021-5-6T21:00:00.000,options,call
330,1620206100000,5.5,5.5,5.25,5.4,6875,291075,34400,weekly,2021-5-6T21:00:00.000,options,call
331,1620206160000,5.4,5.65,5.25,5.3,6525,291075,34400,weekly,2021-5-6T21:00:00.000,options,call
332,1620206220000,5.35,5.4,5.2,5.25,3625,291075,34400,weekly,2021-5-6T21:00:00.000,options,call
333,1620206280000,5.25,5.3,5.2,5.3,5975,291400,34400,weekly,2021-5-6T21:00:00.000,options,call
334,1620206340000,5.3,5.3,5.05,5.1,11175,291400,34400,weekly,2021-5-6T21:00:00.000,options,call
335,1620206400000,5.1,5.25,5.1,5.2,6150,291400,34400,weekly,2021-5-6T21:00:00.000,options,call
336,1620206460000,5.25,5.25,5.1,5.2,3875,292475,34400,weekly,2021-5-6T21:00:00.000,options,call
337,1620206520000,5.2,5.25,5.05,5.15,5050,292475,34400,weekly,2021-5-6T21:00:00.000,options,call
338,1620206580000,5.15,5.2,5.0,5.05,6200,292475,34400,weekly,2021-5-6T21:00:00.000,options,call
339,1620206640000,5.05,5.2,5.05,5.2,8375,290300,34400,weekly,2021-5-6T21:00:00.000,options,call
340,1620206700000,5.1,5.25,5.1,5.1,6400,290300,34400,weekly,2021-5-6T21:00:00.000,options,call
341,1620206760000,5.1,5.25,5.1,5.25,6050,290300,34400,weekly,2021-5-6T21:00:00.000,options,call
342,1620206820000,5.15,5.3,5.1,5.2,12250,289925,34400,weekly,2021-5-6T21:00:00.000,options,call
343,1620206880000,5.15,5.2,4.85,4.9,12025,289925,34400,weekly,2021-5-6T21:00:00.000,options,call
344,1620206940000,4.9,4.9,4.6,4.6,11775,289925,34400,weekly,2021-5-6T21:00:00.000,options,call
345,1620207000000,4.6,4.65,4.45,4.55,11850,285675,34400,weekly,2021-5-6T21:00:00.000,options,call
346,1620207060000,4.5,4.65,4.5,4.6,7600,285675,34400,weekly,2021-5-6T21:00:00.000,options,call
347,1620207120000,4.6,4.95,4.6,4.95,6150,285675,34400,weekly,2021-5-6T21:00:00.000,options,call
348,1620207180000,4.9,5.05,4.85,5.0,3850,285300,34400,weekly,2021-5-6T21:00:00.000,options,call
349,1620207240000,5.0,5.05,4.85,4.85,3575,285300,34400,weekly,2021-5-6T21:00:00.000,options,call
350,1620207300000,4.95,4.95,4.6,4.7,4450,285300,34400,weekly,2021-5-6T21:00:00.000,options,call
351,1620207360000,4.65,4.75,4.5,4.5,4650,284225,34400,weekly,2021-5-6T21:00:00.000,options,call
352,1620207420000,4.5,4.8,4.5,4.6,10325,284225,34400,weekly,2021-5-6T21:00:00.000,options,call
353,1620207480000,4.65,4.75,4.55,4.7,9400,284225,34400,weekly,2021-5-6T21:00:00.000,options,call
354,1620207540000,4.7,4.9,4.65,4.85,10450,284475,34400,weekly,2021-5-6T21:00:00.000,options,call
355,1620207600000,4.8,4.95,4.7,4.95,11825,284475,34400,weekly,2021-5-6T21:00:00.000,options,call
356,1620207660000,4.95,5.1,4.85,4.95,10275,284475,34400,weekly,2021-5-6T21:00:00.000,options,call
357,1620207720000,5.05,5.1,4.95,5.05,6550,279750,34400,weekly,2021-5-6T21:00:00.000,options,call
358,1620207780000,4.9,4.9,4.6,4.7,6700,279750,34400,weekly,2021-5-6T21:00:00.000,options,call
359,1620207840000,4.7,4.75,4.5,4.65,6175,279750,34400,weekly,2021-5-6T21:00:00.000,options,call
360,1620207900000,4.5,4.7,4.35,4.5,10425,276775,34400,weekly,2021-5-6T21:00:00.000,options,call
361,1620207960000,4.45,4.5,4.3,4.5,14550,276775,34400,weekly,2021-5-6T21:00:00.000,options,call
362,1620208020000,4.5,4.6,4.4,4.4,14250,276775,34400,weekly,2021-5-6T21:00:00.000,options,call
363,1620208080000,4.4,4.5,4.2,4.25,8450,279550,34400,weekly,2021-5-6T21:00:00.000,options,call
364,1620208140000,4.25,4.25,4.15,4.2,4350,279550,34400,weekly,2021-5-6T21:00:00.000,options,call
365,1620208200000,4.2,4.55,4.15,4.45,9775,279550,34400,weekly,2021-5-6T21:00:00.000,options,call
366,1620208260000,4.5,4.75,4.45,4.75,10325,279125,34400,weekly,2021-5-6T21:00:00.000,options,call
367,1620208320000,4.7,4.75,4.35,4.4,6750,279125,34400,weekly,2021-5-6T21:00:00.000,options,call
368,1620208380000,4.55,4.6,4.4,4.4,1950,279125,34400,weekly,2021-5-6T21:00:00.000,options,call
369,1620208440000,4.45,4.8,4.45,4.75,4700,277400,34400,weekly,2021-5-6T21:00:00.000,options,call
370,1620208500000,4.75,4.95,4.7,4.8,6850,277400,34400,weekly,2021-5-6T21:00:00.000,options,call
371,1620208560000,4.8,4.8,4.3,4.4,7450,277400,34400,weekly,2021-5-6T21:00:00.000,options,call
372,1620208620000,4.4,4.8,4.3,4.8,13525,277325,34400,weekly,2021-5-6T21:00:00.000,options,call
373,1620208680000,4.75,5.3,4.65,5.1,11500,277325,34400,weekly,2021-5-6T21:00:00.000,options,call
374,1620208740000,5.1,6.05,4.7,5.95,10350,277325,34400,weekly,2021-5-6T21:00:00.000,options,call
