,timestamp,open,high,low,close,volume,open_interest,strike,expiry_type,expiry,instrument,contract_type
0,1666842300000,121.15,162.7,112.45,113.4,1430575,1125425,41400,weekly,2022-10-27T21:00:00.000,options,call
1,1666842360000,113.4,124.9,106.8,121.7,1227925,1125425,41400,weekly,2022-10-27T21:00:00.000,options,call
2,1666842420000,122.7,130.45,120.8,122.1,1060225,1827675,41400,weekly,2022-10-27T21:00:00.000,options,call
3,1666842480000,121.7,133.65,118.8,126.45,1002900,1827675,41400,weekly,2022-10-27T21:00:00.000,options,call
4,1666842540000,126.5,131.5,125.35,131.25,802600,1827675,41400,weekly,2022-10-27T21:00:00.000,options,call
5,1666842600000,130.8,149.95,130.7,147.1,1910950,2235675,41400,weekly,2022-10-27T21:00:00.000,options,call
6,1666842660000,148.0,158.15,143.65,151.35,1337825,2235675,41400,weekly,2022-10-27T21:00:00.000,options,call
7,1666842720000,149.65,153.5,130.15,130.15,1312175,2235675,41400,weekly,2022-10-27T21:00:00.000,options,call
8,1666842780000,130.3,136.0,123.5,126.0,1024700,2661500,41400,weekly,2022-10-27T21:00:00.000,options,call
9,1666842840000,126.9,133.6,123.65,126.75,1001700,2661500,41400,weekly,2022-10-27T21:00:00.000,options,call
10,1666842900000,126.85,130.5,118.55,118.55,1106925,2661500,41400,weekly,2022-10-27T21:00:00.000,options,call
11,1666842960000,116.8,132.95,115.25,130.55,1010175,3223100,41400,weekly,2022-10-27T21:00:00.000,options,call
12,1666843020000,132.95,142.6,130.4,131.55,948175,3223100,41400,weekly,2022-10-27T21:00:00.000,options,call
13,1666843080000,130.5,136.7,130.15,130.5,561925,3223100,41400,weekly,2022-10-27T21:00:00.000,options,call
14,1666843140000,130.65,141.7,130.15,137.25,872250,3342650,41400,weekly,2022-10-27T21:00:00.000,options,call
15,1666843200000,137.4,147.3,133.5,141.15,1000325,3342650,41400,weekly,2022-10-27T21:00:00.000,options,call
16,1666843260000,142.0,143.7,135.85,137.45,692725,3342650,41400,weekly,2022-10-27T21:00:00.000,options,call
17,1666843320000,138.1,148.4,136.65,143.65,943425,3450675,41400,weekly,2022-10-27T21:00:00.000,options,call
18,1666843380000,143.8,148.6,135.0,135.0,848300,3450675,41400,weekly,2022-10-27T21:00:00.000,options,call
19,1666843440000,135.2,141.35,135.2,139.55,537200,3450675,41400,weekly,2022-10-27T21:00:00.000,options,call
20,1666843500000,138.95,146.35,134.35,142.85,705925,3613975,41400,weekly,2022-10-27T21:00:00.000,options,call
21,1666843560000,143.6,143.8,137.6,140.35,464050,3613975,41400,weekly,2022-10-27T21:00:00.000,options,call
22,1666843620000,140.8,144.4,138.55,141.3,463200,3613975,41400,weekly,2022-10-27T21:00:00.000,options,call
23,1666843680000,142.35,171.75,142.25,169.4,1721925,3655900,41400,weekly,2022-10-27T21:00:00.000,options,call
24,1666843740000,168.5,174.85,160.15,169.65,1617850,3655900,41400,weekly,2022-10-27T21:00:00.000,options,call
25,1666843800000,168.7,170.15,162.35,167.9,928475,3655900,41400,weekly,2022-10-27T21:00:00.000,options,call
26,1666843860000,168.15,179.95,168.15,169.4,1232400,3218150,41400,weekly,2022-10-27T21:00:00.000,options,call
27,1666843920000,167.9,170.15,152.6,152.6,813525,3218150,41400,weekly,2022-10-27T21:00:00.000,options,call
28,1666843980000,152.7,166.15,151.55,164.85,631200,3218150,41400,weekly,2022-10-27T21:00:00.000,options,call
29,1666844040000,165.15,176.3,163.9,176.3,749100,3140800,41400,weekly,2022-10-27T21:00:00.000,options,call
30,1666844100000,177.2,187.4,169.85,170.45,1431850,3140800,41400,weekly,2022-10-27T21:00:00.000,options,call
31,1666844160000,170.65,170.65,150.3,152.75,918175,3140800,41400,weekly,2022-10-27T21:00:00.000,options,call
32,1666844220000,153.55,166.25,150.0,162.65,711175,2961150,41400,weekly,2022-10-27T21:00:00.000,options,call
33,1666844280000,161.15,167.1,152.1,152.1,475400,2961150,41400,weekly,2022-10-27T21:00:00.000,options,call
34,1666844340000,151.15,155.45,131.5,138.55,1000250,2961150,41400,weekly,2022-10-27T21:00:00.000,options,call
35,1666844400000,136.6,141.35,119.05,129.25,1180725,3092200,41400,weekly,2022-10-27T21:00:00.000,options,call
36,1666844460000,129.1,135.35,126.05,129.35,782200,3092200,41400,weekly,2022-10-27T21:00:00.000,options,call
37,1666844520000,128.5,133.3,125.95,128.8,598875,3092200,41400,weekly,2022-10-27T21:00:00.000,options,call
38,1666844580000,129.75,136.55,128.2,128.6,670075,3264525,41400,weekly,2022-10-27T21:00:00.000,options,call
39,1666844640000,128.0,133.65,126.55,130.0,362625,3264525,41400,weekly,2022-10-27T21:00:00.000,options,call
40,1666844700000,130.5,130.5,116.1,119.95,921875,3264525,41400,weekly,2022-10-27T21:00:00.000,options,call
41,1666844760000,119.0,121.9,104.5,107.95,1035100,3550350,41400,weekly,2022-10-27T21:00:00.000,options,call
42,1666844820000,107.7,112.0,102.8,105.65,806550,3550350,41400,weekly,2022-10-27T21:00:00.000,options,call
43,1666844880000,105.6,108.8,100.35,103.3,740325,3550350,41400,weekly,2022-10-27T21:00:00.000,options,call
44,1666844940000,103.05,114.65,101.75,113.75,614550,3844925,41400,weekly,2022-10-27T21:00:00.000,options,call
45,1666845000000,112.05,112.1,102.85,109.55,618325,3844925,41400,weekly,2022-10-27T21:00:00.000,options,call
46,1666845060000,109.0,113.85,107.05,113.85,381775,3844925,41400,weekly,2022-10-27T21:00:00.000,options,call
47,1666845120000,113.75,113.75,102.55,103.1,476375,4068975,41400,weekly,2022-10-27T21:00:00.000,options,call
48,1666845180000,102.25,106.85,101.15,103.0,357100,4068975,41400,weekly,2022-10-27T21:00:00.000,options,call
49,1666845240000,102.55,102.55,91.05,95.65,1085775,4068975,41400,weekly,2022-10-27T21:00:00.000,options,call
50,1666845300000,94.8,104.6,93.4,102.45,662450,4257475,41400,weekly,2022-10-27T21:00:00.000,options,call
51,1666845360000,102.3,108.45,100.75,105.55,706025,4257475,41400,weekly,2022-10-27T21:00:00.000,options,call
52,1666845420000,104.95,104.95,96.95,97.7,492900,4257475,41400,weekly,2022-10-27T21:00:00.000,options,call
53,1666845480000,97.9,101.4,94.8,97.75,412125,4409675,41400,weekly,2022-10-27T21:00:00.000,options,call
54,1666845540000,96.55,97.25,92.0,93.8,437100,4409675,41400,weekly,2022-10-27T21:00:00.000,options,call
55,1666845600000,93.95,101.5,93.05,100.15,527250,4409675,41400,weekly,2022-10-27T21:00:00.000,options,call
56,1666845660000,100.85,108.25,100.85,108.25,701475,4478550,41400,weekly,2022-10-27T21:00:00.000,options,call
57,1666845720000,106.2,106.35,98.0,99.5,565925,4478550,41400,weekly,2022-10-27T21:00:00.000,options,call
58,1666845780000,99.4,102.0,95.0,97.7,444525,4478550,41400,weekly,2022-10-27T21:00:00.000,options,call
59,1666845840000,98.8,106.1,98.2,101.7,532175,4575250,41400,weekly,2022-10-27T21:00:00.000,options,call
60,1666845900000,100.3,104.4,95.6,95.6,412175,4575250,41400,weekly,2022-10-27T21:00:00.000,options,call
61,1666845960000,95.45,101.8,90.2,101.25,797700,4575250,41400,weekly,2022-10-27T21:00:00.000,options,call
62,1666846020000,101.85,109.0,100.05,107.6,952500,4583950,41400,weekly,2022-10-27T21:00:00.000,options,call
63,1666846080000,107.7,120.2,106.75,116.25,1564425,4583950,41400,weekly,2022-10-27T21:00:00.000,options,call
64,1666846140000,116.6,118.0,101.3,107.3,950850,4583950,41400,weekly,2022-10-27T21:00:00.000,options,call
65,1666846200000,106.5,113.5,105.05,108.25,706400,4709275,41400,weekly,2022-10-27T21:00:00.000,options,call
66,1666846260000,108.85,116.25,105.95,114.45,701950,4709275,41400,weekly,2022-10-27T21:00:00.000,options,call
67,1666846320000,115.6,118.4,111.6,114.8,661675,4709275,41400,weekly,2022-10-27T21:00:00.000,options,call
68,1666846380000,115.15,116.45,109.1,112.25,507475,4824675,41400,weekly,2022-10-27T21:00:00.000,options,call
69,1666846440000,112.5,119.5,112.5,119.25,583950,4824675,41400,weekly,2022-10-27T21:00:00.000,options,call
70,1666846500000,119.0,119.2,115.7,117.3,546200,4824675,41400,weekly,2022-10-27T21:00:00.000,options,call
71,1666846560000,117.7,118.25,113.6,114.4,394050,4845900,41400,weekly,2022-10-27T21:00:00.000,options,call
72,1666846620000,114.9,119.85,110.4,113.05,654675,4845900,41400,weekly,2022-10-27T21:00:00.000,options,call
73,1666846680000,112.2,113.3,105.95,109.45,635900,4845900,41400,weekly,2022-10-27T21:00:00.000,options,call
74,1666846740000,110.1,111.8,105.65,106.6,341350,4882200,41400,weekly,2022-10-27T21:00:00.000,options,call
75,1666846800000,106.45,110.9,99.8,100.9,685675,4882200,41400,weekly,2022-10-27T21:00:00.000,options,call
76,1666846860000,102.4,102.4,97.2,100.1,532875,4882200,41400,weekly,2022-10-27T21:00:00.000,options,call
77,1666846920000,99.6,100.7,90.65,90.65,692850,4947825,41400,weekly,2022-10-27T21:00:00.000,options,call
78,1666846980000,90.6,92.7,82.8,86.55,1093350,4947825,41400,weekly,2022-10-27T21:00:00.000,options,call
79,1666847040000,87.4,93.35,85.75,92.3,665175,4947825,41400,weekly,2022-10-27T21:00:00.000,options,call
80,1666847100000,92.75,92.75,86.65,87.2,495225,5133675,41400,weekly,2022-10-27T21:00:00.000,options,call
81,1666847160000,87.5,87.5,80.2,80.2,715975,5133675,41400,weekly,2022-10-27T21:00:00.000,options,call
82,1666847220000,80.0,83.15,77.3,78.55,904575,5133675,41400,weekly,2022-10-27T21:00:00.000,options,call
83,1666847280000,79.45,83.95,77.9,83.65,478825,5257900,41400,weekly,2022-10-27T21:00:00.000,options,call
84,1666847340000,82.9,87.9,82.4,83.45,557350,5257900,41400,weekly,2022-10-27T21:00:00.000,options,call
85,1666847400000,82.95,82.95,78.25,80.95,483350,5257900,41400,weekly,2022-10-27T21:00:00.000,options,call
86,1666847460000,80.8,87.05,79.55,87.05,462200,5352650,41400,weekly,2022-10-27T21:00:00.000,options,call
87,1666847520000,86.25,86.25,79.55,82.75,435675,5352650,41400,weekly,2022-10-27T21:00:00.000,options,call
88,1666847580000,83.2,87.25,81.0,82.3,485400,5352650,41400,weekly,2022-10-27T21:00:00.000,options,call
89,1666847640000,82.55,84.9,76.1,77.1,476200,5394975,41400,weekly,2022-10-27T21:00:00.000,options,call
90,1666847700000,76.45,77.55,69.8,73.5,1066475,5394975,41400,weekly,2022-10-27T21:00:00.000,options,call
91,1666847760000,73.45,82.35,71.1,81.15,931575,5394975,41400,weekly,2022-10-27T21:00:00.000,options,call
92,1666847820000,81.55,81.75,73.9,75.15,534625,5417850,41400,weekly,2022-10-27T21:00:00.000,options,call
93,1666847880000,75.65,80.4,74.8,79.45,373525,5417850,41400,weekly,2022-10-27T21:00:00.000,options,call
94,1666847940000,78.95,78.95,74.6,75.4,388900,5417850,41400,weekly,2022-10-27T21:00:00.000,options,call
95,1666848000000,76.1,77.5,72.05,73.1,444500,5493625,41400,weekly,2022-10-27T21:00:00.000,options,call
96,1666848060000,73.1,75.05,71.45,74.6,459000,5493625,41400,weekly,2022-10-27T21:00:00.000,options,call
97,1666848120000,74.55,80.25,74.15,80.25,378725,5493625,41400,weekly,2022-10-27T21:00:00.000,options,call
98,1666848180000,80.45,81.1,76.6,78.0,448250,5532600,41400,weekly,2022-10-27T21:00:00.000,options,call
99,1666848240000,78.3,80.9,77.65,80.9,305925,5532600,41400,weekly,2022-10-27T21:00:00.000,options,call
100,1666848300000,80.7,83.0,76.4,79.05,550625,5532600,41400,weekly,2022-10-27T21:00:00.000,options,call
101,1666848360000,79.5,81.3,77.45,78.4,277700,5589875,41400,weekly,2022-10-27T21:00:00.000,options,call
102,1666848420000,78.0,82.0,76.05,80.9,336500,5589875,41400,weekly,2022-10-27T21:00:00.000,options,call
103,1666848480000,79.85,81.5,77.0,79.6,378025,5589875,41400,weekly,2022-10-27T21:00:00.000,options,call
104,1666848540000,79.7,79.7,75.45,79.05,251750,5661900,41400,weekly,2022-10-27T21:00:00.000,options,call
105,1666848600000,78.7,84.2,77.25,83.85,541200,5661900,41400,weekly,2022-10-27T21:00:00.000,options,call
106,1666848660000,83.85,84.1,77.8,79.3,540100,5661900,41400,weekly,2022-10-27T21:00:00.000,options,call
107,1666848720000,78.55,82.6,77.15,82.6,325100,5665300,41400,weekly,2022-10-27T21:00:00.000,options,call
108,1666848780000,82.75,83.45,75.3,76.45,475500,5665300,41400,weekly,2022-10-27T21:00:00.000,options,call
109,1666848840000,76.35,78.6,72.45,72.6,611150,5665300,41400,weekly,2022-10-27T21:00:00.000,options,call
110,1666848900000,72.8,76.35,72.8,76.35,328175,5718600,41400,weekly,2022-10-27T21:00:00.000,options,call
111,1666848960000,76.45,76.75,67.55,67.55,677375,5718600,41400,weekly,2022-10-27T21:00:00.000,options,call
112,1666849020000,67.4,71.85,67.4,71.3,606200,5718600,41400,weekly,2022-10-27T21:00:00.000,options,call
113,1666849080000,71.1,74.4,70.85,72.65,375175,5701900,41400,weekly,2022-10-27T21:00:00.000,options,call
114,1666849140000,72.1,73.0,70.55,72.0,263875,5701900,41400,weekly,2022-10-27T21:00:00.000,options,call
115,1666849200000,72.0,77.5,71.3,76.45,422550,5701900,41400,weekly,2022-10-27T21:00:00.000,options,call
116,1666849260000,76.45,77.35,73.65,77.05,422500,5715775,41400,weekly,2022-10-27T21:00:00.000,options,call
117,1666849320000,77.1,83.65,76.15,83.65,729050,5715775,41400,weekly,2022-10-27T21:00:00.000,options,call
118,1666849380000,83.3,87.25,82.65,84.95,894075,5715775,41400,weekly,2022-10-27T21:00:00.000,options,call
119,1666849440000,84.35,85.6,78.75,82.35,706850,5744475,41400,weekly,2022-10-27T21:00:00.000,options,call
120,1666849500000,83.0,91.35,83.0,84.55,1151325,5744475,41400,weekly,2022-10-27T21:00:00.000,options,call
121,1666849560000,84.85,85.2,80.6,83.55,576250,5744475,41400,weekly,2022-10-27T21:00:00.000,options,call
122,1666849620000,83.85,84.95,76.7,77.5,709300,5867750,41400,weekly,2022-10-27T21:00:00.000,options,call
123,1666849680000,77.5,77.5,68.0,73.8,1176675,5867750,41400,weekly,2022-10-27T21:00:00.000,options,call
124,1666849740000,74.4,75.4,70.95,70.95,432675,5867750,41400,weekly,2022-10-27T21:00:00.000,options,call
125,1666849800000,70.9,72.9,67.6,70.05,708425,5892000,41400,weekly,2022-10-27T21:00:00.000,options,call
126,1666849860000,70.6,74.3,70.6,74.0,416550,5892000,41400,weekly,2022-10-27T21:00:00.000,options,call
127,1666849920000,74.35,75.3,69.6,71.1,394000,5892000,41400,weekly,2022-10-27T21:00:00.000,options,call
128,1666849980000,71.15,71.15,65.45,68.45,732225,5954575,41400,weekly,2022-10-27T21:00:00.000,options,call
129,1666850040000,68.45,69.0,65.15,66.75,598300,5954575,41400,weekly,2022-10-27T21:00:00.000,options,call
130,1666850100000,67.2,69.75,66.4,69.15,412900,5954575,41400,weekly,2022-10-27T21:00:00.000,options,call
131,1666850160000,68.55,72.65,68.4,71.1,518475,6013825,41400,weekly,2022-10-27T21:00:00.000,options,call
132,1666850220000,70.6,71.1,64.85,67.95,491300,6013825,41400,weekly,2022-10-27T21:00:00.000,options,call
133,1666850280000,67.9,72.4,67.35,70.45,456300,6013825,41400,weekly,2022-10-27T21:00:00.000,options,call
134,1666850340000,70.1,72.7,68.65,68.65,378825,6033475,41400,weekly,2022-10-27T21:00:00.000,options,call
135,1666850400000,68.7,70.05,66.15,66.55,416775,6033475,41400,weekly,2022-10-27T21:00:00.000,options,call
136,1666850460000,66.5,71.5,66.05,67.05,381625,6033475,41400,weekly,2022-10-27T21:00:00.000,options,call
137,1666850520000,66.3,67.15,53.15,57.85,1405675,6046000,41400,weekly,2022-10-27T21:00:00.000,options,call
138,1666850580000,57.95,67.9,57.45,65.85,992250,6046000,41400,weekly,2022-10-27T21:00:00.000,options,call
139,1666850640000,66.7,70.85,64.15,66.8,761050,6046000,41400,weekly,2022-10-27T21:00:00.000,options,call
140,1666850700000,67.05,69.3,65.3,68.8,388500,6133375,41400,weekly,2022-10-27T21:00:00.000,options,call
141,1666850760000,68.85,70.55,67.6,69.4,531950,6133375,41400,weekly,2022-10-27T21:00:00.000,options,call
142,1666850820000,69.0,69.55,59.6,61.5,650575,6133375,41400,weekly,2022-10-27T21:00:00.000,options,call
143,1666850880000,61.3,62.6,56.95,58.2,609075,6146975,41400,weekly,2022-10-27T21:00:00.000,options,call
144,1666850940000,58.1,59.5,57.3,59.25,352275,6146975,41400,weekly,2022-10-27T21:00:00.000,options,call
145,1666851000000,58.45,58.7,54.65,55.45,721025,6146975,41400,weekly,2022-10-27T21:00:00.000,options,call
146,1666851060000,55.3,59.25,53.05,58.6,788975,6182025,41400,weekly,2022-10-27T21:00:00.000,options,call
147,1666851120000,59.05,60.4,57.9,58.35,480750,6182025,41400,weekly,2022-10-27T21:00:00.000,options,call
148,1666851180000,58.15,58.15,51.55,53.85,632575,6182025,41400,weekly,2022-10-27T21:00:00.000,options,call
149,1666851240000,54.1,59.0,54.0,57.8,428175,6255925,41400,weekly,2022-10-27T21:00:00.000,options,call
150,1666851300000,56.9,59.5,54.85,57.75,443525,6255925,41400,weekly,2022-10-27T21:00:00.000,options,call
151,1666851360000,57.65,59.0,56.65,58.35,327250,6255925,41400,weekly,2022-10-27T21:00:00.000,options,call
152,1666851420000,58.45,59.35,55.8,57.3,295100,6292050,41400,weekly,2022-10-27T21:00:00.000,options,call
153,1666851480000,57.15,63.5,56.55,63.25,519025,6292050,41400,weekly,2022-10-27T21:00:00.000,options,call
154,1666851540000,63.9,65.75,59.65,60.75,786250,6292050,41400,weekly,2022-10-27T21:00:00.000,options,call
155,1666851600000,60.45,63.5,58.15,61.65,427225,6318550,41400,weekly,2022-10-27T21:00:00.000,options,call
156,1666851660000,61.55,61.95,57.35,57.35,341675,6318550,41400,weekly,2022-10-27T21:00:00.000,options,call
157,1666851720000,57.15,58.2,52.95,53.1,642850,6318550,41400,weekly,2022-10-27T21:00:00.000,options,call
158,1666851780000,53.3,54.35,47.15,54.35,928775,6273025,41400,weekly,2022-10-27T21:00:00.000,options,call
159,1666851840000,54.4,55.75,53.1,54.65,479325,6273025,41400,weekly,2022-10-27T21:00:00.000,options,call
160,1666851900000,54.9,57.95,54.15,56.4,442000,6273025,41400,weekly,2022-10-27T21:00:00.000,options,call
161,1666851960000,57.1,61.6,56.45,60.7,488525,6288950,41400,weekly,2022-10-27T21:00:00.000,options,call
162,1666852020000,60.75,63.3,60.25,60.25,553725,6288950,41400,weekly,2022-10-27T21:00:00.000,options,call
163,1666852080000,60.45,65.6,59.25,64.0,496575,6288950,41400,weekly,2022-10-27T21:00:00.000,options,call
164,1666852140000,64.85,69.1,63.5,67.55,810150,6305075,41400,weekly,2022-10-27T21:00:00.000,options,call
165,1666852200000,66.9,68.3,63.8,67.2,610625,6305075,41400,weekly,2022-10-27T21:00:00.000,options,call
166,1666852260000,67.1,76.8,67.1,74.15,1268725,6305075,41400,weekly,2022-10-27T21:00:00.000,options,call
167,1666852320000,74.8,75.9,69.75,72.55,1028625,6361075,41400,weekly,2022-10-27T21:00:00.000,options,call
168,1666852380000,73.1,73.85,64.7,66.5,939925,6361075,41400,weekly,2022-10-27T21:00:00.000,options,call
169,1666852440000,66.05,66.5,58.7,60.7,860425,6361075,41400,weekly,2022-10-27T21:00:00.000,options,call
170,1666852500000,60.7,62.55,56.95,57.6,596600,6361075,41400,weekly,2022-10-27T21:00:00.000,options,call
171,1666852560000,58.1,58.75,54.8,56.55,658950,6436450,41400,weekly,2022-10-27T21:00:00.000,options,call
172,1666852620000,55.85,62.5,55.1,62.3,562950,6436450,41400,weekly,2022-10-27T21:00:00.000,options,call
173,1666852680000,62.1,63.0,58.05,60.05,471250,6436450,41400,weekly,2022-10-27T21:00:00.000,options,call
174,1666852740000,59.1,60.5,50.05,51.25,936000,6513675,41400,weekly,2022-10-27T21:00:00.000,options,call
175,1666852800000,50.75,52.25,49.4,52.0,1077775,6513675,41400,weekly,2022-10-27T21:00:00.000,options,call
176,1666852860000,52.1,55.6,50.2,54.8,642825,6513675,41400,weekly,2022-10-27T21:00:00.000,options,call
177,1666852920000,54.7,57.45,53.35,56.15,475175,6439425,41400,weekly,2022-10-27T21:00:00.000,options,call
178,1666852980000,56.05,62.25,55.75,61.5,685925,6439425,41400,weekly,2022-10-27T21:00:00.000,options,call
179,1666853040000,61.55,61.7,53.95,54.6,579900,6439425,41400,weekly,2022-10-27T21:00:00.000,options,call
180,1666853100000,54.55,55.85,52.35,54.45,490575,6454925,41400,weekly,2022-10-27T21:00:00.000,options,call
181,1666853160000,54.9,55.25,50.4,52.65,532175,6454925,41400,weekly,2022-10-27T21:00:00.000,options,call
182,1666853220000,53.25,54.2,50.35,50.5,523375,6454925,41400,weekly,2022-10-27T21:00:00.000,options,call
183,1666853280000,50.5,53.0,50.05,50.4,539350,6526275,41400,weekly,2022-10-27T21:00:00.000,options,call
184,1666853340000,51.2,52.4,39.3,39.3,1443825,6526275,41400,weekly,2022-10-27T21:00:00.000,options,call
185,1666853400000,41.65,41.95,35.85,38.7,2231550,6526275,41400,weekly,2022-10-27T21:00:00.000,options,call
186,1666853460000,38.65,41.85,37.55,40.0,1158500,6442375,41400,weekly,2022-10-27T21:00:00.000,options,call
187,1666853520000,40.2,41.5,38.35,40.55,770125,6442375,41400,weekly,2022-10-27T21:00:00.000,options,call
188,1666853580000,40.55,40.9,38.6,38.6,580250,6442375,41400,weekly,2022-10-27T21:00:00.000,options,call
189,1666853640000,38.1,39.65,32.1,35.65,1258475,6512575,41400,weekly,2022-10-27T21:00:00.000,options,call
190,1666853700000,35.55,35.8,33.55,35.65,767900,6512575,41400,weekly,2022-10-27T21:00:00.000,options,call
191,1666853760000,35.8,39.1,35.1,38.3,669750,6512575,41400,weekly,2022-10-27T21:00:00.000,options,call
192,1666853820000,38.0,38.0,34.25,36.3,696875,6485450,41400,weekly,2022-10-27T21:00:00.000,options,call
193,1666853880000,36.0,36.4,33.4,33.95,523550,6485450,41400,weekly,2022-10-27T21:00:00.000,options,call
194,1666853940000,34.35,35.35,32.85,34.75,572050,6485450,41400,weekly,2022-10-27T21:00:00.000,options,call
195,1666854000000,34.8,38.85,34.8,38.35,692100,6580225,41400,weekly,2022-10-27T21:00:00.000,options,call
196,1666854060000,38.0,40.3,34.65,35.85,799650,6580225,41400,weekly,2022-10-27T21:00:00.000,options,call
197,1666854120000,35.15,39.95,34.95,39.65,442225,6580225,41400,weekly,2022-10-27T21:00:00.000,options,call
198,1666854180000,39.7,41.35,39.1,40.5,679025,6487425,41400,weekly,2022-10-27T21:00:00.000,options,call
199,1666854240000,40.65,40.65,36.45,39.95,454750,6487425,41400,weekly,2022-10-27T21:00:00.000,options,call
200,1666854300000,40.1,42.0,38.6,38.65,676300,6487425,41400,weekly,2022-10-27T21:00:00.000,options,call
201,1666854360000,38.65,43.65,36.3,42.65,611975,6418200,41400,weekly,2022-10-27T21:00:00.000,options,call
202,1666854420000,43.05,44.0,39.8,40.0,703700,6418200,41400,weekly,2022-10-27T21:00:00.000,options,call
203,1666854480000,39.8,40.9,38.9,39.15,348375,6418200,41400,weekly,2022-10-27T21:00:00.000,options,call
204,1666854540000,39.6,41.5,37.75,40.4,448600,6395125,41400,weekly,2022-10-27T21:00:00.000,options,call
205,1666854600000,40.6,42.1,39.9,40.4,375725,6395125,41400,weekly,2022-10-27T21:00:00.000,options,call
206,1666854660000,40.4,40.4,36.5,36.8,496425,6395125,41400,weekly,2022-10-27T21:00:00.000,options,call
207,1666854720000,37.0,37.85,35.4,37.15,417025,6394750,41400,weekly,2022-10-27T21:00:00.000,options,call
208,1666854780000,36.85,36.85,34.25,34.5,524100,6394750,41400,weekly,2022-10-27T21:00:00.000,options,call
209,1666854840000,34.9,35.35,32.25,32.25,423825,6394750,41400,weekly,2022-10-27T21:00:00.000,options,call
210,1666854900000,32.5,33.75,30.4,32.5,822150,6436250,41400,weekly,2022-10-27T21:00:00.000,options,call
211,1666854960000,33.2,35.6,33.2,35.6,540525,6436250,41400,weekly,2022-10-27T21:00:00.000,options,call
212,1666855020000,35.25,36.75,34.5,36.65,452875,6436250,41400,weekly,2022-10-27T21:00:00.000,options,call
213,1666855080000,36.6,36.6,29.55,30.05,769325,6430200,41400,weekly,2022-10-27T21:00:00.000,options,call
214,1666855140000,29.75,33.1,27.85,32.4,834600,6430200,41400,weekly,2022-10-27T21:00:00.000,options,call
215,1666855200000,32.5,34.8,32.45,34.8,544400,6430200,41400,weekly,2022-10-27T21:00:00.000,options,call
216,1666855260000,35.3,36.0,34.7,35.7,536750,6372325,41400,weekly,2022-10-27T21:00:00.000,options,call
217,1666855320000,36.0,36.8,33.0,36.8,560650,6372325,41400,weekly,2022-10-27T21:00:00.000,options,call
218,1666855380000,37.3,43.3,37.3,42.3,1053200,6372325,41400,weekly,2022-10-27T21:00:00.000,options,call
219,1666855440000,42.4,46.6,37.5,38.0,1258825,6428425,41400,weekly,2022-10-27T21:00:00.000,options,call
220,1666855500000,37.55,44.0,36.0,42.7,996900,6428425,41400,weekly,2022-10-27T21:00:00.000,options,call
221,1666855560000,42.75,46.25,42.1,44.05,1002275,6428425,41400,weekly,2022-10-27T21:00:00.000,options,call
222,1666855620000,43.95,45.65,39.3,40.2,828750,6468800,41400,weekly,2022-10-27T21:00:00.000,options,call
223,1666855680000,40.75,45.0,39.95,41.15,702800,6468800,41400,weekly,2022-10-27T21:00:00.000,options,call
224,1666855740000,41.65,46.05,41.6,46.05,607775,6468800,41400,weekly,2022-10-27T21:00:00.000,options,call
225,1666855800000,46.1,50.7,44.55,45.55,1616575,6477675,41400,weekly,2022-10-27T21:00:00.000,options,call
226,1666855860000,45.4,51.05,45.15,51.05,934350,6477675,41400,weekly,2022-10-27T21:00:00.000,options,call
227,1666855920000,51.3,52.5,48.15,48.7,1138275,6477675,41400,weekly,2022-10-27T21:00:00.000,options,call
228,1666855980000,49.75,50.55,47.3,49.3,764650,6513375,41400,weekly,2022-10-27T21:00:00.000,options,call
229,1666856040000,49.0,49.85,42.9,44.5,1001500,6513375,41400,weekly,2022-10-27T21:00:00.000,options,call
230,1666856100000,44.5,47.95,44.5,46.85,647500,6513375,41400,weekly,2022-10-27T21:00:00.000,options,call
231,1666856160000,46.85,47.7,43.9,47.15,681975,6597275,41400,weekly,2022-10-27T21:00:00.000,options,call
232,1666856220000,47.6,47.6,40.75,41.85,833800,6597275,41400,weekly,2022-10-27T21:00:00.000,options,call
233,1666856280000,42.0,42.9,36.8,37.3,1169675,6597275,41400,weekly,2022-10-27T21:00:00.000,options,call
234,1666856340000,37.2,38.5,35.35,37.2,966175,6606575,41400,weekly,2022-10-27T21:00:00.000,options,call
235,1666856400000,37.05,37.05,31.15,35.0,1010900,6606575,41400,weekly,2022-10-27T21:00:00.000,options,call
236,1666856460000,34.7,35.65,32.85,35.65,739975,6606575,41400,weekly,2022-10-27T21:00:00.000,options,call
237,1666856520000,35.5,35.95,31.15,31.3,674625,6613050,41400,weekly,2022-10-27T21:00:00.000,options,call
238,1666856580000,31.55,33.3,31.55,32.95,764500,6613050,41400,weekly,2022-10-27T21:00:00.000,options,call
239,1666856640000,32.95,36.15,32.7,35.65,723300,6613050,41400,weekly,2022-10-27T21:00:00.000,options,call
240,1666856700000,36.05,38.0,32.9,33.9,933500,6684050,41400,weekly,2022-10-27T21:00:00.000,options,call
241,1666856760000,34.1,39.85,34.05,39.85,763550,6684050,41400,weekly,2022-10-27T21:00:00.000,options,call
242,1666856820000,40.9,43.7,37.6,41.7,1451300,6684050,41400,weekly,2022-10-27T21:00:00.000,options,call
243,1666856880000,41.9,42.75,37.5,37.5,862675,6662625,41400,weekly,2022-10-27T21:00:00.000,options,call
244,1666856940000,37.3,39.7,35.95,38.15,724750,6662625,41400,weekly,2022-10-27T21:00:00.000,options,call
245,1666857000000,38.05,41.4,38.0,41.35,685600,6662625,41400,weekly,2022-10-27T21:00:00.000,options,call
246,1666857060000,41.35,46.85,40.85,46.0,1171125,6693600,41400,weekly,2022-10-27T21:00:00.000,options,call
247,1666857120000,46.05,46.85,40.8,42.85,955000,6693600,41400,weekly,2022-10-27T21:00:00.000,options,call
248,1666857180000,43.35,49.75,42.2,48.3,1057575,6693600,41400,weekly,2022-10-27T21:00:00.000,options,call
249,1666857240000,48.8,58.5,47.4,56.35,1851550,6678750,41400,weekly,2022-10-27T21:00:00.000,options,call
250,1666857300000,56.7,62.9,50.0,50.0,2222275,6678750,41400,weekly,2022-10-27T21:00:00.000,options,call
251,1666857360000,51.5,52.9,47.5,50.4,1155025,6678750,41400,weekly,2022-10-27T21:00:00.000,options,call
252,1666857420000,50.25,51.2,45.5,51.0,924425,6603625,41400,weekly,2022-10-27T21:00:00.000,options,call
253,1666857480000,52.0,56.5,51.4,53.9,1265250,6603625,41400,weekly,2022-10-27T21:00:00.000,options,call
254,1666857540000,55.15,56.35,50.1,51.65,1128175,6603625,41400,weekly,2022-10-27T21:00:00.000,options,call
255,1666857600000,52.65,54.9,51.35,54.05,678550,6732000,41400,weekly,2022-10-27T21:00:00.000,options,call
256,1666857660000,52.55,53.6,43.25,43.25,1136700,6732000,41400,weekly,2022-10-27T21:00:00.000,options,call
257,1666857720000,44.3,53.4,43.1,51.75,1206650,6732000,41400,weekly,2022-10-27T21:00:00.000,options,call
258,1666857780000,51.75,54.35,49.75,50.1,875250,6732850,41400,weekly,2022-10-27T21:00:00.000,options,call
259,1666857840000,51.0,52.45,47.45,51.3,640475,6732850,41400,weekly,2022-10-27T21:00:00.000,options,call
260,1666857900000,51.85,55.7,47.75,48.5,1141625,6732850,41400,weekly,2022-10-27T21:00:00.000,options,call
261,1666857960000,49.2,63.4,49.2,60.8,1886700,6825650,41400,weekly,2022-10-27T21:00:00.000,options,call
262,1666858020000,61.05,62.0,42.05,44.9,2084450,6825650,41400,weekly,2022-10-27T21:00:00.000,options,call
263,1666858080000,45.35,45.95,41.05,41.9,1291925,6825650,41400,weekly,2022-10-27T21:00:00.000,options,call
264,1666858140000,41.7,42.45,38.1,38.55,1286125,6780175,41400,weekly,2022-10-27T21:00:00.000,options,call
265,1666858200000,39.1,40.35,31.65,32.6,1600900,6780175,41400,weekly,2022-10-27T21:00:00.000,options,call
266,1666858260000,33.05,35.95,29.8,31.85,1553775,6780175,41400,weekly,2022-10-27T21:00:00.000,options,call
267,1666858320000,32.65,37.0,32.65,35.1,1200900,6869475,41400,weekly,2022-10-27T21:00:00.000,options,call
268,1666858380000,34.9,37.0,33.45,34.25,775800,6869475,41400,weekly,2022-10-27T21:00:00.000,options,call
269,1666858440000,34.3,37.15,34.3,36.85,634775,6869475,41400,weekly,2022-10-27T21:00:00.000,options,call
270,1666858500000,37.25,40.8,36.4,40.6,977450,6940425,41400,weekly,2022-10-27T21:00:00.000,options,call
271,1666858560000,40.75,44.2,39.15,42.8,1329575,6940425,41400,weekly,2022-10-27T21:00:00.000,options,call
272,1666858620000,43.65,43.65,36.05,39.85,1112600,6940425,41400,weekly,2022-10-27T21:00:00.000,options,call
273,1666858680000,40.15,41.85,38.3,40.15,669225,7041150,41400,weekly,2022-10-27T21:00:00.000,options,call
274,1666858740000,40.05,41.75,38.4,40.65,622325,7041150,41400,weekly,2022-10-27T21:00:00.000,options,call
275,1666858800000,40.8,40.8,36.2,39.0,727300,7041150,41400,weekly,2022-10-27T21:00:00.000,options,call
276,1666858860000,38.25,38.8,31.95,33.25,1213350,7149925,41400,weekly,2022-10-27T21:00:00.000,options,call
277,1666858920000,33.05,33.25,28.5,28.9,990925,7149925,41400,weekly,2022-10-27T21:00:00.000,options,call
278,1666858980000,28.9,29.65,23.3,23.8,1677400,7149925,41400,weekly,2022-10-27T21:00:00.000,options,call
279,1666859040000,23.75,26.4,22.2,22.2,1157575,6936400,41400,weekly,2022-10-27T21:00:00.000,options,call
280,1666859100000,22.75,24.95,20.75,24.5,1404825,6936400,41400,weekly,2022-10-27T21:00:00.000,options,call
281,1666859160000,24.75,29.05,24.0,28.6,1275850,6936400,41400,weekly,2022-10-27T21:00:00.000,options,call
282,1666859220000,28.55,30.65,26.2,26.3,1074725,7030700,41400,weekly,2022-10-27T21:00:00.000,options,call
283,1666859280000,26.0,28.65,25.9,28.5,736025,7030700,41400,weekly,2022-10-27T21:00:00.000,options,call
284,1666859340000,28.45,31.5,28.15,29.85,1202525,7030700,41400,weekly,2022-10-27T21:00:00.000,options,call
285,1666859400000,29.95,32.55,29.6,30.85,1052225,7232900,41400,weekly,2022-10-27T21:00:00.000,options,call
286,1666859460000,30.6,32.0,30.0,31.85,734800,7232900,41400,weekly,2022-10-27T21:00:00.000,options,call
287,1666859520000,32.35,32.65,30.4,30.5,709425,7232900,41400,weekly,2022-10-27T21:00:00.000,options,call
288,1666859580000,30.7,34.85,26.95,27.8,1290925,7357350,41400,weekly,2022-10-27T21:00:00.000,options,call
289,1666859640000,27.7,30.4,27.15,29.25,812200,7357350,41400,weekly,2022-10-27T21:00:00.000,options,call
290,1666859700000,29.55,30.35,28.3,28.45,782225,7357350,41400,weekly,2022-10-27T21:00:00.000,options,call
291,1666859760000,29.2,33.75,29.2,32.3,1014300,7498625,41400,weekly,2022-10-27T21:00:00.000,options,call
292,1666859820000,31.7,39.8,31.55,39.2,1805575,7498625,41400,weekly,2022-10-27T21:00:00.000,options,call
293,1666859880000,39.35,41.9,37.4,41.9,1772675,7498625,41400,weekly,2022-10-27T21:00:00.000,options,call
294,1666859940000,40.85,42.9,34.1,34.55,1748925,7468300,41400,weekly,2022-10-27T21:00:00.000,options,call
295,1666860000000,34.4,37.95,31.65,36.45,1190250,7468300,41400,weekly,2022-10-27T21:00:00.000,options,call
296,1666860060000,35.85,37.3,27.75,27.75,1163275,7468300,41400,weekly,2022-10-27T21:00:00.000,options,call
297,1666860120000,28.0,32.75,27.5,29.85,1063025,7630100,41400,weekly,2022-10-27T21:00:00.000,options,call
298,1666860180000,30.15,33.45,29.95,32.25,627200,7630100,41400,weekly,2022-10-27T21:00:00.000,options,call
299,1666860240000,32.25,33.3,29.1,33.25,746375,7630100,41400,weekly,2022-10-27T21:00:00.000,options,call
300,1666860300000,33.3,38.35,32.1,35.35,1303900,7795575,41400,weekly,2022-10-27T21:00:00.000,options,call
301,1666860360000,35.6,35.6,30.8,31.65,1012600,7795575,41400,weekly,2022-10-27T21:00:00.000,options,call
302,1666860420000,31.65,31.65,28.3,29.3,1020925,7795575,41400,weekly,2022-10-27T21:00:00.000,options,call
303,1666860480000,29.55,29.65,24.4,24.7,1538325,7908475,41400,weekly,2022-10-27T21:00:00.000,options,call
304,1666860540000,24.55,25.85,20.65,23.05,1708100,7908475,41400,weekly,2022-10-27T21:00:00.000,options,call
305,1666860600000,22.95,24.0,21.55,22.55,1080025,7908475,41400,weekly,2022-10-27T21:00:00.000,options,call
306,1666860660000,22.7,23.3,20.25,21.65,1177600,7977025,41400,weekly,2022-10-27T21:00:00.000,options,call
307,1666860720000,20.75,22.7,19.45,21.4,1121125,7977025,41400,weekly,2022-10-27T21:00:00.000,options,call
308,1666860780000,21.3,21.85,13.45,13.45,2434600,7977025,41400,weekly,2022-10-27T21:00:00.000,options,call
309,1666860840000,13.35,13.9,12.35,13.65,2442300,7650550,41400,weekly,2022-10-27T21:00:00.000,options,call
310,1666860900000,13.85,14.25,12.0,12.45,2500650,7650550,41400,weekly,2022-10-27T21:00:00.000,options,call
311,1666860960000,12.35,12.65,10.75,12.3,2215050,7650550,41400,weekly,2022-10-27T21:00:00.000,options,call
312,1666861020000,12.35,12.35,10.45,11.5,1721625,7552975,41400,weekly,2022-10-27T21:00:00.000,options,call
313,1666861080000,11.35,11.7,10.35,11.4,1482100,7552975,41400,weekly,2022-10-27T21:00:00.000,options,call
314,1666861140000,11.1,12.0,10.6,10.75,1170775,7552975,41400,weekly,2022-10-27T21:00:00.000,options,call
315,1666861200000,10.75,11.7,10.5,10.75,1136400,7676275,41400,weekly,2022-10-27T21:00:00.000,options,call
316,1666861260000,10.65,10.9,6.55,7.35,3681325,7676275,41400,weekly,2022-10-27T21:00:00.000,options,call
317,1666861320000,7.1,8.05,6.85,7.8,1932125,7676275,41400,weekly,2022-10-27T21:00:00.000,options,call
318,1666861380000,8.05,9.3,8.05,8.7,1527050,7283775,41400,weekly,2022-10-27T21:00:00.000,options,call
319,1666861440000,8.65,8.95,7.0,7.45,1741625,7283775,41400,weekly,2022-10-27T21:00:00.000,options,call
320,1666861500000,7.25,8.85,6.8,7.75,2074850,7283775,41400,weekly,2022-10-27T21:00:00.000,options,call
321,1666861560000,7.65,7.95,7.35,7.75,1401400,7162700,41400,weekly,2022-10-27T21:00:00.000,options,call
322,1666861620000,7.75,8.25,6.3,6.3,1495700,7162700,41400,weekly,2022-10-27T21:00:00.000,options,call
323,1666861680000,6.4,6.55,4.6,4.7,3071200,7162700,41400,weekly,2022-10-27T21:00:00.000,options,call
324,1666861740000,4.5,4.7,3.65,3.7,2008600,6827800,41400,weekly,2022-10-27T21:00:00.000,options,call
325,1666861800000,3.8,4.75,3.45,4.75,1873175,6827800,41400,weekly,2022-10-27T21:00:00.000,options,call
326,1666861860000,4.8,5.3,4.35,5.15,1653575,6827800,41400,weekly,2022-10-27T21:00:00.000,options,call
327,1666861920000,5.05,5.35,2.85,2.9,1563950,6718225,41400,weekly,2022-10-27T21:00:00.000,options,call
328,1666861980000,2.8,3.2,2.7,3.05,1396225,6718225,41400,weekly,2022-10-27T21:00:00.000,options,call
329,1666862040000,3.1,3.2,2.9,2.95,936525,6718225,41400,weekly,2022-10-27T21:00:00.000,options,call
330,1666862100000,3.0,3.15,2.9,3.15,1085425,6448125,41400,weekly,2022-10-27T21:00:00.000,options,call
331,1666862160000,3.1,4.95,3.05,4.7,1371050,6448125,41400,weekly,2022-10-27T21:00:00.000,options,call
332,1666862220000,4.7,5.0,3.8,4.15,1398375,6448125,41400,weekly,2022-10-27T21:00:00.000,options,call
333,1666862280000,4.05,4.4,3.45,3.95,1564600,6578925,41400,weekly,2022-10-27T21:00:00.000,options,call
334,1666862340000,4.05,4.95,3.9,4.95,1699400,6578925,41400,weekly,2022-10-27T21:00:00.000,options,call
335,1666862400000,4.85,5.8,3.75,4.1,2976975,6578925,41400,weekly,2022-10-27T21:00:00.000,options,call
336,1666862460000,3.8,3.8,2.25,2.45,2401975,6850775,41400,weekly,2022-10-27T21:00:00.000,options,call
337,1666862520000,2.4,4.15,2.4,3.6,2238800,6850775,41400,weekly,2022-10-27T21:00:00.000,options,call
338,1666862580000,3.7,4.0,3.15,3.65,1748050,6850775,41400,weekly,2022-10-27T21:00:00.000,options,call
339,1666862640000,3.65,3.75,2.4,2.8,1356525,6937325,41400,weekly,2022-10-27T21:00:00.000,options,call
340,1666862700000,2.9,3.7,2.7,2.95,1203350,6937325,41400,weekly,2022-10-27T21:00:00.000,options,call
341,1666862760000,3.0,3.3,2.4,2.8,1462950,6937325,41400,weekly,2022-10-27T21:00:00.000,options,call
342,1666862820000,2.8,2.8,2.05,2.15,1594675,6831200,41400,weekly,2022-10-27T21:00:00.000,options,call
343,1666862880000,2.1,2.4,1.3,1.3,1949250,6831200,41400,weekly,2022-10-27T21:00:00.000,options,call
344,1666862940000,1.3,2.05,1.3,1.6,1418800,6831200,41400,weekly,2022-10-27T21:00:00.000,options,call
345,1666863000000,1.6,3.45,1.6,3.2,2040500,6831200,41400,weekly,2022-10-27T21:00:00.000,options,call
346,1666863060000,3.35,3.75,2.05,2.05,2700100,6831200,41400,weekly,2022-10-27T21:00:00.000,options,call
347,1666863120000,1.95,1.95,1.2,1.55,1505850,6238350,41400,weekly,2022-10-27T21:00:00.000,options,call
348,1666863180000,1.65,2.05,1.3,2.05,1238200,6212050,41400,weekly,2022-10-27T21:00:00.000,options,call
349,1666863240000,2.05,2.45,1.55,2.1,1765150,6212050,41400,weekly,2022-10-27T21:00:00.000,options,call
350,1666863300000,1.95,2.1,1.55,1.55,1112600,6212050,41400,weekly,2022-10-27T21:00:00.000,options,call
351,1666863360000,1.55,1.8,1.0,1.0,1348750,6180200,41400,weekly,2022-10-27T21:00:00.000,options,call
352,1666863420000,1.0,1.25,0.8,1.15,994975,6180200,41400,weekly,2022-10-27T21:00:00.000,options,call
353,1666863480000,1.2,1.3,0.9,0.9,1045425,6180200,41400,weekly,2022-10-27T21:00:00.000,options,call
354,1666863540000,0.95,0.95,0.5,0.75,1504875,5838500,41400,weekly,2022-10-27T21:00:00.000,options,call
355,1666863600000,0.75,1.0,0.75,0.95,936425,5838500,41400,weekly,2022-10-27T21:00:00.000,options,call
356,1666863660000,0.95,1.1,0.9,1.05,863050,5838500,41400,weekly,2022-10-27T21:00:00.000,options,call
357,1666863720000,1.1,1.2,0.6,0.8,1369725,5446550,41400,weekly,2022-10-27T21:00:00.000,options,call
358,1666863780000,0.75,1.1,0.75,0.8,988150,5446550,41400,weekly,2022-10-27T21:00:00.000,options,call
359,1666863840000,0.85,1.05,0.65,0.7,876200,5446550,41400,weekly,2022-10-27T21:00:00.000,options,call
360,1666863900000,0.7,0.75,0.6,0.75,758450,4991825,41400,weekly,2022-10-27T21:00:00.000,options,call
361,1666863960000,0.75,0.9,0.7,0.8,722900,4991825,41400,weekly,2022-10-27T21:00:00.000,options,call
362,1666864020000,0.75,0.75,0.6,0.65,778950,4991825,41400,weekly,2022-10-27T21:00:00.000,options,call
363,1666864080000,0.7,0.7,0.35,0.35,1157175,4921175,41400,weekly,2022-10-27T21:00:00.000,options,call
364,1666864140000,0.4,0.75,0.4,0.65,871975,4921175,41400,weekly,2022-10-27T21:00:00.000,options,call
365,1666864200000,0.7,0.7,0.4,0.4,838500,4921175,41400,weekly,2022-10-27T21:00:00.000,options,call
366,1666864260000,0.4,0.45,0.35,0.4,767725,4573625,41400,weekly,2022-10-27T21:00:00.000,options,call
367,1666864320000,0.45,0.5,0.35,0.35,853200,4573625,41400,weekly,2022-10-27T21:00:00.000,options,call
368,1666864380000,0.4,0.5,0.3,0.35,804550,4573625,41400,weekly,2022-10-27T21:00:00.000,options,call
369,1666864440000,0.4,0.4,0.25,0.3,626025,4063575,41400,weekly,2022-10-27T21:00:00.000,options,call
370,1666864500000,0.3,0.3,0.15,0.15,1027325,4063575,41400,weekly,2022-10-27T21:00:00.000,options,call
371,1666864560000,0.2,0.2,0.1,0.15,668550,4063575,41400,weekly,2022-10-27T21:00:00.000,options,call
372,1666864620000,0.1,0.15,0.1,0.1,722175,3644650,41400,weekly,2022-10-27T21:00:00.000,options,call
373,1666864680000,0.15,0.15,0.1,0.15,562475,3644650,41400,weekly,2022-10-27T21:00:00.000,options,call
374,1666864740000,0.15,0.15,0.05,0.05,690350,3644650,41400,weekly,2022-10-27T21:00:00.000,options,call
