,timestamp,open,high,low,close,volume,open_interest,strike,expiry_type,expiry,instrument,contract_type
0,1637572500000,185.0,201.9,166.65,173.65,325425,1128325,38500,weekly,2021-11-25T21:00:00.000,options,call
1,1637572560000,173.5,173.5,156.1,164.2,198800,1128325,38500,weekly,2021-11-25T21:00:00.000,options,call
2,1637572620000,161.05,161.2,145.0,150.45,170650,1265500,38500,weekly,2021-11-25T21:00:00.000,options,call
3,1637572680000,149.9,152.0,140.2,147.45,176025,1265500,38500,weekly,2021-11-25T21:00:00.000,options,call
4,1637572740000,147.4,151.25,144.85,147.3,128875,1265500,38500,weekly,2021-11-25T21:00:00.000,options,call
5,1637572800000,147.8,149.35,125.55,125.55,175300,1343025,38500,weekly,2021-11-25T21:00:00.000,options,call
6,1637572860000,126.7,129.05,114.85,120.9,206775,1343025,38500,weekly,2021-11-25T21:00:00.000,options,call
7,1637572920000,119.25,131.9,118.4,130.0,179150,1343025,38500,weekly,2021-11-25T21:00:00.000,options,call
8,1637572980000,129.3,132.35,123.0,123.0,152525,1398125,38500,weekly,2021-11-25T21:00:00.000,options,call
9,1637573040000,123.4,132.95,119.85,132.35,166125,1398125,38500,weekly,2021-11-25T21:00:00.000,options,call
10,1637573100000,133.65,138.6,127.25,130.45,142175,1398125,38500,weekly,2021-11-25T21:00:00.000,options,call
11,1637573160000,130.85,132.65,124.0,128.75,147700,1505575,38500,weekly,2021-11-25T21:00:00.000,options,call
12,1637573220000,130.55,132.35,126.7,127.85,82050,1505575,38500,weekly,2021-11-25T21:00:00.000,options,call
13,1637573280000,127.4,129.6,119.35,124.25,103550,1505575,38500,weekly,2021-11-25T21:00:00.000,options,call
14,1637573340000,125.45,126.25,113.8,114.7,160200,1570350,38500,weekly,2021-11-25T21:00:00.000,options,call
15,1637573400000,111.0,118.65,111.0,117.6,194400,1570350,38500,weekly,2021-11-25T21:00:00.000,options,call
16,1637573460000,118.3,121.2,114.75,119.3,100350,1570350,38500,weekly,2021-11-25T21:00:00.000,options,call
17,1637573520000,118.05,121.5,117.0,119.8,76200,1630925,38500,weekly,2021-11-25T21:00:00.000,options,call
18,1637573580000,119.95,121.5,112.4,114.4,94500,1630925,38500,weekly,2021-11-25T21:00:00.000,options,call
19,1637573640000,114.8,120.25,113.3,116.9,58875,1630925,38500,weekly,2021-11-25T21:00:00.000,options,call
20,1637573700000,116.8,120.05,113.4,114.15,79450,1665175,38500,weekly,2021-11-25T21:00:00.000,options,call
21,1637573760000,114.25,116.0,105.85,106.6,78450,1665175,38500,weekly,2021-11-25T21:00:00.000,options,call
22,1637573820000,106.65,106.65,99.0,101.5,139475,1665175,38500,weekly,2021-11-25T21:00:00.000,options,call
23,1637573880000,100.85,107.55,98.55,107.0,110950,1698325,38500,weekly,2021-11-25T21:00:00.000,options,call
24,1637573940000,106.9,108.0,93.0,96.05,151675,1698325,38500,weekly,2021-11-25T21:00:00.000,options,call
25,1637574000000,95.8,101.95,95.75,99.95,113850,1698325,38500,weekly,2021-11-25T21:00:00.000,options,call
26,1637574060000,100.05,101.9,97.45,100.6,67225,1711700,38500,weekly,2021-11-25T21:00:00.000,options,call
27,1637574120000,100.85,100.85,94.8,97.15,80875,1711700,38500,weekly,2021-11-25T21:00:00.000,options,call
28,1637574180000,97.45,97.85,94.65,96.1,52925,1711700,38500,weekly,2021-11-25T21:00:00.000,options,call
29,1637574240000,96.15,97.35,84.8,87.25,173100,1728725,38500,weekly,2021-11-25T21:00:00.000,options,call
30,1637574300000,86.45,89.0,83.25,84.3,125775,1728725,38500,weekly,2021-11-25T21:00:00.000,options,call
31,1637574360000,84.35,92.75,81.6,91.7,129425,1728725,38500,weekly,2021-11-25T21:00:00.000,options,call
32,1637574420000,91.15,95.95,91.0,95.0,82950,1727625,38500,weekly,2021-11-25T21:00:00.000,options,call
33,1637574480000,95.0,97.1,92.75,96.35,66550,1727625,38500,weekly,2021-11-25T21:00:00.000,options,call
34,1637574540000,96.45,100.5,95.3,97.8,81575,1727625,38500,weekly,2021-11-25T21:00:00.000,options,call
35,1637574600000,97.9,99.75,96.0,98.45,69975,1749350,38500,weekly,2021-11-25T21:00:00.000,options,call
36,1637574660000,97.7,102.6,94.0,100.55,79175,1749350,38500,weekly,2021-11-25T21:00:00.000,options,call
37,1637574720000,101.15,102.9,98.45,98.6,60200,1749350,38500,weekly,2021-11-25T21:00:00.000,options,call
38,1637574780000,99.3,102.2,97.8,100.95,50250,1777125,38500,weekly,2021-11-25T21:00:00.000,options,call
39,1637574840000,100.15,100.15,94.2,94.2,52950,1777125,38500,weekly,2021-11-25T21:00:00.000,options,call
40,1637574900000,93.65,97.3,91.5,92.5,80900,1777125,38500,weekly,2021-11-25T21:00:00.000,options,call
41,1637574960000,92.0,106.75,92.0,103.25,124425,1796450,38500,weekly,2021-11-25T21:00:00.000,options,call
42,1637575020000,102.65,102.75,94.2,98.15,69675,1796450,38500,weekly,2021-11-25T21:00:00.000,options,call
43,1637575080000,98.9,100.8,96.0,96.75,57525,1796450,38500,weekly,2021-11-25T21:00:00.000,options,call
44,1637575140000,96.5,99.8,91.1,91.7,90950,1795250,38500,weekly,2021-11-25T21:00:00.000,options,call
45,1637575200000,89.65,90.25,85.05,89.65,84300,1795250,38500,weekly,2021-11-25T21:00:00.000,options,call
46,1637575260000,89.85,92.25,86.9,86.9,68700,1795250,38500,weekly,2021-11-25T21:00:00.000,options,call
47,1637575320000,86.75,88.1,86.2,86.6,42950,1794100,38500,weekly,2021-11-25T21:00:00.000,options,call
48,1637575380000,87.2,89.0,85.2,86.85,57475,1794100,38500,weekly,2021-11-25T21:00:00.000,options,call
49,1637575440000,86.5,88.6,84.9,85.0,51125,1794100,38500,weekly,2021-11-25T21:00:00.000,options,call
50,1637575500000,85.55,87.65,83.05,86.95,58075,1801500,38500,weekly,2021-11-25T21:00:00.000,options,call
51,1637575560000,85.9,86.85,83.55,86.1,54000,1801500,38500,weekly,2021-11-25T21:00:00.000,options,call
52,1637575620000,85.3,86.05,83.9,85.4,39275,1801500,38500,weekly,2021-11-25T21:00:00.000,options,call
53,1637575680000,84.5,86.5,82.4,86.5,42150,1806675,38500,weekly,2021-11-25T21:00:00.000,options,call
54,1637575740000,86.0,92.05,85.25,88.9,87825,1806675,38500,weekly,2021-11-25T21:00:00.000,options,call
55,1637575800000,88.55,88.55,84.6,85.2,44500,1806675,38500,weekly,2021-11-25T21:00:00.000,options,call
56,1637575860000,85.2,92.2,85.2,90.0,63525,1796325,38500,weekly,2021-11-25T21:00:00.000,options,call
57,1637575920000,90.5,92.75,90.35,90.55,31600,1796325,38500,weekly,2021-11-25T21:00:00.000,options,call
58,1637575980000,90.5,94.9,90.0,91.2,44125,1796325,38500,weekly,2021-11-25T21:00:00.000,options,call
59,1637576040000,91.5,91.5,85.3,86.9,38700,1797600,38500,weekly,2021-11-25T21:00:00.000,options,call
60,1637576100000,86.35,91.4,82.25,91.2,63625,1797600,38500,weekly,2021-11-25T21:00:00.000,options,call
61,1637576160000,92.0,93.95,83.15,86.2,59900,1797600,38500,weekly,2021-11-25T21:00:00.000,options,call
62,1637576220000,86.25,88.0,85.2,88.0,28525,1810250,38500,weekly,2021-11-25T21:00:00.000,options,call
63,1637576280000,87.7,89.55,85.1,86.6,27275,1810250,38500,weekly,2021-11-25T21:00:00.000,options,call
64,1637576340000,86.3,86.35,82.9,83.3,44925,1810250,38500,weekly,2021-11-25T21:00:00.000,options,call
65,1637576400000,82.0,85.1,82.0,83.15,50225,1824800,38500,weekly,2021-11-25T21:00:00.000,options,call
66,1637576460000,83.65,83.65,79.2,80.85,64550,1824800,38500,weekly,2021-11-25T21:00:00.000,options,call
67,1637576520000,80.2,82.65,77.0,82.45,81575,1824800,38500,weekly,2021-11-25T21:00:00.000,options,call
68,1637576580000,82.85,82.85,78.2,79.45,43575,1829050,38500,weekly,2021-11-25T21:00:00.000,options,call
69,1637576640000,78.65,79.6,74.0,75.5,159300,1829050,38500,weekly,2021-11-25T21:00:00.000,options,call
70,1637576700000,74.85,77.85,74.5,75.3,78650,1829050,38500,weekly,2021-11-25T21:00:00.000,options,call
71,1637576760000,75.15,75.6,72.0,73.95,103725,1850700,38500,weekly,2021-11-25T21:00:00.000,options,call
72,1637576820000,74.0,74.45,70.15,70.95,94375,1850700,38500,weekly,2021-11-25T21:00:00.000,options,call
73,1637576880000,70.9,74.0,70.65,72.1,62800,1850700,38500,weekly,2021-11-25T21:00:00.000,options,call
74,1637576940000,72.25,74.5,72.1,73.5,69475,1870725,38500,weekly,2021-11-25T21:00:00.000,options,call
75,1637577000000,73.7,73.75,71.0,72.0,54250,1870725,38500,weekly,2021-11-25T21:00:00.000,options,call
76,1637577060000,71.65,72.85,69.15,71.5,89275,1870725,38500,weekly,2021-11-25T21:00:00.000,options,call
77,1637577120000,71.5,75.45,71.1,73.8,57350,1877225,38500,weekly,2021-11-25T21:00:00.000,options,call
78,1637577180000,73.65,75.45,73.0,73.0,75325,1877225,38500,weekly,2021-11-25T21:00:00.000,options,call
79,1637577240000,73.05,74.0,68.4,69.35,85325,1877225,38500,weekly,2021-11-25T21:00:00.000,options,call
80,1637577300000,69.25,72.5,67.65,71.5,104450,1854125,38500,weekly,2021-11-25T21:00:00.000,options,call
81,1637577360000,71.5,72.0,70.2,71.7,67350,1854125,38500,weekly,2021-11-25T21:00:00.000,options,call
82,1637577420000,71.55,71.85,69.15,70.05,58700,1854125,38500,weekly,2021-11-25T21:00:00.000,options,call
83,1637577480000,69.5,70.15,65.6,67.8,95000,1888300,38500,weekly,2021-11-25T21:00:00.000,options,call
84,1637577540000,67.8,68.55,65.3,66.15,87050,1888300,38500,weekly,2021-11-25T21:00:00.000,options,call
85,1637577600000,66.15,68.55,65.1,68.0,85250,1888300,38500,weekly,2021-11-25T21:00:00.000,options,call
86,1637577660000,67.75,67.75,64.8,66.05,77900,1894850,38500,weekly,2021-11-25T21:00:00.000,options,call
87,1637577720000,66.0,67.5,65.5,65.5,52200,1894850,38500,weekly,2021-11-25T21:00:00.000,options,call
88,1637577780000,65.85,65.85,61.85,64.6,124100,1894850,38500,weekly,2021-11-25T21:00:00.000,options,call
89,1637577840000,64.9,67.75,64.9,67.75,78100,1873875,38500,weekly,2021-11-25T21:00:00.000,options,call
90,1637577900000,68.2,71.95,67.35,71.95,102050,1873875,38500,weekly,2021-11-25T21:00:00.000,options,call
91,1637577960000,70.75,71.45,68.05,68.95,90025,1873875,38500,weekly,2021-11-25T21:00:00.000,options,call
92,1637578020000,68.65,71.8,68.15,70.7,70275,1872575,38500,weekly,2021-11-25T21:00:00.000,options,call
93,1637578080000,70.65,71.75,68.2,70.15,53525,1872575,38500,weekly,2021-11-25T21:00:00.000,options,call
94,1637578140000,70.2,72.55,69.55,70.8,42975,1872575,38500,weekly,2021-11-25T21:00:00.000,options,call
95,1637578200000,70.95,73.85,70.5,72.7,41175,1870400,38500,weekly,2021-11-25T21:00:00.000,options,call
96,1637578260000,72.7,74.35,69.55,70.05,72650,1870400,38500,weekly,2021-11-25T21:00:00.000,options,call
97,1637578320000,69.8,70.6,69.0,70.4,42975,1870400,38500,weekly,2021-11-25T21:00:00.000,options,call
98,1637578380000,70.3,70.4,67.55,68.7,42000,1886225,38500,weekly,2021-11-25T21:00:00.000,options,call
99,1637578440000,68.8,70.75,68.3,69.3,36275,1886225,38500,weekly,2021-11-25T21:00:00.000,options,call
100,1637578500000,69.4,70.95,67.3,67.85,36700,1886225,38500,weekly,2021-11-25T21:00:00.000,options,call
101,1637578560000,67.85,70.75,67.65,70.55,38625,1899400,38500,weekly,2021-11-25T21:00:00.000,options,call
102,1637578620000,70.25,70.6,69.0,69.65,31950,1899400,38500,weekly,2021-11-25T21:00:00.000,options,call
103,1637578680000,69.55,69.55,67.55,68.95,24375,1899400,38500,weekly,2021-11-25T21:00:00.000,options,call
104,1637578740000,68.8,69.55,67.85,68.4,25525,1904050,38500,weekly,2021-11-25T21:00:00.000,options,call
105,1637578800000,67.9,69.6,66.6,66.9,36150,1904050,38500,weekly,2021-11-25T21:00:00.000,options,call
106,1637578860000,66.0,67.6,65.45,67.25,43750,1904050,38500,weekly,2021-11-25T21:00:00.000,options,call
107,1637578920000,67.3,68.8,67.05,68.0,20200,1910225,38500,weekly,2021-11-25T21:00:00.000,options,call
108,1637578980000,68.0,69.0,65.7,65.85,41100,1910225,38500,weekly,2021-11-25T21:00:00.000,options,call
109,1637579040000,65.95,65.95,61.5,63.2,104450,1910225,38500,weekly,2021-11-25T21:00:00.000,options,call
110,1637579100000,62.85,63.25,60.05,61.45,79525,1930350,38500,weekly,2021-11-25T21:00:00.000,options,call
111,1637579160000,60.9,62.95,60.9,62.4,57275,1930350,38500,weekly,2021-11-25T21:00:00.000,options,call
112,1637579220000,62.05,63.4,61.25,63.05,44250,1930350,38500,weekly,2021-11-25T21:00:00.000,options,call
113,1637579280000,63.55,64.25,62.7,63.7,51425,1941025,38500,weekly,2021-11-25T21:00:00.000,options,call
114,1637579340000,63.75,65.1,63.4,64.05,50350,1941025,38500,weekly,2021-11-25T21:00:00.000,options,call
115,1637579400000,63.7,66.1,62.45,64.7,41350,1941025,38500,weekly,2021-11-25T21:00:00.000,options,call
116,1637579460000,64.6,65.0,62.4,62.65,43125,1953650,38500,weekly,2021-11-25T21:00:00.000,options,call
117,1637579520000,62.4,63.4,61.15,61.35,70600,1953650,38500,weekly,2021-11-25T21:00:00.000,options,call
118,1637579580000,61.0,62.7,59.85,61.1,98350,1953650,38500,weekly,2021-11-25T21:00:00.000,options,call
119,1637579640000,61.25,61.4,58.0,60.3,135075,1955775,38500,weekly,2021-11-25T21:00:00.000,options,call
120,1637579700000,60.2,63.2,59.85,61.25,130725,1955775,38500,weekly,2021-11-25T21:00:00.000,options,call
121,1637579760000,61.35,63.65,60.9,63.2,72875,1955775,38500,weekly,2021-11-25T21:00:00.000,options,call
122,1637579820000,63.0,63.2,62.0,62.45,52300,1947300,38500,weekly,2021-11-25T21:00:00.000,options,call
123,1637579880000,62.2,64.15,61.75,62.6,111575,1947300,38500,weekly,2021-11-25T21:00:00.000,options,call
124,1637579940000,62.65,63.8,62.2,63.4,64700,1947300,38500,weekly,2021-11-25T21:00:00.000,options,call
125,1637580000000,63.5,63.65,61.25,62.65,50450,1941625,38500,weekly,2021-11-25T21:00:00.000,options,call
126,1637580060000,62.25,62.5,60.0,61.4,55200,1941625,38500,weekly,2021-11-25T21:00:00.000,options,call
127,1637580120000,61.4,64.0,61.1,62.85,44300,1941625,38500,weekly,2021-11-25T21:00:00.000,options,call
128,1637580180000,63.0,63.55,61.05,61.6,50850,1954850,38500,weekly,2021-11-25T21:00:00.000,options,call
129,1637580240000,61.75,63.15,61.5,62.55,29500,1954850,38500,weekly,2021-11-25T21:00:00.000,options,call
130,1637580300000,62.9,64.65,61.85,63.95,42600,1954850,38500,weekly,2021-11-25T21:00:00.000,options,call
131,1637580360000,63.7,63.95,60.7,61.05,26450,1965575,38500,weekly,2021-11-25T21:00:00.000,options,call
132,1637580420000,60.95,62.3,59.85,61.25,45025,1965575,38500,weekly,2021-11-25T21:00:00.000,options,call
133,1637580480000,61.15,61.65,59.75,60.9,37875,1965575,38500,weekly,2021-11-25T21:00:00.000,options,call
134,1637580540000,60.8,61.45,60.45,60.8,18325,1981925,38500,weekly,2021-11-25T21:00:00.000,options,call
135,1637580600000,60.6,60.95,59.45,60.65,35025,1981925,38500,weekly,2021-11-25T21:00:00.000,options,call
136,1637580660000,60.4,62.9,60.35,61.95,36350,1981925,38500,weekly,2021-11-25T21:00:00.000,options,call
137,1637580720000,61.6,62.05,60.5,60.9,18700,1981925,38500,weekly,2021-11-25T21:00:00.000,options,call
138,1637580780000,60.6,60.65,59.4,60.4,29725,1989775,38500,weekly,2021-11-25T21:00:00.000,options,call
139,1637580840000,60.1,61.95,60.1,60.5,23950,1989775,38500,weekly,2021-11-25T21:00:00.000,options,call
140,1637580900000,60.25,61.25,58.75,60.95,24775,1989775,38500,weekly,2021-11-25T21:00:00.000,options,call
141,1637580960000,60.55,63.85,60.3,60.95,106725,1995675,38500,weekly,2021-11-25T21:00:00.000,options,call
142,1637581020000,61.85,62.15,57.8,59.8,43350,1995675,38500,weekly,2021-11-25T21:00:00.000,options,call
143,1637581080000,59.8,60.0,59.05,59.75,21325,1995675,38500,weekly,2021-11-25T21:00:00.000,options,call
144,1637581140000,59.7,60.65,59.2,59.3,25350,2003625,38500,weekly,2021-11-25T21:00:00.000,options,call
145,1637581200000,59.3,60.85,59.2,60.0,21350,2003625,38500,weekly,2021-11-25T21:00:00.000,options,call
146,1637581260000,60.15,61.7,60.05,61.3,18950,2003625,38500,weekly,2021-11-25T21:00:00.000,options,call
147,1637581320000,61.5,61.6,60.3,60.3,11225,2002025,38500,weekly,2021-11-25T21:00:00.000,options,call
148,1637581380000,60.5,61.25,59.65,60.9,16600,2002025,38500,weekly,2021-11-25T21:00:00.000,options,call
149,1637581440000,60.65,62.8,59.8,62.3,21000,2002025,38500,weekly,2021-11-25T21:00:00.000,options,call
150,1637581500000,62.3,63.1,60.3,61.5,34450,2002975,38500,weekly,2021-11-25T21:00:00.000,options,call
151,1637581560000,61.7,63.05,61.35,62.65,20350,2002975,38500,weekly,2021-11-25T21:00:00.000,options,call
152,1637581620000,62.4,64.8,61.5,62.15,39750,2002975,38500,weekly,2021-11-25T21:00:00.000,options,call
153,1637581680000,61.8,62.25,59.55,60.0,30650,2003825,38500,weekly,2021-11-25T21:00:00.000,options,call
154,1637581740000,59.8,60.75,59.05,60.4,30300,2003825,38500,weekly,2021-11-25T21:00:00.000,options,call
155,1637581800000,60.25,60.6,54.0,56.3,89400,2003825,38500,weekly,2021-11-25T21:00:00.000,options,call
156,1637581860000,56.1,58.35,55.6,58.35,60475,2009125,38500,weekly,2021-11-25T21:00:00.000,options,call
157,1637581920000,58.45,59.7,58.3,59.4,38325,2009125,38500,weekly,2021-11-25T21:00:00.000,options,call
158,1637581980000,59.05,60.2,58.85,59.95,40425,2009125,38500,weekly,2021-11-25T21:00:00.000,options,call
159,1637582040000,59.75,60.05,58.2,58.4,22350,2002250,38500,weekly,2021-11-25T21:00:00.000,options,call
160,1637582100000,58.4,62.2,55.7,62.2,63825,2002250,38500,weekly,2021-11-25T21:00:00.000,options,call
161,1637582160000,61.05,61.6,58.1,58.1,42550,2002250,38500,weekly,2021-11-25T21:00:00.000,options,call
162,1637582220000,58.2,58.3,56.05,57.5,52700,1990175,38500,weekly,2021-11-25T21:00:00.000,options,call
163,1637582280000,57.45,59.1,57.05,59.0,33925,1990175,38500,weekly,2021-11-25T21:00:00.000,options,call
164,1637582340000,59.05,59.05,57.3,58.25,57475,1990175,38500,weekly,2021-11-25T21:00:00.000,options,call
165,1637582400000,58.4,59.25,57.2,58.5,42825,1997275,38500,weekly,2021-11-25T21:00:00.000,options,call
166,1637582460000,58.0,58.8,57.5,58.2,40275,1997275,38500,weekly,2021-11-25T21:00:00.000,options,call
167,1637582520000,57.95,59.4,57.95,58.3,30000,1997275,38500,weekly,2021-11-25T21:00:00.000,options,call
168,1637582580000,58.2,58.5,53.6,55.7,99225,1985475,38500,weekly,2021-11-25T21:00:00.000,options,call
169,1637582640000,55.7,56.25,54.0,54.95,78950,1985475,38500,weekly,2021-11-25T21:00:00.000,options,call
170,1637582700000,54.8,55.9,54.0,55.35,75850,1985475,38500,weekly,2021-11-25T21:00:00.000,options,call
171,1637582760000,55.25,56.1,50.8,50.9,107000,1989325,38500,weekly,2021-11-25T21:00:00.000,options,call
172,1637582820000,50.7,51.7,49.65,51.7,134375,1989325,38500,weekly,2021-11-25T21:00:00.000,options,call
173,1637582880000,51.8,52.8,50.2,50.45,137800,1989325,38500,weekly,2021-11-25T21:00:00.000,options,call
174,1637582940000,50.4,51.45,50.0,50.0,169625,1981100,38500,weekly,2021-11-25T21:00:00.000,options,call
175,1637583000000,49.4,54.15,49.2,53.75,185025,1981100,38500,weekly,2021-11-25T21:00:00.000,options,call
176,1637583060000,53.9,54.15,50.0,51.05,139225,1981100,38500,weekly,2021-11-25T21:00:00.000,options,call
177,1637583120000,51.1,53.6,50.8,52.45,90375,1968175,38500,weekly,2021-11-25T21:00:00.000,options,call
178,1637583180000,52.15,53.65,51.55,53.2,110550,1968175,38500,weekly,2021-11-25T21:00:00.000,options,call
179,1637583240000,53.4,53.6,51.05,51.6,85925,1968175,38500,weekly,2021-11-25T21:00:00.000,options,call
180,1637583300000,51.55,53.6,50.35,51.0,109400,1989825,38500,weekly,2021-11-25T21:00:00.000,options,call
181,1637583360000,51.2,51.7,49.4,51.6,74000,1989825,38500,weekly,2021-11-25T21:00:00.000,options,call
182,1637583420000,51.45,51.9,49.25,49.6,64825,1989825,38500,weekly,2021-11-25T21:00:00.000,options,call
183,1637583480000,49.5,50.0,48.6,49.75,56750,1999825,38500,weekly,2021-11-25T21:00:00.000,options,call
184,1637583540000,49.6,49.6,46.5,46.5,77200,1999825,38500,weekly,2021-11-25T21:00:00.000,options,call
185,1637583600000,46.35,47.4,44.1,45.05,126075,1999825,38500,weekly,2021-11-25T21:00:00.000,options,call
186,1637583660000,45.15,47.6,45.15,47.45,110300,2014900,38500,weekly,2021-11-25T21:00:00.000,options,call
187,1637583720000,47.55,48.9,46.8,47.7,76250,2014900,38500,weekly,2021-11-25T21:00:00.000,options,call
188,1637583780000,47.8,48.05,46.3,47.0,57775,2014900,38500,weekly,2021-11-25T21:00:00.000,options,call
189,1637583840000,47.0,47.5,45.85,45.85,44600,2015150,38500,weekly,2021-11-25T21:00:00.000,options,call
190,1637583900000,46.15,47.2,44.75,45.2,65300,2015150,38500,weekly,2021-11-25T21:00:00.000,options,call
191,1637583960000,45.15,47.0,45.15,47.0,51800,2015150,38500,weekly,2021-11-25T21:00:00.000,options,call
192,1637584020000,46.85,47.55,45.85,46.45,52200,2017875,38500,weekly,2021-11-25T21:00:00.000,options,call
193,1637584080000,46.45,47.65,46.15,46.5,39725,2017875,38500,weekly,2021-11-25T21:00:00.000,options,call
194,1637584140000,46.5,48.45,45.75,48.2,51200,2017875,38500,weekly,2021-11-25T21:00:00.000,options,call
195,1637584200000,48.25,49.0,48.1,48.35,39850,2002425,38500,weekly,2021-11-25T21:00:00.000,options,call
196,1637584260000,47.7,49.1,47.25,48.8,50775,2002425,38500,weekly,2021-11-25T21:00:00.000,options,call
197,1637584320000,48.7,49.3,46.45,47.8,59000,2002425,38500,weekly,2021-11-25T21:00:00.000,options,call
198,1637584380000,47.8,48.5,47.35,48.25,45400,1992400,38500,weekly,2021-11-25T21:00:00.000,options,call
199,1637584440000,48.35,49.7,48.15,48.95,64700,1992400,38500,weekly,2021-11-25T21:00:00.000,options,call
200,1637584500000,48.7,49.05,47.65,48.25,44700,1992400,38500,weekly,2021-11-25T21:00:00.000,options,call
201,1637584560000,47.9,48.0,47.0,47.2,42950,1998525,38500,weekly,2021-11-25T21:00:00.000,options,call
202,1637584620000,47.0,48.9,47.0,48.6,25425,1998525,38500,weekly,2021-11-25T21:00:00.000,options,call
203,1637584680000,48.9,49.5,48.25,48.45,30900,1998525,38500,weekly,2021-11-25T21:00:00.000,options,call
204,1637584740000,48.3,49.7,48.3,49.55,29100,1991650,38500,weekly,2021-11-25T21:00:00.000,options,call
205,1637584800000,49.7,50.3,48.8,49.8,44500,1991650,38500,weekly,2021-11-25T21:00:00.000,options,call
206,1637584860000,49.8,52.0,49.8,50.9,65975,1991650,38500,weekly,2021-11-25T21:00:00.000,options,call
207,1637584920000,50.75,52.25,50.05,51.6,47575,2001475,38500,weekly,2021-11-25T21:00:00.000,options,call
208,1637584980000,51.65,52.2,50.85,51.3,48025,2001475,38500,weekly,2021-11-25T21:00:00.000,options,call
209,1637585040000,51.45,52.85,50.75,51.55,51850,2001475,38500,weekly,2021-11-25T21:00:00.000,options,call
210,1637585100000,51.45,52.0,50.35,52.0,28600,2010325,38500,weekly,2021-11-25T21:00:00.000,options,call
211,1637585160000,51.6,52.6,49.15,49.65,44950,2010325,38500,weekly,2021-11-25T21:00:00.000,options,call
212,1637585220000,50.05,51.55,49.65,51.2,34300,2010325,38500,weekly,2021-11-25T21:00:00.000,options,call
213,1637585280000,51.35,52.55,50.95,52.1,34150,2016075,38500,weekly,2021-11-25T21:00:00.000,options,call
214,1637585340000,52.1,52.5,50.95,51.45,28650,2016075,38500,weekly,2021-11-25T21:00:00.000,options,call
215,1637585400000,51.35,51.55,49.7,51.25,43450,2016075,38500,weekly,2021-11-25T21:00:00.000,options,call
216,1637585460000,51.35,52.05,50.45,50.6,49850,2018275,38500,weekly,2021-11-25T21:00:00.000,options,call
217,1637585520000,50.35,50.7,48.75,48.9,46225,2018275,38500,weekly,2021-11-25T21:00:00.000,options,call
218,1637585580000,49.05,49.9,48.55,49.4,22925,2018275,38500,weekly,2021-11-25T21:00:00.000,options,call
219,1637585640000,49.4,49.8,48.15,48.65,33650,2014050,38500,weekly,2021-11-25T21:00:00.000,options,call
220,1637585700000,48.6,48.6,46.4,47.65,63200,2014050,38500,weekly,2021-11-25T21:00:00.000,options,call
221,1637585760000,47.5,48.85,47.5,48.0,29375,2014050,38500,weekly,2021-11-25T21:00:00.000,options,call
222,1637585820000,47.75,48.35,46.0,46.95,31775,2019675,38500,weekly,2021-11-25T21:00:00.000,options,call
223,1637585880000,47.1,47.75,46.5,47.4,22800,2019675,38500,weekly,2021-11-25T21:00:00.000,options,call
224,1637585940000,47.45,48.25,47.0,47.9,26925,2019675,38500,weekly,2021-11-25T21:00:00.000,options,call
225,1637586000000,48.2,49.1,47.75,48.25,26525,2023900,38500,weekly,2021-11-25T21:00:00.000,options,call
226,1637586060000,48.25,49.85,48.2,49.75,24950,2023900,38500,weekly,2021-11-25T21:00:00.000,options,call
227,1637586120000,50.05,50.3,49.1,49.55,28925,2023900,38500,weekly,2021-11-25T21:00:00.000,options,call
228,1637586180000,49.7,50.55,49.25,50.55,22500,2033075,38500,weekly,2021-11-25T21:00:00.000,options,call
229,1637586240000,50.55,51.45,49.45,50.85,33675,2033075,38500,weekly,2021-11-25T21:00:00.000,options,call
230,1637586300000,51.0,51.1,49.2,49.2,21825,2033075,38500,weekly,2021-11-25T21:00:00.000,options,call
231,1637586360000,49.45,49.5,48.4,48.5,37150,2033325,38500,weekly,2021-11-25T21:00:00.000,options,call
232,1637586420000,48.5,49.05,46.55,46.8,32275,2033325,38500,weekly,2021-11-25T21:00:00.000,options,call
233,1637586480000,46.5,48.8,46.3,48.0,32300,2033325,38500,weekly,2021-11-25T21:00:00.000,options,call
234,1637586540000,47.55,49.0,47.35,47.75,15350,2032950,38500,weekly,2021-11-25T21:00:00.000,options,call
235,1637586600000,47.75,48.5,47.35,48.5,14550,2032950,38500,weekly,2021-11-25T21:00:00.000,options,call
236,1637586660000,48.2,48.3,46.55,47.6,16150,2032950,38500,weekly,2021-11-25T21:00:00.000,options,call
237,1637586720000,47.55,48.35,47.3,47.3,11750,2035200,38500,weekly,2021-11-25T21:00:00.000,options,call
238,1637586780000,47.45,50.45,47.4,49.0,23325,2035200,38500,weekly,2021-11-25T21:00:00.000,options,call
239,1637586840000,49.05,50.15,48.7,48.85,23575,2035200,38500,weekly,2021-11-25T21:00:00.000,options,call
240,1637586900000,48.85,48.85,45.7,45.95,32625,2032550,38500,weekly,2021-11-25T21:00:00.000,options,call
241,1637586960000,46.05,46.35,42.7,43.4,99075,2032550,38500,weekly,2021-11-25T21:00:00.000,options,call
242,1637587020000,43.2,44.55,38.5,38.5,163900,2032550,38500,weekly,2021-11-25T21:00:00.000,options,call
243,1637587080000,38.5,39.65,38.0,38.85,77750,2017750,38500,weekly,2021-11-25T21:00:00.000,options,call
244,1637587140000,38.8,39.0,37.4,38.0,83975,2017750,38500,weekly,2021-11-25T21:00:00.000,options,call
245,1637587200000,37.8,39.85,37.65,39.1,59275,2017750,38500,weekly,2021-11-25T21:00:00.000,options,call
246,1637587260000,39.2,40.35,39.05,39.6,34525,1991375,38500,weekly,2021-11-25T21:00:00.000,options,call
247,1637587320000,39.55,40.1,39.05,40.1,25500,1991375,38500,weekly,2021-11-25T21:00:00.000,options,call
248,1637587380000,40.1,40.4,37.8,38.65,53325,1991375,38500,weekly,2021-11-25T21:00:00.000,options,call
249,1637587440000,38.8,38.9,37.2,37.95,47425,1985875,38500,weekly,2021-11-25T21:00:00.000,options,call
250,1637587500000,37.95,38.95,37.0,38.75,66000,1985875,38500,weekly,2021-11-25T21:00:00.000,options,call
251,1637587560000,38.55,39.0,38.1,38.45,27300,1985875,38500,weekly,2021-11-25T21:00:00.000,options,call
252,1637587620000,38.45,38.75,37.65,38.75,35725,1986600,38500,weekly,2021-11-25T21:00:00.000,options,call
253,1637587680000,38.8,39.0,38.0,38.15,34525,1986600,38500,weekly,2021-11-25T21:00:00.000,options,call
254,1637587740000,38.0,38.2,36.8,36.8,59725,1986600,38500,weekly,2021-11-25T21:00:00.000,options,call
255,1637587800000,37.0,37.9,36.3,36.7,39850,1972625,38500,weekly,2021-11-25T21:00:00.000,options,call
256,1637587860000,36.7,37.95,36.55,37.55,65850,1972625,38500,weekly,2021-11-25T21:00:00.000,options,call
257,1637587920000,37.55,38.5,36.85,38.2,72475,1972625,38500,weekly,2021-11-25T21:00:00.000,options,call
258,1637587980000,38.05,38.85,37.85,38.75,44350,1944550,38500,weekly,2021-11-25T21:00:00.000,options,call
259,1637588040000,38.6,38.95,36.85,36.95,50875,1944550,38500,weekly,2021-11-25T21:00:00.000,options,call
260,1637588100000,37.25,38.8,37.0,38.8,38800,1944550,38500,weekly,2021-11-25T21:00:00.000,options,call
261,1637588160000,38.8,39.3,38.35,38.5,30050,1933625,38500,weekly,2021-11-25T21:00:00.000,options,call
262,1637588220000,38.45,38.9,37.45,38.1,34250,1933625,38500,weekly,2021-11-25T21:00:00.000,options,call
263,1637588280000,38.2,38.45,37.4,38.15,44275,1933625,38500,weekly,2021-11-25T21:00:00.000,options,call
264,1637588340000,38.05,39.8,38.05,39.55,40875,1921450,38500,weekly,2021-11-25T21:00:00.000,options,call
265,1637588400000,39.4,40.35,39.4,40.25,49250,1921450,38500,weekly,2021-11-25T21:00:00.000,options,call
266,1637588460000,40.35,41.5,40.0,40.75,29400,1921450,38500,weekly,2021-11-25T21:00:00.000,options,call
267,1637588520000,40.95,41.0,39.65,40.5,58575,1920650,38500,weekly,2021-11-25T21:00:00.000,options,call
268,1637588580000,40.55,40.55,39.4,39.4,20225,1920650,38500,weekly,2021-11-25T21:00:00.000,options,call
269,1637588640000,39.5,39.9,38.3,38.3,23000,1920650,38500,weekly,2021-11-25T21:00:00.000,options,call
270,1637588700000,37.95,40.25,37.35,39.6,38400,1919900,38500,weekly,2021-11-25T21:00:00.000,options,call
271,1637588760000,39.7,40.0,38.5,40.0,22650,1919900,38500,weekly,2021-11-25T21:00:00.000,options,call
272,1637588820000,39.9,40.8,39.6,40.4,33800,1919900,38500,weekly,2021-11-25T21:00:00.000,options,call
273,1637588880000,40.75,40.85,39.1,40.05,29225,1914975,38500,weekly,2021-11-25T21:00:00.000,options,call
274,1637588940000,39.7,40.2,38.55,38.7,23425,1914975,38500,weekly,2021-11-25T21:00:00.000,options,call
275,1637589000000,38.6,40.2,38.6,39.05,26250,1914975,38500,weekly,2021-11-25T21:00:00.000,options,call
276,1637589060000,39.35,40.0,38.35,38.55,22325,1918150,38500,weekly,2021-11-25T21:00:00.000,options,call
277,1637589120000,38.7,39.8,38.4,39.45,30650,1918150,38500,weekly,2021-11-25T21:00:00.000,options,call
278,1637589180000,39.15,39.85,38.8,39.35,17100,1918150,38500,weekly,2021-11-25T21:00:00.000,options,call
279,1637589240000,39.25,40.8,39.15,39.6,34200,1913950,38500,weekly,2021-11-25T21:00:00.000,options,call
280,1637589300000,39.6,40.0,39.1,40.0,16525,1913950,38500,weekly,2021-11-25T21:00:00.000,options,call
281,1637589360000,39.9,40.15,38.1,38.5,25175,1913950,38500,weekly,2021-11-25T21:00:00.000,options,call
282,1637589420000,38.4,38.85,38.15,38.5,10175,1915350,38500,weekly,2021-11-25T21:00:00.000,options,call
283,1637589480000,38.3,38.3,36.75,37.65,57050,1915350,38500,weekly,2021-11-25T21:00:00.000,options,call
284,1637589540000,37.5,38.0,36.65,37.15,52700,1915350,38500,weekly,2021-11-25T21:00:00.000,options,call
285,1637589600000,37.35,39.85,37.3,39.1,47500,1915075,38500,weekly,2021-11-25T21:00:00.000,options,call
286,1637589660000,39.1,40.8,38.2,38.25,74250,1915075,38500,weekly,2021-11-25T21:00:00.000,options,call
287,1637589720000,38.4,39.15,37.9,38.6,32425,1915075,38500,weekly,2021-11-25T21:00:00.000,options,call
288,1637589780000,38.55,39.85,38.3,39.85,17825,1918300,38500,weekly,2021-11-25T21:00:00.000,options,call
289,1637589840000,39.55,40.3,39.3,39.55,25825,1918300,38500,weekly,2021-11-25T21:00:00.000,options,call
290,1637589900000,39.5,40.85,38.95,38.95,29475,1918300,38500,weekly,2021-11-25T21:00:00.000,options,call
291,1637589960000,39.15,40.25,38.25,38.95,15475,1915150,38500,weekly,2021-11-25T21:00:00.000,options,call
292,1637590020000,39.2,40.4,39.2,39.95,17675,1915150,38500,weekly,2021-11-25T21:00:00.000,options,call
293,1637590080000,39.9,40.75,39.6,39.8,18450,1915150,38500,weekly,2021-11-25T21:00:00.000,options,call
294,1637590140000,39.8,39.8,38.35,38.4,19925,1909775,38500,weekly,2021-11-25T21:00:00.000,options,call
295,1637590200000,38.35,38.95,37.55,38.2,22650,1909775,38500,weekly,2021-11-25T21:00:00.000,options,call
296,1637590260000,37.95,39.25,37.85,38.35,17875,1909775,38500,weekly,2021-11-25T21:00:00.000,options,call
297,1637590320000,38.3,38.8,37.45,38.65,27700,1907800,38500,weekly,2021-11-25T21:00:00.000,options,call
298,1637590380000,38.5,39.25,37.85,37.9,29800,1907800,38500,weekly,2021-11-25T21:00:00.000,options,call
299,1637590440000,38.25,39.5,38.15,38.15,41400,1907800,38500,weekly,2021-11-25T21:00:00.000,options,call
300,1637590500000,38.0,38.75,37.7,38.3,22550,1908725,38500,weekly,2021-11-25T21:00:00.000,options,call
301,1637590560000,38.45,38.8,35.75,36.6,66250,1908725,38500,weekly,2021-11-25T21:00:00.000,options,call
302,1637590620000,36.4,36.95,34.7,34.8,94625,1908725,38500,weekly,2021-11-25T21:00:00.000,options,call
303,1637590680000,34.85,35.05,32.9,33.45,110850,1916625,38500,weekly,2021-11-25T21:00:00.000,options,call
304,1637590740000,33.55,34.45,32.8,32.8,64650,1916625,38500,weekly,2021-11-25T21:00:00.000,options,call
305,1637590800000,32.9,34.0,32.25,33.55,54350,1916625,38500,weekly,2021-11-25T21:00:00.000,options,call
306,1637590860000,33.5,35.0,33.2,33.45,35150,1907075,38500,weekly,2021-11-25T21:00:00.000,options,call
307,1637590920000,33.6,33.6,32.5,32.75,38400,1907075,38500,weekly,2021-11-25T21:00:00.000,options,call
308,1637590980000,32.6,33.5,32.6,33.2,27400,1907075,38500,weekly,2021-11-25T21:00:00.000,options,call
309,1637591040000,33.2,33.6,32.6,33.0,28750,1900850,38500,weekly,2021-11-25T21:00:00.000,options,call
310,1637591100000,32.95,33.5,31.6,32.4,88850,1900850,38500,weekly,2021-11-25T21:00:00.000,options,call
311,1637591160000,32.35,33.7,32.1,33.4,61625,1900850,38500,weekly,2021-11-25T21:00:00.000,options,call
312,1637591220000,33.45,33.5,31.95,32.55,79775,1892175,38500,weekly,2021-11-25T21:00:00.000,options,call
313,1637591280000,32.6,33.35,31.95,33.15,59700,1892175,38500,weekly,2021-11-25T21:00:00.000,options,call
314,1637591340000,33.15,33.15,31.8,32.2,70275,1892175,38500,weekly,2021-11-25T21:00:00.000,options,call
315,1637591400000,31.9,33.0,31.85,32.55,96100,1884550,38500,weekly,2021-11-25T21:00:00.000,options,call
316,1637591460000,32.85,33.15,32.0,32.8,108850,1884550,38500,weekly,2021-11-25T21:00:00.000,options,call
317,1637591520000,32.7,34.4,32.45,34.35,105650,1884550,38500,weekly,2021-11-25T21:00:00.000,options,call
318,1637591580000,34.1,34.2,32.85,34.2,82600,1882100,38500,weekly,2021-11-25T21:00:00.000,options,call
319,1637591640000,34.2,35.4,34.05,35.35,58250,1882100,38500,weekly,2021-11-25T21:00:00.000,options,call
320,1637591700000,35.45,36.0,34.7,35.4,65975,1882100,38500,weekly,2021-11-25T21:00:00.000,options,call
321,1637591760000,35.55,36.5,34.95,35.6,87750,1873450,38500,weekly,2021-11-25T21:00:00.000,options,call
322,1637591820000,35.75,35.85,34.0,35.05,84375,1873450,38500,weekly,2021-11-25T21:00:00.000,options,call
323,1637591880000,35.1,35.55,34.1,34.7,50625,1873450,38500,weekly,2021-11-25T21:00:00.000,options,call
324,1637591940000,34.8,34.9,34.15,34.8,45275,1881150,38500,weekly,2021-11-25T21:00:00.000,options,call
325,1637592000000,34.75,35.6,34.45,35.45,87150,1881150,38500,weekly,2021-11-25T21:00:00.000,options,call
326,1637592060000,35.25,35.45,34.0,34.45,76850,1881150,38500,weekly,2021-11-25T21:00:00.000,options,call
327,1637592120000,34.05,34.6,32.7,32.75,57175,1870075,38500,weekly,2021-11-25T21:00:00.000,options,call
328,1637592180000,33.05,33.15,31.55,32.0,66100,1870075,38500,weekly,2021-11-25T21:00:00.000,options,call
329,1637592240000,32.15,33.15,32.05,32.4,61225,1870075,38500,weekly,2021-11-25T21:00:00.000,options,call
330,1637592300000,32.25,32.45,31.5,31.5,60825,1858450,38500,weekly,2021-11-25T21:00:00.000,options,call
331,1637592360000,31.35,32.5,31.3,32.4,73925,1858450,38500,weekly,2021-11-25T21:00:00.000,options,call
332,1637592420000,32.3,33.45,31.85,31.9,73100,1858450,38500,weekly,2021-11-25T21:00:00.000,options,call
333,1637592480000,31.75,32.25,31.4,32.0,35325,1849600,38500,weekly,2021-11-25T21:00:00.000,options,call
334,1637592540000,32.1,33.5,31.65,32.95,69000,1849600,38500,weekly,2021-11-25T21:00:00.000,options,call
335,1637592600000,33.25,33.35,31.55,32.4,75150,1849600,38500,weekly,2021-11-25T21:00:00.000,options,call
336,1637592660000,32.7,32.75,31.8,31.95,73400,1840225,38500,weekly,2021-11-25T21:00:00.000,options,call
337,1637592720000,32.0,32.15,30.2,30.7,74225,1840225,38500,weekly,2021-11-25T21:00:00.000,options,call
338,1637592780000,30.7,31.5,30.7,31.0,55450,1840225,38500,weekly,2021-11-25T21:00:00.000,options,call
339,1637592840000,31.05,31.6,30.5,30.9,39950,1827450,38500,weekly,2021-11-25T21:00:00.000,options,call
340,1637592900000,31.05,31.5,30.6,30.65,32150,1827450,38500,weekly,2021-11-25T21:00:00.000,options,call
341,1637592960000,30.75,31.85,30.6,31.4,50425,1827450,38500,weekly,2021-11-25T21:00:00.000,options,call
342,1637593020000,31.35,31.6,31.05,31.25,48950,1820025,38500,weekly,2021-11-25T21:00:00.000,options,call
343,1637593080000,31.2,31.5,29.5,29.85,47100,1820025,38500,weekly,2021-11-25T21:00:00.000,options,call
344,1637593140000,30.0,30.85,29.75,30.45,68000,1820025,38500,weekly,2021-11-25T21:00:00.000,options,call
345,1637593200000,30.7,31.95,29.65,31.65,107275,1794850,38500,weekly,2021-11-25T21:00:00.000,options,call
346,1637593260000,32.0,32.8,31.2,32.45,102800,1794850,38500,weekly,2021-11-25T21:00:00.000,options,call
347,1637593320000,32.3,33.35,31.55,32.4,62975,1794850,38500,weekly,2021-11-25T21:00:00.000,options,call
348,1637593380000,32.2,32.6,31.15,31.8,55800,1772750,38500,weekly,2021-11-25T21:00:00.000,options,call
349,1637593440000,31.85,33.05,31.05,32.8,35675,1772750,38500,weekly,2021-11-25T21:00:00.000,options,call
350,1637593500000,32.95,33.15,31.55,32.4,41150,1772750,38500,weekly,2021-11-25T21:00:00.000,options,call
351,1637593560000,33.05,33.6,31.7,31.9,46725,1764250,38500,weekly,2021-11-25T21:00:00.000,options,call
352,1637593620000,31.9,32.85,31.3,31.65,34725,1764250,38500,weekly,2021-11-25T21:00:00.000,options,call
353,1637593680000,31.85,33.0,31.8,33.0,51175,1764250,38500,weekly,2021-11-25T21:00:00.000,options,call
354,1637593740000,33.1,36.45,33.1,36.45,97200,1740275,38500,weekly,2021-11-25T21:00:00.000,options,call
355,1637593800000,36.45,37.9,35.75,35.75,120725,1740275,38500,weekly,2021-11-25T21:00:00.000,options,call
356,1637593860000,35.65,38.1,35.3,36.55,94975,1740275,38500,weekly,2021-11-25T21:00:00.000,options,call
357,1637593920000,36.65,37.5,36.3,36.7,48275,1741325,38500,weekly,2021-11-25T21:00:00.000,options,call
358,1637593980000,36.85,37.25,34.1,34.4,55450,1741325,38500,weekly,2021-11-25T21:00:00.000,options,call
359,1637594040000,34.2,34.4,31.85,33.65,53725,1741325,38500,weekly,2021-11-25T21:00:00.000,options,call
360,1637594100000,34.0,38.3,34.0,37.6,97450,1726275,38500,weekly,2021-11-25T21:00:00.000,options,call
361,1637594160000,37.7,37.9,36.6,36.65,75850,1726275,38500,weekly,2021-11-25T21:00:00.000,options,call
362,1637594220000,36.6,37.7,36.35,36.65,63725,1726275,38500,weekly,2021-11-25T21:00:00.000,options,call
363,1637594280000,36.8,37.15,34.7,34.85,60825,1727875,38500,weekly,2021-11-25T21:00:00.000,options,call
364,1637594340000,34.85,37.3,34.85,37.3,42775,1727875,38500,weekly,2021-11-25T21:00:00.000,options,call
365,1637594400000,37.55,37.65,36.1,36.15,58500,1727875,38500,weekly,2021-11-25T21:00:00.000,options,call
366,1637594460000,36.0,37.05,35.75,35.85,35600,1714575,38500,weekly,2021-11-25T21:00:00.000,options,call
367,1637594520000,36.0,36.8,35.3,36.3,52375,1714575,38500,weekly,2021-11-25T21:00:00.000,options,call
368,1637594580000,36.25,36.8,36.0,36.5,47425,1714575,38500,weekly,2021-11-25T21:00:00.000,options,call
369,1637594640000,36.7,36.9,36.15,36.6,64750,1694075,38500,weekly,2021-11-25T21:00:00.000,options,call
370,1637594700000,36.7,36.95,30.0,31.65,145700,1694075,38500,weekly,2021-11-25T21:00:00.000,options,call
371,1637594760000,32.25,34.8,32.25,33.95,77375,1694075,38500,weekly,2021-11-25T21:00:00.000,options,call
372,1637594820000,34.45,34.95,33.8,34.95,63575,1702850,38500,weekly,2021-11-25T21:00:00.000,options,call
373,1637594880000,34.75,35.0,33.75,34.3,68550,1702850,38500,weekly,2021-11-25T21:00:00.000,options,call
374,1637594940000,34.2,34.5,33.65,33.8,56375,1702850,38500,weekly,2021-11-25T21:00:00.000,options,call
