,timestamp,open,high,low,close,volume,open_interest,strike,expiry_type,expiry,instrument,contract_type
0,1651117500000,426.55,457.15,378.6,404.05,79900,265225,35800,weekly,2022-4-28T21:00:00.000,options,call
1,1651117560000,408.0,411.7,378.05,389.45,83375,265225,35800,weekly,2022-4-28T21:00:00.000,options,call
2,1651117620000,388.45,389.05,363.45,365.05,57525,273850,35800,weekly,2022-4-28T21:00:00.000,options,call
3,1651117680000,366.95,369.25,350.15,363.75,60750,273850,35800,weekly,2022-4-28T21:00:00.000,options,call
4,1651117740000,365.65,371.85,345.15,350.6,67575,273850,35800,weekly,2022-4-28T21:00:00.000,options,call
5,1651117800000,354.7,354.7,325.0,337.25,123425,310650,35800,weekly,2022-4-28T21:00:00.000,options,call
6,1651117860000,336.2,339.55,320.95,321.8,74650,310650,35800,weekly,2022-4-28T21:00:00.000,options,call
7,1651117920000,323.35,326.45,310.2,311.6,98325,310650,35800,weekly,2022-4-28T21:00:00.000,options,call
8,1651117980000,311.85,327.1,307.1,320.55,82500,358575,35800,weekly,2022-4-28T21:00:00.000,options,call
9,1651118040000,318.15,318.15,297.1,298.45,97275,358575,35800,weekly,2022-4-28T21:00:00.000,options,call
10,1651118100000,298.35,315.5,290.35,311.25,140675,358575,35800,weekly,2022-4-28T21:00:00.000,options,call
11,1651118160000,312.1,317.7,290.15,303.95,106125,393750,35800,weekly,2022-4-28T21:00:00.000,options,call
12,1651118220000,302.85,315.0,300.55,315.0,62700,393750,35800,weekly,2022-4-28T21:00:00.000,options,call
13,1651118280000,314.5,318.4,310.85,315.4,68800,393750,35800,weekly,2022-4-28T21:00:00.000,options,call
14,1651118340000,314.9,329.1,310.1,326.75,86225,418150,35800,weekly,2022-4-28T21:00:00.000,options,call
15,1651118400000,328.9,337.45,326.25,333.0,139650,418150,35800,weekly,2022-4-28T21:00:00.000,options,call
16,1651118460000,331.7,339.5,326.4,329.7,85025,418150,35800,weekly,2022-4-28T21:00:00.000,options,call
17,1651118520000,328.0,333.35,319.6,324.15,72225,398100,35800,weekly,2022-4-28T21:00:00.000,options,call
18,1651118580000,324.15,336.0,324.15,336.0,40275,398100,35800,weekly,2022-4-28T21:00:00.000,options,call
19,1651118640000,332.75,335.65,327.0,329.35,33000,398100,35800,weekly,2022-4-28T21:00:00.000,options,call
20,1651118700000,328.75,336.7,321.75,328.55,59625,410100,35800,weekly,2022-4-28T21:00:00.000,options,call
21,1651118760000,327.5,333.0,319.3,319.3,46000,410100,35800,weekly,2022-4-28T21:00:00.000,options,call
22,1651118820000,319.65,322.75,311.8,315.75,48525,410100,35800,weekly,2022-4-28T21:00:00.000,options,call
23,1651118880000,315.95,317.3,307.7,311.0,38075,420000,35800,weekly,2022-4-28T21:00:00.000,options,call
24,1651118940000,311.05,315.95,308.0,314.4,38525,420000,35800,weekly,2022-4-28T21:00:00.000,options,call
25,1651119000000,313.15,321.95,306.55,321.95,56700,420000,35800,weekly,2022-4-28T21:00:00.000,options,call
26,1651119060000,321.25,328.65,319.05,326.4,46575,433550,35800,weekly,2022-4-28T21:00:00.000,options,call
27,1651119120000,327.9,334.75,322.0,331.5,58375,433550,35800,weekly,2022-4-28T21:00:00.000,options,call
28,1651119180000,332.3,337.9,329.1,332.7,55350,433550,35800,weekly,2022-4-28T21:00:00.000,options,call
29,1651119240000,332.7,336.2,324.75,336.2,52850,433925,35800,weekly,2022-4-28T21:00:00.000,options,call
30,1651119300000,337.6,338.05,316.0,318.1,62250,433925,35800,weekly,2022-4-28T21:00:00.000,options,call
31,1651119360000,318.15,318.5,309.25,309.5,46050,433925,35800,weekly,2022-4-28T21:00:00.000,options,call
32,1651119420000,308.7,310.95,300.0,304.2,74825,440875,35800,weekly,2022-4-28T21:00:00.000,options,call
33,1651119480000,305.9,305.9,295.05,295.2,46025,440875,35800,weekly,2022-4-28T21:00:00.000,options,call
34,1651119540000,293.75,295.6,280.25,294.5,72825,440875,35800,weekly,2022-4-28T21:00:00.000,options,call
35,1651119600000,293.05,294.8,279.1,290.55,70925,479300,35800,weekly,2022-4-28T21:00:00.000,options,call
36,1651119660000,291.6,302.65,290.0,302.55,65250,479300,35800,weekly,2022-4-28T21:00:00.000,options,call
37,1651119720000,301.8,309.3,294.45,294.55,63025,479300,35800,weekly,2022-4-28T21:00:00.000,options,call
38,1651119780000,294.0,303.0,293.75,294.05,28100,487325,35800,weekly,2022-4-28T21:00:00.000,options,call
39,1651119840000,293.5,295.0,288.0,290.15,38850,487325,35800,weekly,2022-4-28T21:00:00.000,options,call
40,1651119900000,290.75,292.65,284.2,286.5,37300,487325,35800,weekly,2022-4-28T21:00:00.000,options,call
41,1651119960000,285.8,296.3,283.65,293.0,34750,508275,35800,weekly,2022-4-28T21:00:00.000,options,call
42,1651120020000,293.25,303.3,291.4,298.2,49600,508275,35800,weekly,2022-4-28T21:00:00.000,options,call
43,1651120080000,298.65,300.2,287.75,288.15,42525,508275,35800,weekly,2022-4-28T21:00:00.000,options,call
44,1651120140000,286.75,303.05,286.3,299.6,32325,523025,35800,weekly,2022-4-28T21:00:00.000,options,call
45,1651120200000,299.5,315.2,297.75,312.7,69600,523025,35800,weekly,2022-4-28T21:00:00.000,options,call
46,1651120260000,312.0,319.0,303.05,308.15,48300,523025,35800,weekly,2022-4-28T21:00:00.000,options,call
47,1651120320000,308.35,309.4,301.1,305.85,40875,498925,35800,weekly,2022-4-28T21:00:00.000,options,call
48,1651120380000,304.9,309.1,303.55,308.95,34200,498925,35800,weekly,2022-4-28T21:00:00.000,options,call
49,1651120440000,308.6,309.75,299.5,299.75,32250,498925,35800,weekly,2022-4-28T21:00:00.000,options,call
50,1651120500000,299.85,302.0,295.8,301.9,27000,517200,35800,weekly,2022-4-28T21:00:00.000,options,call
51,1651120560000,300.75,305.95,299.95,300.85,21000,517200,35800,weekly,2022-4-28T21:00:00.000,options,call
52,1651120620000,300.0,303.95,296.55,300.65,25225,517200,35800,weekly,2022-4-28T21:00:00.000,options,call
53,1651120680000,300.65,305.0,298.3,304.0,16850,524650,35800,weekly,2022-4-28T21:00:00.000,options,call
54,1651120740000,301.9,308.25,301.9,304.8,22000,524650,35800,weekly,2022-4-28T21:00:00.000,options,call
55,1651120800000,302.85,304.1,295.0,295.0,30825,524650,35800,weekly,2022-4-28T21:00:00.000,options,call
56,1651120860000,295.0,300.45,291.85,296.2,38600,529175,35800,weekly,2022-4-28T21:00:00.000,options,call
57,1651120920000,295.75,298.35,287.8,290.2,37875,529175,35800,weekly,2022-4-28T21:00:00.000,options,call
58,1651120980000,289.65,297.45,288.4,296.15,30400,529175,35800,weekly,2022-4-28T21:00:00.000,options,call
59,1651121040000,295.95,306.4,292.15,295.55,38625,542900,35800,weekly,2022-4-28T21:00:00.000,options,call
60,1651121100000,295.5,300.0,295.1,297.2,14350,542900,35800,weekly,2022-4-28T21:00:00.000,options,call
61,1651121160000,297.95,308.4,297.5,305.4,44950,542900,35800,weekly,2022-4-28T21:00:00.000,options,call
62,1651121220000,306.1,307.5,295.75,296.3,43275,539300,35800,weekly,2022-4-28T21:00:00.000,options,call
63,1651121280000,296.8,301.35,284.3,284.8,43875,539300,35800,weekly,2022-4-28T21:00:00.000,options,call
64,1651121340000,284.55,288.95,272.8,281.3,59400,539300,35800,weekly,2022-4-28T21:00:00.000,options,call
65,1651121400000,281.9,305.0,278.35,299.65,81000,551825,35800,weekly,2022-4-28T21:00:00.000,options,call
66,1651121460000,300.0,300.45,292.9,298.45,41675,551825,35800,weekly,2022-4-28T21:00:00.000,options,call
67,1651121520000,298.45,300.75,292.65,296.2,29125,551825,35800,weekly,2022-4-28T21:00:00.000,options,call
68,1651121580000,295.65,295.9,290.95,291.8,24700,559175,35800,weekly,2022-4-28T21:00:00.000,options,call
69,1651121640000,291.05,292.25,282.95,285.6,34700,559175,35800,weekly,2022-4-28T21:00:00.000,options,call
70,1651121700000,285.9,288.05,241.3,259.4,121325,559175,35800,weekly,2022-4-28T21:00:00.000,options,call
71,1651121760000,266.2,277.0,255.55,268.55,180300,575750,35800,weekly,2022-4-28T21:00:00.000,options,call
72,1651121820000,269.35,273.75,263.1,263.1,57825,575750,35800,weekly,2022-4-28T21:00:00.000,options,call
73,1651121880000,262.6,280.1,260.4,277.0,104725,575750,35800,weekly,2022-4-28T21:00:00.000,options,call
74,1651121940000,277.1,281.4,270.7,271.8,68100,598475,35800,weekly,2022-4-28T21:00:00.000,options,call
75,1651122000000,272.15,278.8,270.45,275.1,63650,598475,35800,weekly,2022-4-28T21:00:00.000,options,call
76,1651122060000,272.65,278.4,269.35,270.9,40425,598475,35800,weekly,2022-4-28T21:00:00.000,options,call
77,1651122120000,269.85,277.05,268.8,275.0,36800,613300,35800,weekly,2022-4-28T21:00:00.000,options,call
78,1651122180000,274.75,275.35,269.75,273.45,44100,613300,35800,weekly,2022-4-28T21:00:00.000,options,call
79,1651122240000,273.45,276.05,259.8,260.0,70000,613300,35800,weekly,2022-4-28T21:00:00.000,options,call
80,1651122300000,260.15,269.4,257.4,266.8,89550,624175,35800,weekly,2022-4-28T21:00:00.000,options,call
81,1651122360000,267.8,274.35,264.65,273.8,59800,624175,35800,weekly,2022-4-28T21:00:00.000,options,call
82,1651122420000,273.3,281.15,268.85,269.65,72600,624175,35800,weekly,2022-4-28T21:00:00.000,options,call
83,1651122480000,268.55,268.55,253.95,260.45,91400,616850,35800,weekly,2022-4-28T21:00:00.000,options,call
84,1651122540000,260.95,262.8,254.75,257.9,49250,616850,35800,weekly,2022-4-28T21:00:00.000,options,call
85,1651122600000,258.5,260.6,250.45,254.8,55025,616850,35800,weekly,2022-4-28T21:00:00.000,options,call
86,1651122660000,253.65,253.9,244.65,246.8,86475,653750,35800,weekly,2022-4-28T21:00:00.000,options,call
87,1651122720000,246.0,248.95,236.0,242.9,132950,653750,35800,weekly,2022-4-28T21:00:00.000,options,call
88,1651122780000,245.25,252.4,244.35,245.55,86050,653750,35800,weekly,2022-4-28T21:00:00.000,options,call
89,1651122840000,245.95,250.55,241.95,247.1,59550,718075,35800,weekly,2022-4-28T21:00:00.000,options,call
90,1651122900000,246.55,249.5,233.1,235.45,73125,718075,35800,weekly,2022-4-28T21:00:00.000,options,call
91,1651122960000,235.0,242.35,230.0,240.5,120850,718075,35800,weekly,2022-4-28T21:00:00.000,options,call
92,1651123020000,240.8,242.35,235.85,241.95,53175,763100,35800,weekly,2022-4-28T21:00:00.000,options,call
93,1651123080000,243.15,258.85,243.15,250.55,184450,763100,35800,weekly,2022-4-28T21:00:00.000,options,call
94,1651123140000,249.85,250.85,243.1,246.45,59475,763100,35800,weekly,2022-4-28T21:00:00.000,options,call
95,1651123200000,247.35,267.95,246.5,267.95,119625,724700,35800,weekly,2022-4-28T21:00:00.000,options,call
96,1651123260000,267.35,271.6,261.7,271.1,95075,724700,35800,weekly,2022-4-28T21:00:00.000,options,call
97,1651123320000,271.55,283.75,271.2,282.9,123725,724700,35800,weekly,2022-4-28T21:00:00.000,options,call
98,1651123380000,282.2,285.2,275.0,281.25,95925,679975,35800,weekly,2022-4-28T21:00:00.000,options,call
99,1651123440000,281.85,284.45,275.15,277.5,60525,679975,35800,weekly,2022-4-28T21:00:00.000,options,call
100,1651123500000,277.7,280.8,271.5,279.35,61850,679975,35800,weekly,2022-4-28T21:00:00.000,options,call
101,1651123560000,279.4,292.9,279.4,289.45,123625,673475,35800,weekly,2022-4-28T21:00:00.000,options,call
102,1651123620000,290.2,292.55,286.75,292.2,73125,673475,35800,weekly,2022-4-28T21:00:00.000,options,call
103,1651123680000,292.35,301.4,290.4,292.5,133900,673475,35800,weekly,2022-4-28T21:00:00.000,options,call
104,1651123740000,293.0,293.95,287.5,293.95,71950,664400,35800,weekly,2022-4-28T21:00:00.000,options,call
105,1651123800000,292.7,300.9,289.7,289.75,78025,664400,35800,weekly,2022-4-28T21:00:00.000,options,call
106,1651123860000,289.85,290.2,283.05,287.5,64525,664400,35800,weekly,2022-4-28T21:00:00.000,options,call
107,1651123920000,287.9,291.55,284.15,285.0,42450,697725,35800,weekly,2022-4-28T21:00:00.000,options,call
108,1651123980000,284.8,286.35,282.25,283.0,45225,697725,35800,weekly,2022-4-28T21:00:00.000,options,call
109,1651124040000,283.9,289.25,278.4,286.25,67325,697725,35800,weekly,2022-4-28T21:00:00.000,options,call
110,1651124100000,287.45,294.35,286.35,291.4,56275,707375,35800,weekly,2022-4-28T21:00:00.000,options,call
111,1651124160000,292.0,292.8,285.0,285.0,31575,707375,35800,weekly,2022-4-28T21:00:00.000,options,call
112,1651124220000,285.8,293.9,285.05,293.9,24950,707375,35800,weekly,2022-4-28T21:00:00.000,options,call
113,1651124280000,293.35,294.1,288.5,288.5,33125,709750,35800,weekly,2022-4-28T21:00:00.000,options,call
114,1651124340000,288.0,291.0,285.6,287.95,22250,709750,35800,weekly,2022-4-28T21:00:00.000,options,call
115,1651124400000,288.45,288.85,278.3,279.4,50000,709750,35800,weekly,2022-4-28T21:00:00.000,options,call
116,1651124460000,278.5,278.5,270.95,274.05,67900,726250,35800,weekly,2022-4-28T21:00:00.000,options,call
117,1651124520000,275.0,275.0,260.3,261.3,105325,726250,35800,weekly,2022-4-28T21:00:00.000,options,call
118,1651124580000,261.2,268.7,259.3,268.55,84575,726250,35800,weekly,2022-4-28T21:00:00.000,options,call
119,1651124640000,267.8,268.4,259.45,261.85,56450,767350,35800,weekly,2022-4-28T21:00:00.000,options,call
120,1651124700000,261.35,265.0,252.2,262.3,104175,767350,35800,weekly,2022-4-28T21:00:00.000,options,call
121,1651124760000,260.9,274.05,260.45,273.0,70725,767350,35800,weekly,2022-4-28T21:00:00.000,options,call
122,1651124820000,273.55,284.15,270.0,282.0,110650,765475,35800,weekly,2022-4-28T21:00:00.000,options,call
123,1651124880000,279.55,283.0,275.45,278.9,52000,765475,35800,weekly,2022-4-28T21:00:00.000,options,call
124,1651124940000,278.8,284.65,278.0,283.0,47950,765475,35800,weekly,2022-4-28T21:00:00.000,options,call
125,1651125000000,282.55,283.1,273.95,274.25,43475,752075,35800,weekly,2022-4-28T21:00:00.000,options,call
126,1651125060000,274.3,277.85,272.0,273.3,35200,752075,35800,weekly,2022-4-28T21:00:00.000,options,call
127,1651125120000,270.25,274.4,266.15,269.1,56500,752075,35800,weekly,2022-4-28T21:00:00.000,options,call
128,1651125180000,269.8,273.65,265.1,271.3,50450,781825,35800,weekly,2022-4-28T21:00:00.000,options,call
129,1651125240000,270.25,275.1,263.35,274.35,45275,781825,35800,weekly,2022-4-28T21:00:00.000,options,call
130,1651125300000,273.3,289.0,273.05,289.0,88625,781825,35800,weekly,2022-4-28T21:00:00.000,options,call
131,1651125360000,288.9,303.2,288.9,292.4,162975,763325,35800,weekly,2022-4-28T21:00:00.000,options,call
132,1651125420000,292.3,301.15,283.3,290.35,106225,763325,35800,weekly,2022-4-28T21:00:00.000,options,call
133,1651125480000,291.4,298.9,289.2,291.75,62750,763325,35800,weekly,2022-4-28T21:00:00.000,options,call
134,1651125540000,293.45,316.95,290.25,315.85,132475,753650,35800,weekly,2022-4-28T21:00:00.000,options,call
135,1651125600000,317.7,324.95,306.6,311.0,166675,753650,35800,weekly,2022-4-28T21:00:00.000,options,call
136,1651125660000,312.35,317.25,308.75,312.35,65600,753650,35800,weekly,2022-4-28T21:00:00.000,options,call
137,1651125720000,312.6,314.15,305.7,309.4,66300,719050,35800,weekly,2022-4-28T21:00:00.000,options,call
138,1651125780000,309.7,318.0,308.0,315.9,75275,719050,35800,weekly,2022-4-28T21:00:00.000,options,call
139,1651125840000,315.05,318.55,311.65,313.95,61175,719050,35800,weekly,2022-4-28T21:00:00.000,options,call
140,1651125900000,314.0,335.25,313.15,334.95,245225,647400,35800,weekly,2022-4-28T21:00:00.000,options,call
141,1651125960000,334.55,336.7,321.3,328.75,106325,647400,35800,weekly,2022-4-28T21:00:00.000,options,call
142,1651126020000,326.45,334.55,320.2,330.45,74350,647400,35800,weekly,2022-4-28T21:00:00.000,options,call
143,1651126080000,329.45,333.9,324.0,327.65,70425,621475,35800,weekly,2022-4-28T21:00:00.000,options,call
144,1651126140000,325.55,331.65,325.55,329.85,42550,621475,35800,weekly,2022-4-28T21:00:00.000,options,call
145,1651126200000,328.25,331.25,321.05,326.95,41900,621475,35800,weekly,2022-4-28T21:00:00.000,options,call
146,1651126260000,327.2,335.45,313.0,313.0,99775,608050,35800,weekly,2022-4-28T21:00:00.000,options,call
147,1651126320000,311.45,317.0,307.95,311.95,71075,608050,35800,weekly,2022-4-28T21:00:00.000,options,call
148,1651126380000,312.05,314.7,302.25,313.2,54100,608050,35800,weekly,2022-4-28T21:00:00.000,options,call
149,1651126440000,313.5,314.9,309.45,312.15,28775,620375,35800,weekly,2022-4-28T21:00:00.000,options,call
150,1651126500000,313.5,324.7,313.0,321.9,63150,620375,35800,weekly,2022-4-28T21:00:00.000,options,call
151,1651126560000,322.0,358.6,322.0,340.6,228100,620375,35800,weekly,2022-4-28T21:00:00.000,options,call
152,1651126620000,341.95,346.85,337.4,338.35,53325,584775,35800,weekly,2022-4-28T21:00:00.000,options,call
153,1651126680000,339.15,354.8,337.15,353.15,90575,584775,35800,weekly,2022-4-28T21:00:00.000,options,call
154,1651126740000,355.5,360.4,345.0,350.55,104825,584775,35800,weekly,2022-4-28T21:00:00.000,options,call
155,1651126800000,352.6,355.0,346.7,354.0,57925,559775,35800,weekly,2022-4-28T21:00:00.000,options,call
156,1651126860000,353.0,359.8,337.4,337.5,81350,559775,35800,weekly,2022-4-28T21:00:00.000,options,call
157,1651126920000,337.85,344.15,333.55,338.45,50125,559775,35800,weekly,2022-4-28T21:00:00.000,options,call
158,1651126980000,340.05,346.9,334.35,337.35,44900,558900,35800,weekly,2022-4-28T21:00:00.000,options,call
159,1651127040000,336.0,339.8,325.05,329.4,63750,558900,35800,weekly,2022-4-28T21:00:00.000,options,call
160,1651127100000,329.65,343.55,325.2,341.45,55350,558900,35800,weekly,2022-4-28T21:00:00.000,options,call
161,1651127160000,341.45,341.9,331.85,341.9,32250,558900,35800,weekly,2022-4-28T21:00:00.000,options,call
162,1651127220000,341.95,344.0,331.75,333.2,26150,563400,35800,weekly,2022-4-28T21:00:00.000,options,call
163,1651127280000,334.15,347.35,332.0,334.0,56500,563400,35800,weekly,2022-4-28T21:00:00.000,options,call
164,1651127340000,333.65,343.4,333.65,343.0,26350,563400,35800,weekly,2022-4-28T21:00:00.000,options,call
165,1651127400000,343.4,358.55,342.05,352.75,84150,567550,35800,weekly,2022-4-28T21:00:00.000,options,call
166,1651127460000,352.55,367.9,352.55,360.0,110150,567550,35800,weekly,2022-4-28T21:00:00.000,options,call
167,1651127520000,360.0,361.9,350.05,357.45,56150,567550,35800,weekly,2022-4-28T21:00:00.000,options,call
168,1651127580000,358.0,361.55,347.1,348.9,49800,520975,35800,weekly,2022-4-28T21:00:00.000,options,call
169,1651127640000,349.35,358.05,348.75,354.85,26975,520975,35800,weekly,2022-4-28T21:00:00.000,options,call
170,1651127700000,357.6,362.3,352.65,354.0,45125,520975,35800,weekly,2022-4-28T21:00:00.000,options,call
171,1651127760000,354.15,357.4,345.95,346.8,30675,512125,35800,weekly,2022-4-28T21:00:00.000,options,call
172,1651127820000,347.6,356.25,345.7,346.95,22550,512125,35800,weekly,2022-4-28T21:00:00.000,options,call
173,1651127880000,347.05,371.0,347.05,363.25,66425,512125,35800,weekly,2022-4-28T21:00:00.000,options,call
174,1651127940000,365.0,370.35,354.0,357.75,49000,485900,35800,weekly,2022-4-28T21:00:00.000,options,call
175,1651128000000,357.75,358.9,351.0,354.75,21350,485900,35800,weekly,2022-4-28T21:00:00.000,options,call
176,1651128060000,354.25,363.0,346.0,353.35,38700,485900,35800,weekly,2022-4-28T21:00:00.000,options,call
177,1651128120000,352.9,353.7,341.65,345.0,35625,487525,35800,weekly,2022-4-28T21:00:00.000,options,call
178,1651128180000,344.6,358.75,342.3,351.45,30500,487525,35800,weekly,2022-4-28T21:00:00.000,options,call
179,1651128240000,350.95,352.45,334.8,342.5,47425,487525,35800,weekly,2022-4-28T21:00:00.000,options,call
180,1651128300000,340.95,342.4,330.3,336.75,43050,475425,35800,weekly,2022-4-28T21:00:00.000,options,call
181,1651128360000,337.2,340.0,334.6,339.5,19650,475425,35800,weekly,2022-4-28T21:00:00.000,options,call
182,1651128420000,339.7,356.1,339.7,351.4,62575,475425,35800,weekly,2022-4-28T21:00:00.000,options,call
183,1651128480000,352.0,393.25,351.65,383.25,167950,477425,35800,weekly,2022-4-28T21:00:00.000,options,call
184,1651128540000,382.35,401.5,378.95,387.8,122850,477425,35800,weekly,2022-4-28T21:00:00.000,options,call
185,1651128600000,389.6,397.5,382.8,391.75,60075,477425,35800,weekly,2022-4-28T21:00:00.000,options,call
186,1651128660000,392.8,393.0,381.3,385.25,41675,430000,35800,weekly,2022-4-28T21:00:00.000,options,call
187,1651128720000,385.55,388.6,378.9,380.55,40225,430000,35800,weekly,2022-4-28T21:00:00.000,options,call
188,1651128780000,380.5,385.1,375.1,384.0,35000,430000,35800,weekly,2022-4-28T21:00:00.000,options,call
189,1651128840000,383.25,385.0,374.05,375.45,23750,423075,35800,weekly,2022-4-28T21:00:00.000,options,call
190,1651128900000,373.15,377.8,367.0,369.15,35375,423075,35800,weekly,2022-4-28T21:00:00.000,options,call
191,1651128960000,369.15,372.0,360.15,361.7,22075,423075,35800,weekly,2022-4-28T21:00:00.000,options,call
192,1651129020000,362.85,364.15,351.35,353.75,39950,418950,35800,weekly,2022-4-28T21:00:00.000,options,call
193,1651129080000,355.0,368.0,352.9,365.0,43375,418950,35800,weekly,2022-4-28T21:00:00.000,options,call
194,1651129140000,365.25,374.2,361.1,374.2,36275,418950,35800,weekly,2022-4-28T21:00:00.000,options,call
195,1651129200000,375.6,376.95,363.0,370.55,37200,430075,35800,weekly,2022-4-28T21:00:00.000,options,call
196,1651129260000,370.55,376.0,366.6,375.0,22450,430075,35800,weekly,2022-4-28T21:00:00.000,options,call
197,1651129320000,376.45,399.1,376.45,394.1,86100,430075,35800,weekly,2022-4-28T21:00:00.000,options,call
198,1651129380000,392.4,415.75,392.4,408.75,138675,425325,35800,weekly,2022-4-28T21:00:00.000,options,call
199,1651129440000,410.8,423.05,410.8,414.25,91875,425325,35800,weekly,2022-4-28T21:00:00.000,options,call
200,1651129500000,412.5,424.2,405.5,416.1,78850,425325,35800,weekly,2022-4-28T21:00:00.000,options,call
201,1651129560000,414.5,417.5,401.45,401.55,39400,381450,35800,weekly,2022-4-28T21:00:00.000,options,call
202,1651129620000,402.1,420.9,399.6,420.2,46950,381450,35800,weekly,2022-4-28T21:00:00.000,options,call
203,1651129680000,419.35,440.6,418.05,426.8,131275,381450,35800,weekly,2022-4-28T21:00:00.000,options,call
204,1651129740000,428.9,444.9,428.55,441.0,46675,382200,35800,weekly,2022-4-28T21:00:00.000,options,call
205,1651129800000,443.95,450.65,431.25,431.4,92950,382200,35800,weekly,2022-4-28T21:00:00.000,options,call
206,1651129860000,431.0,463.0,429.3,452.4,116350,382200,35800,weekly,2022-4-28T21:00:00.000,options,call
207,1651129920000,451.95,477.2,451.95,475.95,87475,323650,35800,weekly,2022-4-28T21:00:00.000,options,call
208,1651129980000,476.4,491.5,470.55,475.85,89025,323650,35800,weekly,2022-4-28T21:00:00.000,options,call
209,1651130040000,474.5,476.15,463.5,467.15,57675,323650,35800,weekly,2022-4-28T21:00:00.000,options,call
210,1651130100000,467.15,476.6,455.45,456.9,46825,307625,35800,weekly,2022-4-28T21:00:00.000,options,call
211,1651130160000,455.2,461.9,444.25,448.75,44175,307625,35800,weekly,2022-4-28T21:00:00.000,options,call
212,1651130220000,450.0,453.8,439.7,444.2,39300,307625,35800,weekly,2022-4-28T21:00:00.000,options,call
213,1651130280000,444.2,446.7,435.45,446.35,21500,297050,35800,weekly,2022-4-28T21:00:00.000,options,call
214,1651130340000,445.5,451.8,441.5,445.85,25600,297050,35800,weekly,2022-4-28T21:00:00.000,options,call
215,1651130400000,448.65,471.85,448.2,469.45,38225,297050,35800,weekly,2022-4-28T21:00:00.000,options,call
216,1651130460000,470.75,470.95,460.9,466.35,26950,293075,35800,weekly,2022-4-28T21:00:00.000,options,call
217,1651130520000,465.85,471.4,457.4,460.0,32475,293075,35800,weekly,2022-4-28T21:00:00.000,options,call
218,1651130580000,460.0,462.0,452.75,455.15,35750,293075,35800,weekly,2022-4-28T21:00:00.000,options,call
219,1651130640000,457.3,482.15,457.3,480.25,32850,286525,35800,weekly,2022-4-28T21:00:00.000,options,call
220,1651130700000,480.6,483.45,456.2,463.55,48400,286525,35800,weekly,2022-4-28T21:00:00.000,options,call
221,1651130760000,463.45,468.75,461.0,464.85,18600,286525,35800,weekly,2022-4-28T21:00:00.000,options,call
222,1651130820000,465.0,478.45,465.0,470.0,30950,279250,35800,weekly,2022-4-28T21:00:00.000,options,call
223,1651130880000,468.7,475.6,463.55,475.6,12975,279250,35800,weekly,2022-4-28T21:00:00.000,options,call
224,1651130940000,477.5,489.8,475.0,485.0,57025,279250,35800,weekly,2022-4-28T21:00:00.000,options,call
225,1651131000000,485.6,494.4,475.75,490.4,34600,275825,35800,weekly,2022-4-28T21:00:00.000,options,call
226,1651131060000,492.85,514.6,486.25,511.05,72750,275825,35800,weekly,2022-4-28T21:00:00.000,options,call
227,1651131120000,510.1,518.4,498.5,500.0,39950,275825,35800,weekly,2022-4-28T21:00:00.000,options,call
228,1651131180000,499.1,507.0,489.35,493.85,32100,265225,35800,weekly,2022-4-28T21:00:00.000,options,call
229,1651131240000,493.35,504.0,491.25,498.75,24900,265225,35800,weekly,2022-4-28T21:00:00.000,options,call
230,1651131300000,502.3,527.45,495.7,527.45,47425,265225,35800,weekly,2022-4-28T21:00:00.000,options,call
231,1651131360000,522.65,531.3,511.45,511.45,37050,251750,35800,weekly,2022-4-28T21:00:00.000,options,call
232,1651131420000,511.6,522.9,510.0,511.0,30350,251750,35800,weekly,2022-4-28T21:00:00.000,options,call
233,1651131480000,512.3,517.0,502.3,517.0,19050,251750,35800,weekly,2022-4-28T21:00:00.000,options,call
234,1651131540000,516.5,529.3,514.3,526.45,25325,245350,35800,weekly,2022-4-28T21:00:00.000,options,call
235,1651131600000,529.2,531.4,516.55,520.9,24475,245350,35800,weekly,2022-4-28T21:00:00.000,options,call
236,1651131660000,520.9,520.9,493.0,507.7,22100,245350,35800,weekly,2022-4-28T21:00:00.000,options,call
237,1651131720000,507.7,528.75,507.7,524.9,18075,235625,35800,weekly,2022-4-28T21:00:00.000,options,call
238,1651131780000,523.0,532.8,518.8,521.45,24050,235625,35800,weekly,2022-4-28T21:00:00.000,options,call
239,1651131840000,521.6,531.65,520.45,527.35,16100,235625,35800,weekly,2022-4-28T21:00:00.000,options,call
240,1651131900000,526.8,528.45,497.5,504.65,27700,233425,35800,weekly,2022-4-28T21:00:00.000,options,call
241,1651131960000,502.7,506.3,485.3,490.0,31325,233425,35800,weekly,2022-4-28T21:00:00.000,options,call
242,1651132020000,493.7,493.7,473.4,480.05,32000,233425,35800,weekly,2022-4-28T21:00:00.000,options,call
243,1651132080000,478.2,496.75,477.7,496.75,17350,222475,35800,weekly,2022-4-28T21:00:00.000,options,call
244,1651132140000,502.5,515.0,499.1,515.0,30925,222475,35800,weekly,2022-4-28T21:00:00.000,options,call
245,1651132200000,513.8,524.6,492.9,492.9,28725,222475,35800,weekly,2022-4-28T21:00:00.000,options,call
246,1651132260000,491.1,497.75,475.75,481.75,20400,221100,35800,weekly,2022-4-28T21:00:00.000,options,call
247,1651132320000,482.05,487.95,476.0,477.95,12300,221100,35800,weekly,2022-4-28T21:00:00.000,options,call
248,1651132380000,477.95,495.7,476.25,482.2,13300,221100,35800,weekly,2022-4-28T21:00:00.000,options,call
249,1651132440000,483.0,490.0,478.6,487.5,7325,213450,35800,weekly,2022-4-28T21:00:00.000,options,call
250,1651132500000,487.5,493.35,480.1,483.45,13150,213450,35800,weekly,2022-4-28T21:00:00.000,options,call
251,1651132560000,488.1,504.0,481.55,492.55,20625,213450,35800,weekly,2022-4-28T21:00:00.000,options,call
252,1651132620000,492.4,498.2,485.0,497.55,18150,213400,35800,weekly,2022-4-28T21:00:00.000,options,call
253,1651132680000,497.55,497.55,478.1,483.35,19750,213400,35800,weekly,2022-4-28T21:00:00.000,options,call
254,1651132740000,486.25,490.5,479.3,484.0,14975,213400,35800,weekly,2022-4-28T21:00:00.000,options,call
255,1651132800000,485.0,488.75,471.0,488.75,25875,208300,35800,weekly,2022-4-28T21:00:00.000,options,call
256,1651132860000,487.05,499.35,482.0,497.25,13800,208300,35800,weekly,2022-4-28T21:00:00.000,options,call
257,1651132920000,498.8,511.95,495.4,498.3,21375,208300,35800,weekly,2022-4-28T21:00:00.000,options,call
258,1651132980000,499.95,502.05,472.85,474.75,23725,206275,35800,weekly,2022-4-28T21:00:00.000,options,call
259,1651133040000,480.2,499.5,460.55,499.5,25875,206275,35800,weekly,2022-4-28T21:00:00.000,options,call
260,1651133100000,497.4,524.7,497.2,512.0,45150,206275,35800,weekly,2022-4-28T21:00:00.000,options,call
261,1651133160000,513.7,519.6,511.3,516.4,13775,207350,35800,weekly,2022-4-28T21:00:00.000,options,call
262,1651133220000,518.0,545.75,517.0,531.25,39200,207350,35800,weekly,2022-4-28T21:00:00.000,options,call
263,1651133280000,528.5,529.75,502.65,515.0,29575,207350,35800,weekly,2022-4-28T21:00:00.000,options,call
264,1651133340000,513.8,514.0,506.0,512.55,11025,201625,35800,weekly,2022-4-28T21:00:00.000,options,call
265,1651133400000,511.25,513.85,500.65,513.15,10075,201625,35800,weekly,2022-4-28T21:00:00.000,options,call
266,1651133460000,513.25,529.9,511.75,514.7,14000,201625,35800,weekly,2022-4-28T21:00:00.000,options,call
267,1651133520000,513.8,536.35,513.8,530.75,19550,198550,35800,weekly,2022-4-28T21:00:00.000,options,call
268,1651133580000,530.75,567.8,530.75,567.8,41525,198550,35800,weekly,2022-4-28T21:00:00.000,options,call
269,1651133640000,565.5,567.95,552.0,556.7,20475,198550,35800,weekly,2022-4-28T21:00:00.000,options,call
270,1651133700000,557.85,561.25,549.8,559.05,17025,192300,35800,weekly,2022-4-28T21:00:00.000,options,call
271,1651133760000,561.3,580.0,549.0,553.4,32425,192300,35800,weekly,2022-4-28T21:00:00.000,options,call
272,1651133820000,553.4,561.2,551.25,557.35,4525,192300,35800,weekly,2022-4-28T21:00:00.000,options,call
273,1651133880000,555.05,557.6,543.35,554.05,21575,192100,35800,weekly,2022-4-28T21:00:00.000,options,call
274,1651133940000,554.5,562.7,554.5,560.2,14325,192100,35800,weekly,2022-4-28T21:00:00.000,options,call
275,1651134000000,557.75,572.35,555.0,555.9,16875,192100,35800,weekly,2022-4-28T21:00:00.000,options,call
276,1651134060000,557.4,560.75,548.6,552.0,10775,188400,35800,weekly,2022-4-28T21:00:00.000,options,call
277,1651134120000,553.15,555.0,532.0,533.45,15950,188400,35800,weekly,2022-4-28T21:00:00.000,options,call
278,1651134180000,532.3,535.0,517.6,530.95,17675,188400,35800,weekly,2022-4-28T21:00:00.000,options,call
279,1651134240000,533.45,534.45,518.05,525.05,14175,182300,35800,weekly,2022-4-28T21:00:00.000,options,call
280,1651134300000,527.35,538.3,526.5,535.5,10200,182300,35800,weekly,2022-4-28T21:00:00.000,options,call
281,1651134360000,535.1,546.75,535.1,543.95,9025,182300,35800,weekly,2022-4-28T21:00:00.000,options,call
282,1651134420000,545.0,555.9,543.8,550.4,11275,183575,35800,weekly,2022-4-28T21:00:00.000,options,call
283,1651134480000,551.8,572.05,550.3,568.0,18950,183575,35800,weekly,2022-4-28T21:00:00.000,options,call
284,1651134540000,568.05,583.65,566.6,578.55,28000,183575,35800,weekly,2022-4-28T21:00:00.000,options,call
285,1651134600000,578.3,584.9,567.55,575.35,17875,183850,35800,weekly,2022-4-28T21:00:00.000,options,call
286,1651134660000,576.65,596.9,575.0,593.25,20650,183850,35800,weekly,2022-4-28T21:00:00.000,options,call
287,1651134720000,596.25,606.05,589.7,600.0,26625,183850,35800,weekly,2022-4-28T21:00:00.000,options,call
288,1651134780000,603.0,604.7,590.0,592.5,13150,178925,35800,weekly,2022-4-28T21:00:00.000,options,call
289,1651134840000,594.3,594.3,567.95,572.95,12800,178925,35800,weekly,2022-4-28T21:00:00.000,options,call
290,1651134900000,575.0,600.0,566.8,583.45,36525,178925,35800,weekly,2022-4-28T21:00:00.000,options,call
291,1651134960000,583.7,593.4,581.3,593.4,22400,175725,35800,weekly,2022-4-28T21:00:00.000,options,call
292,1651135020000,593.0,596.25,572.8,583.5,24400,175725,35800,weekly,2022-4-28T21:00:00.000,options,call
293,1651135080000,581.25,585.85,567.75,571.15,20575,175725,35800,weekly,2022-4-28T21:00:00.000,options,call
294,1651135140000,572.15,585.0,570.3,579.6,15975,172050,35800,weekly,2022-4-28T21:00:00.000,options,call
295,1651135200000,577.35,585.45,570.0,583.25,25875,172050,35800,weekly,2022-4-28T21:00:00.000,options,call
296,1651135260000,583.4,588.75,576.1,580.1,14125,172050,35800,weekly,2022-4-28T21:00:00.000,options,call
297,1651135320000,580.95,590.3,579.0,588.9,13700,165375,35800,weekly,2022-4-28T21:00:00.000,options,call
298,1651135380000,590.55,597.05,582.55,591.85,13275,165375,35800,weekly,2022-4-28T21:00:00.000,options,call
299,1651135440000,592.55,595.25,578.7,590.0,30175,165375,35800,weekly,2022-4-28T21:00:00.000,options,call
300,1651135500000,591.35,596.0,578.4,584.9,18850,160475,35800,weekly,2022-4-28T21:00:00.000,options,call
301,1651135560000,584.0,588.15,580.0,585.35,21825,160475,35800,weekly,2022-4-28T21:00:00.000,options,call
302,1651135620000,582.6,588.0,577.65,582.2,22750,160475,35800,weekly,2022-4-28T21:00:00.000,options,call
303,1651135680000,584.05,609.75,580.45,602.55,33225,162200,35800,weekly,2022-4-28T21:00:00.000,options,call
304,1651135740000,602.15,602.15,558.9,558.9,35275,162200,35800,weekly,2022-4-28T21:00:00.000,options,call
305,1651135800000,557.55,570.65,551.0,560.5,21250,162200,35800,weekly,2022-4-28T21:00:00.000,options,call
306,1651135860000,556.65,581.65,556.65,574.3,12525,154475,35800,weekly,2022-4-28T21:00:00.000,options,call
307,1651135920000,572.7,581.65,566.85,572.55,7850,154475,35800,weekly,2022-4-28T21:00:00.000,options,call
308,1651135980000,574.65,578.35,567.3,573.95,5925,154475,35800,weekly,2022-4-28T21:00:00.000,options,call
309,1651136040000,573.8,632.75,573.8,613.9,44475,152625,35800,weekly,2022-4-28T21:00:00.000,options,call
310,1651136100000,614.9,624.8,601.25,606.7,21100,152625,35800,weekly,2022-4-28T21:00:00.000,options,call
311,1651136160000,605.65,616.85,604.35,612.1,13500,152625,35800,weekly,2022-4-28T21:00:00.000,options,call
312,1651136220000,612.0,616.4,605.85,614.1,13550,146725,35800,weekly,2022-4-28T21:00:00.000,options,call
313,1651136280000,614.1,626.75,608.0,626.75,14775,146725,35800,weekly,2022-4-28T21:00:00.000,options,call
314,1651136340000,625.05,648.25,624.75,642.5,22700,146725,35800,weekly,2022-4-28T21:00:00.000,options,call
315,1651136400000,642.8,647.25,629.35,630.0,21625,142875,35800,weekly,2022-4-28T21:00:00.000,options,call
316,1651136460000,628.8,636.45,606.75,616.5,17450,142875,35800,weekly,2022-4-28T21:00:00.000,options,call
317,1651136520000,614.6,620.0,603.8,603.8,14350,142875,35800,weekly,2022-4-28T21:00:00.000,options,call
318,1651136580000,605.1,622.3,605.1,611.3,10500,139425,35800,weekly,2022-4-28T21:00:00.000,options,call
319,1651136640000,610.5,626.55,608.95,621.2,10325,139425,35800,weekly,2022-4-28T21:00:00.000,options,call
320,1651136700000,619.5,633.7,619.5,630.0,5750,139425,35800,weekly,2022-4-28T21:00:00.000,options,call
321,1651136760000,633.6,635.5,620.15,626.6,6650,140575,35800,weekly,2022-4-28T21:00:00.000,options,call
322,1651136820000,627.85,631.6,624.75,631.6,5850,140575,35800,weekly,2022-4-28T21:00:00.000,options,call
323,1651136880000,633.0,643.75,631.35,634.9,9150,140575,35800,weekly,2022-4-28T21:00:00.000,options,call
324,1651136940000,633.05,634.1,626.15,630.0,6475,139175,35800,weekly,2022-4-28T21:00:00.000,options,call
325,1651137000000,629.85,631.8,615.0,617.0,10150,139175,35800,weekly,2022-4-28T21:00:00.000,options,call
326,1651137060000,618.55,625.25,605.4,605.4,8275,139175,35800,weekly,2022-4-28T21:00:00.000,options,call
327,1651137120000,604.2,621.1,603.0,621.1,10325,141750,35800,weekly,2022-4-28T21:00:00.000,options,call
328,1651137180000,624.0,631.4,618.65,623.15,14125,141750,35800,weekly,2022-4-28T21:00:00.000,options,call
329,1651137240000,623.15,625.1,612.9,620.75,4075,141750,35800,weekly,2022-4-28T21:00:00.000,options,call
330,1651137300000,618.3,622.0,613.9,615.9,6600,143575,35800,weekly,2022-4-28T21:00:00.000,options,call
331,1651137360000,615.9,627.9,596.0,602.75,12700,143575,35800,weekly,2022-4-28T21:00:00.000,options,call
332,1651137420000,600.05,626.25,599.65,621.85,6575,143575,35800,weekly,2022-4-28T21:00:00.000,options,call
333,1651137480000,622.8,631.8,616.0,631.4,6025,140350,35800,weekly,2022-4-28T21:00:00.000,options,call
334,1651137540000,633.05,635.0,620.0,620.7,6325,140350,35800,weekly,2022-4-28T21:00:00.000,options,call
335,1651137600000,620.0,648.35,617.25,647.0,13900,140350,35800,weekly,2022-4-28T21:00:00.000,options,call
336,1651137660000,647.1,671.6,640.35,671.6,13000,136450,35800,weekly,2022-4-28T21:00:00.000,options,call
337,1651137720000,670.9,677.0,661.55,671.75,8250,136450,35800,weekly,2022-4-28T21:00:00.000,options,call
338,1651137780000,670.15,687.2,670.05,681.35,13750,136450,35800,weekly,2022-4-28T21:00:00.000,options,call
339,1651137840000,681.35,683.95,674.05,679.0,4850,133400,35800,weekly,2022-4-28T21:00:00.000,options,call
340,1651137900000,681.8,689.85,670.0,670.0,12100,133400,35800,weekly,2022-4-28T21:00:00.000,options,call
341,1651137960000,670.35,677.6,663.0,675.0,13975,133400,35800,weekly,2022-4-28T21:00:00.000,options,call
342,1651138020000,673.95,697.0,671.9,686.25,19500,131250,35800,weekly,2022-4-28T21:00:00.000,options,call
343,1651138080000,686.4,686.4,660.45,661.6,12600,131250,35800,weekly,2022-4-28T21:00:00.000,options,call
344,1651138140000,660.0,660.5,638.95,644.75,20375,131250,35800,weekly,2022-4-28T21:00:00.000,options,call
345,1651138200000,653.3,657.65,631.95,648.8,33300,123225,35800,weekly,2022-4-28T21:00:00.000,options,call
346,1651138260000,649.45,669.8,636.65,669.8,20750,123225,35800,weekly,2022-4-28T21:00:00.000,options,call
347,1651138320000,667.75,668.4,626.4,633.05,18025,123225,35800,weekly,2022-4-28T21:00:00.000,options,call
348,1651138380000,627.35,635.0,618.8,619.95,12525,119775,35800,weekly,2022-4-28T21:00:00.000,options,call
349,1651138440000,617.05,626.4,595.25,608.05,23150,119775,35800,weekly,2022-4-28T21:00:00.000,options,call
350,1651138500000,608.4,608.4,590.2,601.0,14275,119775,35800,weekly,2022-4-28T21:00:00.000,options,call
351,1651138560000,599.2,603.6,578.1,578.1,8650,115850,35800,weekly,2022-4-28T21:00:00.000,options,call
352,1651138620000,576.95,580.0,558.05,565.8,20450,115850,35800,weekly,2022-4-28T21:00:00.000,options,call
353,1651138680000,565.8,588.3,561.4,563.0,26650,115850,35800,weekly,2022-4-28T21:00:00.000,options,call
354,1651138740000,560.0,565.2,549.0,554.9,16550,108775,35800,weekly,2022-4-28T21:00:00.000,options,call
355,1651138800000,559.15,571.25,556.35,559.65,16850,108775,35800,weekly,2022-4-28T21:00:00.000,options,call
356,1651138860000,560.35,564.65,549.5,560.55,8025,108775,35800,weekly,2022-4-28T21:00:00.000,options,call
357,1651138920000,560.65,560.65,535.05,543.1,19175,105100,35800,weekly,2022-4-28T21:00:00.000,options,call
358,1651138980000,542.9,557.3,537.8,551.0,16425,105100,35800,weekly,2022-4-28T21:00:00.000,options,call
359,1651139040000,549.65,566.05,549.65,560.1,28925,105100,35800,weekly,2022-4-28T21:00:00.000,options,call
360,1651139100000,560.55,588.8,555.05,588.8,26875,96100,35800,weekly,2022-4-28T21:00:00.000,options,call
361,1651139160000,588.8,608.15,588.8,608.15,16700,96100,35800,weekly,2022-4-28T21:00:00.000,options,call
362,1651139220000,604.85,617.6,597.65,617.25,12550,96100,35800,weekly,2022-4-28T21:00:00.000,options,call
363,1651139280000,617.25,633.3,612.0,628.65,22000,90950,35800,weekly,2022-4-28T21:00:00.000,options,call
364,1651139340000,631.2,642.05,623.35,626.55,17400,90950,35800,weekly,2022-4-28T21:00:00.000,options,call
365,1651139400000,628.5,629.0,618.85,629.0,10325,90950,35800,weekly,2022-4-28T21:00:00.000,options,call
366,1651139460000,631.75,631.75,619.5,624.95,3650,79200,35800,weekly,2022-4-28T21:00:00.000,options,call
367,1651139520000,623.35,623.95,617.2,623.5,3800,79200,35800,weekly,2022-4-28T21:00:00.000,options,call
368,1651139580000,623.5,623.5,618.65,619.95,3425,79200,35800,weekly,2022-4-28T21:00:00.000,options,call
369,1651139640000,620.0,621.0,618.05,619.65,3425,74475,35800,weekly,2022-4-28T21:00:00.000,options,call
370,1651139700000,619.65,625.7,618.15,624.9,4100,74475,35800,weekly,2022-4-28T21:00:00.000,options,call
371,1651139760000,624.9,624.9,620.05,622.5,4250,74475,35800,weekly,2022-4-28T21:00:00.000,options,call
372,1651139820000,622.5,623.3,620.75,623.3,4025,69450,35800,weekly,2022-4-28T21:00:00.000,options,call
373,1651139880000,621.0,623.4,620.05,620.45,4275,69450,35800,weekly,2022-4-28T21:00:00.000,options,call
374,1651139940000,620.35,622.4,619.7,620.15,1375,69450,35800,weekly,2022-4-28T21:00:00.000,options,call
