,timestamp,open,high,low,close,volume,open_interest,strike,expiry_type,expiry,instrument,contract_type
0,1641181500000,917.65,1002.15,900.3,989.45,3275,28325,34800,weekly,2022-1-6T21:00:00.000,options,call
1,1641181560000,983.65,991.45,965.45,966.15,950,28325,34800,weekly,2022-1-6T21:00:00.000,options,call
2,1641181620000,957.2,964.15,935.35,947.6,1150,28625,34800,weekly,2022-1-6T21:00:00.000,options,call
3,1641181680000,951.1,1000.0,951.1,993.0,1700,28625,34800,weekly,2022-1-6T21:00:00.000,options,call
4,1641181740000,990.0,1001.75,990.0,999.3,650,28625,34800,weekly,2022-1-6T21:00:00.000,options,call
5,1641181800000,994.95,1000.4,970.0,970.0,1050,28250,34800,weekly,2022-1-6T21:00:00.000,options,call
6,1641181860000,964.7,964.7,934.95,952.2,1500,28250,34800,weekly,2022-1-6T21:00:00.000,options,call
7,1641181920000,956.7,956.7,941.0,956.7,1275,28250,34800,weekly,2022-1-6T21:00:00.000,options,call
8,1641181980000,942.0,942.0,918.05,922.05,1025,27950,34800,weekly,2022-1-6T21:00:00.000,options,call
9,1641182040000,909.35,909.35,845.75,871.1,2325,27950,34800,weekly,2022-1-6T21:00:00.000,options,call
10,1641182100000,876.05,911.6,872.75,878.6,1050,27950,34800,weekly,2022-1-6T21:00:00.000,options,call
11,1641182160000,893.75,894.65,893.75,894.65,125,28025,34800,weekly,2022-1-6T21:00:00.000,options,call
12,1641182220000,882.95,900.0,882.95,900.0,625,28025,34800,weekly,2022-1-6T21:00:00.000,options,call
13,1641182280000,905.8,926.75,905.8,915.0,900,28025,34800,weekly,2022-1-6T21:00:00.000,options,call
14,1641182340000,924.0,924.0,904.25,904.25,300,27750,34800,weekly,2022-1-6T21:00:00.000,options,call
15,1641182400000,908.55,922.5,901.0,901.0,450,27750,34800,weekly,2022-1-6T21:00:00.000,options,call
16,1641182460000,884.05,884.05,839.35,861.6,1800,27750,34800,weekly,2022-1-6T21:00:00.000,options,call
17,1641182520000,861.6,867.75,858.35,862.6,975,29050,34800,weekly,2022-1-6T21:00:00.000,options,call
18,1641182580000,850.05,877.85,850.05,877.85,375,29050,34800,weekly,2022-1-6T21:00:00.000,options,call
19,1641182640000,875.65,892.8,875.65,892.8,650,29050,34800,weekly,2022-1-6T21:00:00.000,options,call
20,1641182700000,913.75,927.95,906.55,909.5,650,28850,34800,weekly,2022-1-6T21:00:00.000,options,call
21,1641182760000,909.5,930.0,909.5,930.0,325,28850,34800,weekly,2022-1-6T21:00:00.000,options,call
22,1641182820000,919.75,928.9,919.75,920.35,225,28850,34800,weekly,2022-1-6T21:00:00.000,options,call
23,1641182880000,925.65,941.35,925.65,940.0,675,28575,34800,weekly,2022-1-6T21:00:00.000,options,call
24,1641182940000,939.9,952.95,939.9,944.0,525,28575,34800,weekly,2022-1-6T21:00:00.000,options,call
25,1641183000000,949.75,950.0,933.0,944.7,475,28575,34800,weekly,2022-1-6T21:00:00.000,options,call
26,1641183060000,936.1,940.15,936.1,940.15,575,27975,34800,weekly,2022-1-6T21:00:00.000,options,call
27,1641183120000,940.0,940.15,940.0,940.15,50,27975,34800,weekly,2022-1-6T21:00:00.000,options,call
28,1641183180000,933.6,940.0,923.9,940.0,475,27975,34800,weekly,2022-1-6T21:00:00.000,options,call
29,1641183240000,932.9,932.9,927.5,927.5,400,27200,34800,weekly,2022-1-6T21:00:00.000,options,call
30,1641183300000,921.1,945.0,918.0,944.3,350,27200,34800,weekly,2022-1-6T21:00:00.000,options,call
31,1641183360000,948.75,994.1,948.75,994.1,450,27200,34800,weekly,2022-1-6T21:00:00.000,options,call
32,1641183420000,997.9,1025.0,994.8,1009.0,8675,31375,34800,weekly,2022-1-6T21:00:00.000,options,call
33,1641183480000,1012.2,1027.85,1000.0,1020.0,1575,31375,34800,weekly,2022-1-6T21:00:00.000,options,call
34,1641183540000,1026.2,1035.0,1025.55,1033.7,950,31375,34800,weekly,2022-1-6T21:00:00.000,options,call
35,1641183600000,1035.6,1049.95,1025.0,1049.95,750,30325,34800,weekly,2022-1-6T21:00:00.000,options,call
36,1641183660000,1050.0,1057.0,1047.45,1050.0,600,30325,34800,weekly,2022-1-6T21:00:00.000,options,call
37,1641183720000,1045.65,1052.55,1042.55,1048.75,300,30325,34800,weekly,2022-1-6T21:00:00.000,options,call
38,1641183780000,1038.8,1074.1,1038.8,1069.2,775,29475,34800,weekly,2022-1-6T21:00:00.000,options,call
39,1641183840000,1061.95,1069.0,1058.8,1058.8,425,29475,34800,weekly,2022-1-6T21:00:00.000,options,call
40,1641183900000,1062.8,1062.8,1046.45,1046.45,375,29475,34800,weekly,2022-1-6T21:00:00.000,options,call
41,1641183960000,1047.55,1049.45,1046.8,1049.45,100,29150,34800,weekly,2022-1-6T21:00:00.000,options,call
42,1641184020000,1050.0,1080.6,1050.0,1080.6,250,29150,34800,weekly,2022-1-6T21:00:00.000,options,call
43,1641184080000,1070.45,1070.45,1056.45,1059.85,225,29150,34800,weekly,2022-1-6T21:00:00.000,options,call
44,1641184140000,1059.1,1062.35,1056.85,1062.35,75,29300,34800,weekly,2022-1-6T21:00:00.000,options,call
45,1641184200000,1057.9,1057.9,1057.9,1057.9,25,29300,34800,weekly,2022-1-6T21:00:00.000,options,call
46,1641184260000,1065.7,1065.7,1055.6,1061.25,200,29300,34800,weekly,2022-1-6T21:00:00.000,options,call
47,1641184320000,1061.25,1061.55,1061.15,1061.3,125,29225,34800,weekly,2022-1-6T21:00:00.000,options,call
48,1641184380000,1090.5,1090.5,1090.5,1090.5,400,29225,34800,weekly,2022-1-6T21:00:00.000,options,call
49,1641184440000,1099.75,1116.85,1099.75,1108.0,1450,29225,34800,weekly,2022-1-6T21:00:00.000,options,call
50,1641184500000,1108.0,1108.0,1097.3,1097.35,175,28850,34800,weekly,2022-1-6T21:00:00.000,options,call
51,1641184560000,1097.45,1097.45,1097.45,1097.45,50,28850,34800,weekly,2022-1-6T21:00:00.000,options,call
52,1641184620000,1083.9,1091.5,1083.9,1084.1,600,28850,34800,weekly,2022-1-6T21:00:00.000,options,call
53,1641184680000,1084.1,1084.1,1084.1,1084.1,25,28850,34800,weekly,2022-1-6T21:00:00.000,options,call
54,1641184740000,1087.15,1087.15,1082.55,1087.05,350,28675,34800,weekly,2022-1-6T21:00:00.000,options,call
55,1641184920000,1090.0,1090.0,1080.0,1080.0,1650,28350,34800,weekly,2022-1-6T21:00:00.000,options,call
56,1641184980000,1080.0,1090.0,1080.0,1090.0,4900,28350,34800,weekly,2022-1-6T21:00:00.000,options,call
57,1641185040000,1085.0,1085.0,1085.0,1085.0,25,25900,34800,weekly,2022-1-6T21:00:00.000,options,call
58,1641185100000,1080.0,1080.0,1075.15,1075.15,500,25900,34800,weekly,2022-1-6T21:00:00.000,options,call
59,1641185160000,1071.2,1071.2,1054.5,1054.5,100,25900,34800,weekly,2022-1-6T21:00:00.000,options,call
60,1641185220000,1060.6,1062.55,1060.6,1062.55,175,25775,34800,weekly,2022-1-6T21:00:00.000,options,call
61,1641185280000,1062.55,1066.8,1062.55,1066.8,150,25775,34800,weekly,2022-1-6T21:00:00.000,options,call
62,1641185340000,1080.0,1080.0,1080.0,1080.0,25,25775,34800,weekly,2022-1-6T21:00:00.000,options,call
63,1641185400000,1084.1,1084.1,1084.1,1084.1,100,25700,34800,weekly,2022-1-6T21:00:00.000,options,call
64,1641185460000,1094.45,1095.45,1094.45,1095.45,75,25700,34800,weekly,2022-1-6T21:00:00.000,options,call
65,1641185520000,1088.65,1088.65,1088.65,1088.65,400,25700,34800,weekly,2022-1-6T21:00:00.000,options,call
66,1641185580000,1119.6,1121.5,1114.8,1114.8,100,25000,34800,weekly,2022-1-6T21:00:00.000,options,call
67,1641185640000,1124.95,1125.0,1120.0,1125.0,800,25000,34800,weekly,2022-1-6T21:00:00.000,options,call
68,1641185700000,1132.15,1133.0,1123.0,1123.0,325,25000,34800,weekly,2022-1-6T21:00:00.000,options,call
69,1641185760000,1123.85,1143.25,1123.85,1143.0,1100,25200,34800,weekly,2022-1-6T21:00:00.000,options,call
70,1641185820000,1143.0,1143.0,1143.0,1143.0,25,25200,34800,weekly,2022-1-6T21:00:00.000,options,call
71,1641185880000,1132.5,1140.0,1132.5,1140.0,200,25200,34800,weekly,2022-1-6T21:00:00.000,options,call
72,1641185940000,1135.4,1150.0,1135.4,1145.0,1100,25525,34800,weekly,2022-1-6T21:00:00.000,options,call
73,1641186000000,1152.05,1154.85,1152.05,1154.05,775,25525,34800,weekly,2022-1-6T21:00:00.000,options,call
74,1641186060000,1154.05,1162.45,1152.2,1153.65,175,25525,34800,weekly,2022-1-6T21:00:00.000,options,call
75,1641186120000,1168.0,1195.45,1168.0,1195.45,1100,25825,34800,weekly,2022-1-6T21:00:00.000,options,call
76,1641186180000,1183.25,1183.25,1175.35,1175.35,150,25825,34800,weekly,2022-1-6T21:00:00.000,options,call
77,1641186240000,1175.35,1180.35,1175.35,1180.35,550,25825,34800,weekly,2022-1-6T21:00:00.000,options,call
78,1641186300000,1162.4,1172.0,1162.4,1172.0,475,25975,34800,weekly,2022-1-6T21:00:00.000,options,call
79,1641186360000,1172.15,1172.15,1172.15,1172.15,25,25975,34800,weekly,2022-1-6T21:00:00.000,options,call
80,1641186420000,1154.55,1154.55,1154.55,1154.55,25,25975,34800,weekly,2022-1-6T21:00:00.000,options,call
81,1641186540000,1150.0,1150.0,1140.15,1140.15,125,23550,34800,weekly,2022-1-6T21:00:00.000,options,call
82,1641186600000,1140.15,1140.15,1140.15,1140.15,725,23550,34800,weekly,2022-1-6T21:00:00.000,options,call
83,1641186720000,1155.65,1155.65,1155.65,1155.65,50,24200,34800,weekly,2022-1-6T21:00:00.000,options,call
84,1641186840000,1137.0,1140.0,1137.0,1140.0,75,24200,34800,weekly,2022-1-6T21:00:00.000,options,call
85,1641187020000,1132.25,1138.4,1132.25,1138.4,625,24075,34800,weekly,2022-1-6T21:00:00.000,options,call
86,1641187080000,1140.75,1140.75,1140.75,1140.75,200,24075,34800,weekly,2022-1-6T21:00:00.000,options,call
87,1641187140000,1140.75,1140.75,1140.75,1140.75,25,24075,34800,weekly,2022-1-6T21:00:00.000,options,call
88,1641187200000,1140.6,1140.6,1140.6,1140.6,250,24075,34800,weekly,2022-1-6T21:00:00.000,options,call
89,1641187260000,1144.8,1144.8,1144.8,1144.8,100,24175,34800,weekly,2022-1-6T21:00:00.000,options,call
90,1641187440000,1139.0,1139.0,1138.9,1138.9,50,24000,34800,weekly,2022-1-6T21:00:00.000,options,call
91,1641187560000,1150.0,1150.0,1148.8,1148.8,125,24050,34800,weekly,2022-1-6T21:00:00.000,options,call
92,1641187680000,1169.0,1173.4,1167.0,1173.4,450,24050,34800,weekly,2022-1-6T21:00:00.000,options,call
93,1641187740000,1165.0,1165.0,1165.0,1165.0,250,24050,34800,weekly,2022-1-6T21:00:00.000,options,call
94,1641187800000,1169.85,1172.7,1163.0,1163.0,200,24575,34800,weekly,2022-1-6T21:00:00.000,options,call
95,1641187860000,1165.0,1165.0,1165.0,1165.0,25,24575,34800,weekly,2022-1-6T21:00:00.000,options,call
96,1641187920000,1155.0,1155.0,1149.55,1149.55,100,24600,34800,weekly,2022-1-6T21:00:00.000,options,call
97,1641187980000,1146.0,1146.0,1146.0,1146.0,100,24600,34800,weekly,2022-1-6T21:00:00.000,options,call
98,1641188040000,1151.05,1151.05,1151.05,1151.05,100,24600,34800,weekly,2022-1-6T21:00:00.000,options,call
99,1641188160000,1161.0,1161.0,1161.0,1161.0,50,24700,34800,weekly,2022-1-6T21:00:00.000,options,call
100,1641188220000,1158.0,1158.0,1155.0,1155.0,225,24700,34800,weekly,2022-1-6T21:00:00.000,options,call
101,1641188340000,1148.0,1148.0,1148.0,1148.0,500,24950,34800,weekly,2022-1-6T21:00:00.000,options,call
102,1641188400000,1148.0,1148.0,1148.0,1148.0,25,24950,34800,weekly,2022-1-6T21:00:00.000,options,call
103,1641188520000,1155.0,1155.0,1155.0,1155.0,750,25425,34800,weekly,2022-1-6T21:00:00.000,options,call
104,1641188580000,1199.0,1200.0,1198.05,1198.05,475,25425,34800,weekly,2022-1-6T21:00:00.000,options,call
105,1641188640000,1202.65,1209.5,1202.45,1208.8,600,24850,34800,weekly,2022-1-6T21:00:00.000,options,call
106,1641188760000,1209.7,1209.7,1209.7,1209.7,25,24850,34800,weekly,2022-1-6T21:00:00.000,options,call
107,1641188820000,1204.45,1214.5,1203.8,1205.1,825,24750,34800,weekly,2022-1-6T21:00:00.000,options,call
108,1641188880000,1209.25,1210.85,1209.25,1210.85,50,24750,34800,weekly,2022-1-6T21:00:00.000,options,call
109,1641189000000,1256.65,1256.65,1256.4,1256.4,175,24750,34800,weekly,2022-1-6T21:00:00.000,options,call
110,1641189120000,1240.0,1240.0,1238.45,1238.45,50,24150,34800,weekly,2022-1-6T21:00:00.000,options,call
111,1641189180000,1239.7,1241.2,1238.0,1241.2,725,23950,34800,weekly,2022-1-6T21:00:00.000,options,call
112,1641189300000,1256.0,1256.0,1248.45,1253.4,75,23950,34800,weekly,2022-1-6T21:00:00.000,options,call
113,1641189360000,1253.4,1253.4,1253.4,1253.4,375,23950,34800,weekly,2022-1-6T21:00:00.000,options,call
114,1641189420000,1246.15,1248.6,1241.25,1241.25,1400,23350,34800,weekly,2022-1-6T21:00:00.000,options,call
115,1641189480000,1245.0,1245.0,1238.0,1238.0,125,23350,34800,weekly,2022-1-6T21:00:00.000,options,call
116,1641189540000,1228.5,1235.0,1228.5,1235.0,250,23350,34800,weekly,2022-1-6T21:00:00.000,options,call
117,1641189600000,1224.95,1224.95,1224.95,1224.95,25,22250,34800,weekly,2022-1-6T21:00:00.000,options,call
118,1641189660000,1209.95,1210.05,1205.35,1205.35,150,22250,34800,weekly,2022-1-6T21:00:00.000,options,call
119,1641189780000,1209.0,1209.0,1208.4,1208.4,125,22250,34800,weekly,2022-1-6T21:00:00.000,options,call
120,1641189900000,1209.45,1209.45,1206.0,1206.0,450,22250,34800,weekly,2022-1-6T21:00:00.000,options,call
121,1641189960000,1206.0,1206.0,1205.1,1205.1,50,22175,34800,weekly,2022-1-6T21:00:00.000,options,call
122,1641190140000,1186.3,1192.1,1186.3,1192.1,50,22200,34800,weekly,2022-1-6T21:00:00.000,options,call
123,1641190200000,1196.5,1210.0,1196.5,1210.0,850,22200,34800,weekly,2022-1-6T21:00:00.000,options,call
124,1641190260000,1214.9,1216.4,1214.9,1216.4,75,21925,34800,weekly,2022-1-6T21:00:00.000,options,call
125,1641190320000,1219.0,1219.0,1219.0,1219.0,25,21925,34800,weekly,2022-1-6T21:00:00.000,options,call
126,1641190380000,1213.1,1215.0,1213.1,1215.0,200,21925,34800,weekly,2022-1-6T21:00:00.000,options,call
127,1641190560000,1200.0,1200.0,1200.0,1200.0,50,22000,34800,weekly,2022-1-6T21:00:00.000,options,call
128,1641190620000,1200.0,1203.9,1200.0,1200.0,175,22000,34800,weekly,2022-1-6T21:00:00.000,options,call
129,1641190920000,1199.0,1199.0,1199.0,1199.0,300,21975,34800,weekly,2022-1-6T21:00:00.000,options,call
130,1641191040000,1210.0,1210.0,1210.0,1210.0,25,21975,34800,weekly,2022-1-6T21:00:00.000,options,call
131,1641191100000,1214.65,1214.65,1214.65,1214.65,25,21975,34800,weekly,2022-1-6T21:00:00.000,options,call
132,1641191280000,1196.75,1196.75,1196.75,1196.75,100,21975,34800,weekly,2022-1-6T21:00:00.000,options,call
133,1641191340000,1220.0,1220.0,1220.0,1220.0,25,21975,34800,weekly,2022-1-6T21:00:00.000,options,call
134,1641191400000,1219.05,1221.2,1219.05,1221.2,400,21725,34800,weekly,2022-1-6T21:00:00.000,options,call
135,1641191460000,1216.6,1216.6,1216.6,1216.6,25,21725,34800,weekly,2022-1-6T21:00:00.000,options,call
136,1641191880000,1235.0,1235.0,1235.0,1235.0,25,21675,34800,weekly,2022-1-6T21:00:00.000,options,call
137,1641191940000,1220.0,1220.0,1218.0,1218.0,75,21600,34800,weekly,2022-1-6T21:00:00.000,options,call
138,1641192360000,1268.0,1268.0,1255.0,1255.0,350,21575,34800,weekly,2022-1-6T21:00:00.000,options,call
139,1641192420000,1255.0,1255.0,1255.0,1255.0,725,21575,34800,weekly,2022-1-6T21:00:00.000,options,call
140,1641192480000,1264.3,1264.3,1264.3,1264.3,75,21550,34800,weekly,2022-1-6T21:00:00.000,options,call
141,1641192540000,1280.0,1287.55,1280.0,1286.5,100,21550,34800,weekly,2022-1-6T21:00:00.000,options,call
142,1641192600000,1288.45,1288.45,1286.35,1286.35,50,21550,34800,weekly,2022-1-6T21:00:00.000,options,call
143,1641192660000,1280.0,1280.0,1273.3,1273.3,1075,21625,34800,weekly,2022-1-6T21:00:00.000,options,call
144,1641192720000,1280.0,1295.85,1280.0,1295.85,525,21625,34800,weekly,2022-1-6T21:00:00.000,options,call
145,1641192780000,1295.0,1295.0,1295.0,1295.0,25,21625,34800,weekly,2022-1-6T21:00:00.000,options,call
146,1641192840000,1300.0,1300.0,1300.0,1300.0,50,21375,34800,weekly,2022-1-6T21:00:00.000,options,call
147,1641192900000,1290.0,1290.0,1290.0,1290.0,100,21375,34800,weekly,2022-1-6T21:00:00.000,options,call
148,1641192960000,1290.45,1290.45,1290.45,1290.45,100,21375,34800,weekly,2022-1-6T21:00:00.000,options,call
149,1641193080000,1293.0,1295.8,1293.0,1295.8,300,21425,34800,weekly,2022-1-6T21:00:00.000,options,call
150,1641193200000,1314.25,1320.0,1314.15,1320.0,125,21325,34800,weekly,2022-1-6T21:00:00.000,options,call
151,1641193260000,1317.75,1317.75,1317.75,1317.75,100,21325,34800,weekly,2022-1-6T21:00:00.000,options,call
152,1641193380000,1305.0,1305.0,1305.0,1305.0,50,21325,34800,weekly,2022-1-6T21:00:00.000,options,call
153,1641193440000,1300.0,1300.0,1300.0,1300.0,25,21325,34800,weekly,2022-1-6T21:00:00.000,options,call
154,1641193560000,1307.15,1307.15,1307.15,1307.15,25,21300,34800,weekly,2022-1-6T21:00:00.000,options,call
155,1641193620000,1330.65,1340.0,1330.65,1340.0,175,21300,34800,weekly,2022-1-6T21:00:00.000,options,call
156,1641193800000,1340.0,1340.0,1340.0,1340.0,25,21250,34800,weekly,2022-1-6T21:00:00.000,options,call
157,1641193860000,1345.0,1345.0,1345.0,1345.0,25,21250,34800,weekly,2022-1-6T21:00:00.000,options,call
158,1641193920000,1355.3,1385.0,1355.3,1385.0,100,21225,34800,weekly,2022-1-6T21:00:00.000,options,call
159,1641193980000,1380.0,1380.0,1380.0,1380.0,25,21225,34800,weekly,2022-1-6T21:00:00.000,options,call
160,1641194100000,1365.7,1380.0,1365.7,1380.0,75,21200,34800,weekly,2022-1-6T21:00:00.000,options,call
161,1641194160000,1399.6,1399.6,1399.6,1399.6,25,21200,34800,weekly,2022-1-6T21:00:00.000,options,call
162,1641194280000,1380.0,1380.0,1380.0,1380.0,25,21200,34800,weekly,2022-1-6T21:00:00.000,options,call
163,1641194400000,1407.8,1407.8,1407.8,1407.8,100,21200,34800,weekly,2022-1-6T21:00:00.000,options,call
164,1641194520000,1391.3,1391.3,1385.0,1385.0,125,21225,34800,weekly,2022-1-6T21:00:00.000,options,call
165,1641194760000,1365.05,1365.05,1365.05,1365.05,100,21225,34800,weekly,2022-1-6T21:00:00.000,options,call
166,1641194940000,1354.4,1354.4,1354.4,1354.4,25,21175,34800,weekly,2022-1-6T21:00:00.000,options,call
167,1641195060000,1386.55,1386.55,1386.55,1386.55,25,21175,34800,weekly,2022-1-6T21:00:00.000,options,call
168,1641195120000,1382.0,1382.0,1372.0,1372.0,50,21175,34800,weekly,2022-1-6T21:00:00.000,options,call
169,1641195420000,1373.0,1373.0,1367.55,1367.55,75,21175,34800,weekly,2022-1-6T21:00:00.000,options,call
170,1641195480000,1363.6,1363.6,1363.6,1363.6,25,21175,34800,weekly,2022-1-6T21:00:00.000,options,call
171,1641195600000,1385.0,1385.0,1385.0,1385.0,50,21150,34800,weekly,2022-1-6T21:00:00.000,options,call
172,1641195720000,1416.15,1416.15,1410.0,1410.0,50,21125,34800,weekly,2022-1-6T21:00:00.000,options,call
173,1641195780000,1402.85,1402.85,1402.85,1402.85,25,21125,34800,weekly,2022-1-6T21:00:00.000,options,call
174,1641195840000,1402.8,1402.8,1402.8,1402.8,25,21125,34800,weekly,2022-1-6T21:00:00.000,options,call
175,1641195960000,1415.0,1415.0,1415.0,1415.0,25,21075,34800,weekly,2022-1-6T21:00:00.000,options,call
176,1641196020000,1423.2,1423.2,1422.0,1422.0,100,21075,34800,weekly,2022-1-6T21:00:00.000,options,call
177,1641196080000,1411.0,1411.0,1411.0,1411.0,75,21075,34800,weekly,2022-1-6T21:00:00.000,options,call
178,1641196140000,1405.0,1405.0,1405.0,1405.0,25,21075,34800,weekly,2022-1-6T21:00:00.000,options,call
179,1641196200000,1380.0,1380.45,1380.0,1380.45,150,21075,34800,weekly,2022-1-6T21:00:00.000,options,call
180,1641196260000,1410.0,1414.0,1410.0,1414.0,325,21075,34800,weekly,2022-1-6T21:00:00.000,options,call
181,1641196320000,1421.2,1421.2,1421.2,1421.2,25,21000,34800,weekly,2022-1-6T21:00:00.000,options,call
182,1641196380000,1409.65,1409.65,1409.65,1409.65,125,21000,34800,weekly,2022-1-6T21:00:00.000,options,call
183,1641196560000,1409.65,1409.65,1409.65,1409.65,50,20975,34800,weekly,2022-1-6T21:00:00.000,options,call
184,1641196860000,1403.0,1403.0,1403.0,1403.0,50,20975,34800,weekly,2022-1-6T21:00:00.000,options,call
185,1641196920000,1404.4,1406.0,1404.4,1406.0,50,20975,34800,weekly,2022-1-6T21:00:00.000,options,call
186,1641197280000,1399.15,1399.15,1399.15,1399.15,25,21000,34800,weekly,2022-1-6T21:00:00.000,options,call
187,1641197700000,1407.55,1407.55,1407.55,1407.55,25,21000,34800,weekly,2022-1-6T21:00:00.000,options,call
188,1641197760000,1420.0,1440.0,1420.0,1431.0,75,21000,34800,weekly,2022-1-6T21:00:00.000,options,call
189,1641197820000,1431.0,1431.0,1418.6,1418.6,375,21000,34800,weekly,2022-1-6T21:00:00.000,options,call
190,1641197880000,1430.45,1445.0,1430.45,1445.0,50,21175,34800,weekly,2022-1-6T21:00:00.000,options,call
191,1641197940000,1453.0,1453.0,1453.0,1453.0,25,21175,34800,weekly,2022-1-6T21:00:00.000,options,call
192,1641198000000,1469.2,1469.2,1469.15,1469.15,75,21175,34800,weekly,2022-1-6T21:00:00.000,options,call
193,1641198120000,1474.6,1474.6,1474.6,1474.6,25,21175,34800,weekly,2022-1-6T21:00:00.000,options,call
194,1641198180000,1479.05,1479.05,1479.05,1479.05,150,21175,34800,weekly,2022-1-6T21:00:00.000,options,call
195,1641198240000,1455.85,1466.2,1455.85,1466.2,50,21050,34800,weekly,2022-1-6T21:00:00.000,options,call
196,1641198360000,1454.0,1461.35,1454.0,1461.35,75,21050,34800,weekly,2022-1-6T21:00:00.000,options,call
197,1641198540000,1468.75,1468.75,1468.75,1468.75,100,21075,34800,weekly,2022-1-6T21:00:00.000,options,call
198,1641198600000,1464.5,1464.5,1464.5,1464.5,50,21100,34800,weekly,2022-1-6T21:00:00.000,options,call
199,1641198660000,1469.0,1469.0,1469.0,1469.0,50,21100,34800,weekly,2022-1-6T21:00:00.000,options,call
200,1641198720000,1494.0,1498.9,1491.6,1493.05,350,21100,34800,weekly,2022-1-6T21:00:00.000,options,call
201,1641198780000,1493.05,1493.05,1493.05,1493.05,25,21100,34800,weekly,2022-1-6T21:00:00.000,options,call
202,1641198840000,1469.0,1470.75,1469.0,1470.75,175,20900,34800,weekly,2022-1-6T21:00:00.000,options,call
203,1641199080000,1488.15,1488.15,1488.15,1488.15,50,20900,34800,weekly,2022-1-6T21:00:00.000,options,call
204,1641199200000,1510.35,1510.35,1510.35,1510.35,125,20900,34800,weekly,2022-1-6T21:00:00.000,options,call
205,1641199320000,1520.0,1520.0,1520.0,1520.0,25,20975,34800,weekly,2022-1-6T21:00:00.000,options,call
206,1641199440000,1519.85,1520.35,1519.85,1520.35,125,20975,34800,weekly,2022-1-6T21:00:00.000,options,call
207,1641199500000,1514.35,1514.35,1514.35,1514.35,25,20975,34800,weekly,2022-1-6T21:00:00.000,options,call
208,1641199620000,1509.2,1509.2,1509.2,1509.2,25,21025,34800,weekly,2022-1-6T21:00:00.000,options,call
209,1641199740000,1565.0,1580.0,1565.0,1580.0,150,21025,34800,weekly,2022-1-6T21:00:00.000,options,call
210,1641199800000,1581.7,1581.7,1581.7,1581.7,25,21025,34800,weekly,2022-1-6T21:00:00.000,options,call
211,1641199920000,1581.4,1587.95,1581.4,1587.95,50,21000,34800,weekly,2022-1-6T21:00:00.000,options,call
212,1641200040000,1590.0,1600.5,1590.0,1600.5,50,20975,34800,weekly,2022-1-6T21:00:00.000,options,call
213,1641200100000,1612.65,1614.0,1612.65,1614.0,75,20975,34800,weekly,2022-1-6T21:00:00.000,options,call
214,1641200160000,1641.35,1641.35,1641.35,1641.35,25,20975,34800,weekly,2022-1-6T21:00:00.000,options,call
215,1641200220000,1641.95,1641.95,1629.65,1629.65,125,20900,34800,weekly,2022-1-6T21:00:00.000,options,call
216,1641200340000,1649.0,1649.0,1635.1,1635.1,200,20900,34800,weekly,2022-1-6T21:00:00.000,options,call
217,1641200460000,1627.0,1627.0,1627.0,1627.0,25,20900,34800,weekly,2022-1-6T21:00:00.000,options,call
218,1641200520000,1621.65,1621.65,1621.65,1621.65,25,20900,34800,weekly,2022-1-6T21:00:00.000,options,call
219,1641200580000,1660.0,1672.85,1660.0,1672.85,50,20850,34800,weekly,2022-1-6T21:00:00.000,options,call
220,1641200640000,1675.05,1675.05,1673.95,1673.95,50,20850,34800,weekly,2022-1-6T21:00:00.000,options,call
221,1641200700000,1681.25,1685.6,1681.25,1685.6,75,20850,34800,weekly,2022-1-6T21:00:00.000,options,call
222,1641200760000,1688.65,1688.65,1688.6,1688.6,50,20850,34800,weekly,2022-1-6T21:00:00.000,options,call
223,1641200820000,1672.35,1675.05,1672.35,1675.05,250,20900,34800,weekly,2022-1-6T21:00:00.000,options,call
224,1641200880000,1655.3,1655.3,1655.3,1655.3,25,20900,34800,weekly,2022-1-6T21:00:00.000,options,call
225,1641200940000,1662.6,1662.6,1662.6,1662.6,100,20800,34800,weekly,2022-1-6T21:00:00.000,options,call
226,1641201000000,1653.75,1653.75,1653.75,1653.75,50,20800,34800,weekly,2022-1-6T21:00:00.000,options,call
227,1641201300000,1671.5,1671.5,1671.5,1671.5,50,20850,34800,weekly,2022-1-6T21:00:00.000,options,call
228,1641201420000,1640.5,1640.5,1640.5,1640.5,25,20850,34800,weekly,2022-1-6T21:00:00.000,options,call
229,1641201480000,1595.0,1595.0,1595.0,1595.0,50,20875,34800,weekly,2022-1-6T21:00:00.000,options,call
230,1641201540000,1598.6,1602.9,1598.6,1602.9,175,20875,34800,weekly,2022-1-6T21:00:00.000,options,call
231,1641201600000,1593.75,1593.75,1588.75,1588.75,50,20875,34800,weekly,2022-1-6T21:00:00.000,options,call
232,1641201660000,1628.35,1628.35,1616.6,1616.6,50,20875,34800,weekly,2022-1-6T21:00:00.000,options,call
233,1641201720000,1636.0,1648.05,1636.0,1648.05,50,20875,34800,weekly,2022-1-6T21:00:00.000,options,call
234,1641201780000,1631.05,1631.05,1631.05,1631.05,25,20875,34800,weekly,2022-1-6T21:00:00.000,options,call
235,1641201900000,1634.05,1634.05,1634.05,1634.05,25,20875,34800,weekly,2022-1-6T21:00:00.000,options,call
236,1641201960000,1648.1,1648.1,1648.1,1648.1,50,20875,34800,weekly,2022-1-6T21:00:00.000,options,call
237,1641202020000,1647.8,1647.8,1647.8,1647.8,25,20875,34800,weekly,2022-1-6T21:00:00.000,options,call
238,1641202080000,1628.7,1628.7,1628.7,1628.7,25,20825,34800,weekly,2022-1-6T21:00:00.000,options,call
239,1641202200000,1650.0,1650.0,1650.0,1650.0,125,20825,34800,weekly,2022-1-6T21:00:00.000,options,call
240,1641202260000,1650.65,1650.65,1650.65,1650.65,25,20825,34800,weekly,2022-1-6T21:00:00.000,options,call
241,1641202440000,1632.6,1632.6,1632.6,1632.6,25,20825,34800,weekly,2022-1-6T21:00:00.000,options,call
242,1641202620000,1628.9,1628.9,1628.9,1628.9,25,20825,34800,weekly,2022-1-6T21:00:00.000,options,call
243,1641202680000,1632.65,1632.65,1632.65,1632.65,25,20825,34800,weekly,2022-1-6T21:00:00.000,options,call
244,1641202920000,1633.95,1635.55,1632.85,1632.85,75,20775,34800,weekly,2022-1-6T21:00:00.000,options,call
245,1641203040000,1650.0,1650.0,1650.0,1650.0,25,20775,34800,weekly,2022-1-6T21:00:00.000,options,call
246,1641203280000,1692.7,1692.7,1692.7,1692.7,25,20725,34800,weekly,2022-1-6T21:00:00.000,options,call
247,1641203400000,1692.55,1692.55,1686.9,1687.15,375,20725,34800,weekly,2022-1-6T21:00:00.000,options,call
248,1641203520000,1688.55,1688.55,1674.55,1674.55,100,20825,34800,weekly,2022-1-6T21:00:00.000,options,call
249,1641203580000,1674.55,1674.55,1668.2,1668.2,50,20825,34800,weekly,2022-1-6T21:00:00.000,options,call
250,1641203640000,1693.9,1693.9,1693.9,1693.9,25,20725,34800,weekly,2022-1-6T21:00:00.000,options,call
251,1641203700000,1697.35,1706.75,1697.35,1706.75,25,20725,34800,weekly,2022-1-6T21:00:00.000,options,call
252,1641203760000,1706.75,1706.75,1700.1,1706.25,400,20725,34800,weekly,2022-1-6T21:00:00.000,options,call
253,1641203820000,1708.35,1712.15,1707.95,1711.9,550,20375,34800,weekly,2022-1-6T21:00:00.000,options,call
254,1641203880000,1715.65,1715.65,1715.65,1715.65,25,20375,34800,weekly,2022-1-6T21:00:00.000,options,call
255,1641203940000,1711.55,1711.55,1711.55,1711.55,50,20375,34800,weekly,2022-1-6T21:00:00.000,options,call
