,timestamp,open,high,low,close,volume,open_interest,strike,expiry_type,expiry,instrument,contract_type
0,1601955840000,13.0,13.0,8.25,8.5,54900,,11250,weekly,2020-10-8T21:00:00.000,options,put
1,1601955900000,8.6,8.75,8.05,8.25,58200,,11250,weekly,2020-10-8T21:00:00.000,options,put
2,1601955960000,8.3,8.45,8.1,8.4,29700,,11250,weekly,2020-10-8T21:00:00.000,options,put
3,1601956020000,8.3,8.5,8.25,8.25,44100,,11250,weekly,2020-10-8T21:00:00.000,options,put
4,1601956080000,8.35,9.3,8.25,9.15,51675,,11250,weekly,2020-10-8T21:00:00.000,options,put
5,1601956140000,9.0,9.15,8.6,8.85,37950,,11250,weekly,2020-10-8T21:00:00.000,options,put
6,1601956200000,8.85,10.0,8.8,9.8,48225,,11250,weekly,2020-10-8T21:00:00.000,options,put
7,1601956260000,9.65,9.95,9.3,9.55,45975,,11250,weekly,2020-10-8T21:00:00.000,options,put
8,1601956320000,9.45,9.5,9.2,9.35,19125,,11250,weekly,2020-10-8T21:00:00.000,options,put
9,1601956380000,9.3,9.9,9.1,9.5,23100,,11250,weekly,2020-10-8T21:00:00.000,options,put
10,1601956440000,9.6,10.25,9.5,10.15,27825,,11250,weekly,2020-10-8T21:00:00.000,options,put
11,1601956500000,10.1,10.1,9.5,9.55,20100,,11250,weekly,2020-10-8T21:00:00.000,options,put
12,1601956560000,9.6,9.8,9.35,9.4,38925,,11250,weekly,2020-10-8T21:00:00.000,options,put
13,1601956620000,9.45,9.45,9.05,9.4,36300,,11250,weekly,2020-10-8T21:00:00.000,options,put
14,1601956680000,9.4,9.4,9.2,9.25,19500,,11250,weekly,2020-10-8T21:00:00.000,options,put
15,1601956740000,9.3,9.45,9.05,9.35,17325,,11250,weekly,2020-10-8T21:00:00.000,options,put
16,1601956800000,9.35,9.4,9.25,9.35,11850,,11250,weekly,2020-10-8T21:00:00.000,options,put
17,1601956860000,9.4,9.45,9.15,9.35,26925,,11250,weekly,2020-10-8T21:00:00.000,options,put
18,1601956920000,9.35,9.35,9.2,9.3,10200,,11250,weekly,2020-10-8T21:00:00.000,options,put
19,1601956980000,9.3,9.45,9.2,9.35,10350,,11250,weekly,2020-10-8T21:00:00.000,options,put
20,1601957040000,9.4,9.4,9.2,9.25,11625,,11250,weekly,2020-10-8T21:00:00.000,options,put
21,1601957100000,9.25,9.25,8.9,9.0,15225,,11250,weekly,2020-10-8T21:00:00.000,options,put
22,1601957160000,8.95,9.0,8.85,8.9,9300,,11250,weekly,2020-10-8T21:00:00.000,options,put
23,1601957220000,8.95,9.2,8.85,9.1,11100,,11250,weekly,2020-10-8T21:00:00.000,options,put
24,1601957280000,9.1,9.1,8.85,8.85,6300,,11250,weekly,2020-10-8T21:00:00.000,options,put
25,1601957340000,8.85,9.15,8.75,8.9,12000,,11250,weekly,2020-10-8T21:00:00.000,options,put
26,1601957400000,8.9,8.95,8.8,8.9,10125,,11250,weekly,2020-10-8T21:00:00.000,options,put
27,1601957460000,8.95,9.0,8.65,8.65,18675,,11250,weekly,2020-10-8T21:00:00.000,options,put
28,1601957520000,8.65,8.65,8.35,8.4,24600,,11250,weekly,2020-10-8T21:00:00.000,options,put
29,1601957580000,8.45,8.6,8.4,8.4,4200,,11250,weekly,2020-10-8T21:00:00.000,options,put
30,1601957640000,8.45,8.5,8.2,8.35,7800,,11250,weekly,2020-10-8T21:00:00.000,options,put
31,1601957700000,8.35,8.4,8.25,8.3,7650,,11250,weekly,2020-10-8T21:00:00.000,options,put
32,1601957760000,8.35,8.55,8.3,8.55,9375,,11250,weekly,2020-10-8T21:00:00.000,options,put
33,1601957820000,8.5,9.0,8.5,9.0,25350,,11250,weekly,2020-10-8T21:00:00.000,options,put
34,1601957880000,9.0,9.1,8.8,8.95,14925,,11250,weekly,2020-10-8T21:00:00.000,options,put
35,1601957940000,9.0,9.1,8.85,9.0,8175,,11250,weekly,2020-10-8T21:00:00.000,options,put
36,1601958000000,8.95,9.1,8.9,9.0,11700,,11250,weekly,2020-10-8T21:00:00.000,options,put
37,1601958060000,8.95,9.0,8.55,8.75,12600,,11250,weekly,2020-10-8T21:00:00.000,options,put
38,1601958120000,8.85,8.85,8.55,8.55,8325,,11250,weekly,2020-10-8T21:00:00.000,options,put
39,1601958180000,8.55,8.65,8.5,8.55,6975,,11250,weekly,2020-10-8T21:00:00.000,options,put
40,1601958240000,8.5,8.55,8.35,8.45,9000,,11250,weekly,2020-10-8T21:00:00.000,options,put
41,1601958300000,8.45,8.5,8.2,8.35,7050,,11250,weekly,2020-10-8T21:00:00.000,options,put
42,1601958360000,8.35,8.5,8.35,8.45,8550,,11250,weekly,2020-10-8T21:00:00.000,options,put
43,1601958420000,8.45,8.55,8.35,8.4,8925,,11250,weekly,2020-10-8T21:00:00.000,options,put
44,1601958480000,8.3,8.4,8.25,8.35,5700,,11250,weekly,2020-10-8T21:00:00.000,options,put
45,1601958540000,8.35,8.35,8.0,8.15,22500,,11250,weekly,2020-10-8T21:00:00.000,options,put
46,1601958600000,8.2,8.2,8.0,8.05,12450,,11250,weekly,2020-10-8T21:00:00.000,options,put
47,1601958660000,8.05,8.1,7.95,8.1,23025,,11250,weekly,2020-10-8T21:00:00.000,options,put
48,1601958720000,8.1,8.2,8.05,8.15,6375,,11250,weekly,2020-10-8T21:00:00.000,options,put
49,1601958780000,8.15,8.4,8.05,8.3,13350,,11250,weekly,2020-10-8T21:00:00.000,options,put
50,1601958840000,8.3,8.3,8.1,8.1,3075,,11250,weekly,2020-10-8T21:00:00.000,options,put
51,1601958900000,8.1,8.2,8.0,8.1,9450,,11250,weekly,2020-10-8T21:00:00.000,options,put
52,1601958960000,8.1,8.2,8.0,8.1,5175,,11250,weekly,2020-10-8T21:00:00.000,options,put
53,1601959020000,8.15,8.15,8.0,8.05,6675,,11250,weekly,2020-10-8T21:00:00.000,options,put
54,1601959080000,8.0,8.1,7.95,7.95,12525,,11250,weekly,2020-10-8T21:00:00.000,options,put
55,1601959140000,7.85,7.85,7.65,7.75,22050,,11250,weekly,2020-10-8T21:00:00.000,options,put
56,1601959200000,7.75,7.9,7.7,7.9,22350,,11250,weekly,2020-10-8T21:00:00.000,options,put
57,1601959260000,7.9,7.9,7.85,7.9,5850,,11250,weekly,2020-10-8T21:00:00.000,options,put
58,1601959320000,7.9,7.9,7.7,7.7,22050,,11250,weekly,2020-10-8T21:00:00.000,options,put
59,1601959380000,7.7,7.85,7.65,7.85,5850,,11250,weekly,2020-10-8T21:00:00.000,options,put
60,1601959440000,7.65,7.95,7.55,7.85,23550,,11250,weekly,2020-10-8T21:00:00.000,options,put
61,1601959500000,7.8,7.95,7.8,7.95,8400,,11250,weekly,2020-10-8T21:00:00.000,options,put
62,1601959560000,7.95,7.95,7.85,7.95,6975,,11250,weekly,2020-10-8T21:00:00.000,options,put
63,1601959620000,8.0,8.0,7.85,7.95,9225,,11250,weekly,2020-10-8T21:00:00.000,options,put
64,1601959680000,7.95,7.95,7.8,7.8,13050,,11250,weekly,2020-10-8T21:00:00.000,options,put
65,1601959740000,7.9,7.95,7.8,7.95,19200,,11250,weekly,2020-10-8T21:00:00.000,options,put
66,1601959800000,7.95,7.95,7.75,7.75,14475,,11250,weekly,2020-10-8T21:00:00.000,options,put
67,1601959860000,7.65,7.9,7.65,7.7,6225,,11250,weekly,2020-10-8T21:00:00.000,options,put
68,1601959920000,7.8,7.8,7.6,7.6,5400,,11250,weekly,2020-10-8T21:00:00.000,options,put
69,1601959980000,7.6,7.65,7.1,7.4,29175,,11250,weekly,2020-10-8T21:00:00.000,options,put
70,1601960040000,7.4,7.55,7.1,7.45,21300,,11250,weekly,2020-10-8T21:00:00.000,options,put
71,1601960100000,7.45,7.55,7.4,7.5,11175,,11250,weekly,2020-10-8T21:00:00.000,options,put
72,1601960160000,7.5,7.6,7.45,7.5,3225,,11250,weekly,2020-10-8T21:00:00.000,options,put
73,1601960220000,7.5,7.6,7.4,7.6,10875,,11250,weekly,2020-10-8T21:00:00.000,options,put
74,1601960280000,7.6,7.6,7.45,7.45,300,,11250,weekly,2020-10-8T21:00:00.000,options,put
75,1601960340000,7.45,7.5,7.35,7.4,3900,,11250,weekly,2020-10-8T21:00:00.000,options,put
76,1601960400000,7.4,7.45,7.25,7.35,11625,,11250,weekly,2020-10-8T21:00:00.000,options,put
77,1601960460000,7.35,7.4,7.3,7.35,4950,,11250,weekly,2020-10-8T21:00:00.000,options,put
78,1601960520000,7.4,7.5,7.35,7.45,13875,,11250,weekly,2020-10-8T21:00:00.000,options,put
79,1601960580000,7.45,7.45,7.35,7.45,20175,,11250,weekly,2020-10-8T21:00:00.000,options,put
80,1601960640000,7.45,7.5,7.3,7.4,18450,,11250,weekly,2020-10-8T21:00:00.000,options,put
81,1601960700000,7.4,7.45,7.35,7.4,8625,,11250,weekly,2020-10-8T21:00:00.000,options,put
82,1601960760000,7.4,7.4,7.3,7.35,3600,,11250,weekly,2020-10-8T21:00:00.000,options,put
83,1601960820000,7.35,7.4,7.3,7.35,1800,,11250,weekly,2020-10-8T21:00:00.000,options,put
84,1601960880000,7.35,7.4,7.25,7.3,4350,,11250,weekly,2020-10-8T21:00:00.000,options,put
85,1601960940000,7.3,7.35,7.25,7.3,7425,,11250,weekly,2020-10-8T21:00:00.000,options,put
86,1601961000000,7.35,7.35,7.15,7.2,17775,,11250,weekly,2020-10-8T21:00:00.000,options,put
87,1601961060000,7.2,7.3,7.1,7.1,10350,,11250,weekly,2020-10-8T21:00:00.000,options,put
88,1601961120000,7.1,7.2,7.1,7.15,12075,,11250,weekly,2020-10-8T21:00:00.000,options,put
89,1601961180000,7.2,7.2,7.1,7.1,7500,,11250,weekly,2020-10-8T21:00:00.000,options,put
90,1601961240000,7.1,7.15,6.9,7.15,16650,,11250,weekly,2020-10-8T21:00:00.000,options,put
91,1601961300000,7.15,7.2,7.0,7.05,12675,,11250,weekly,2020-10-8T21:00:00.000,options,put
92,1601961360000,7.05,7.2,7.0,7.15,19800,,11250,weekly,2020-10-8T21:00:00.000,options,put
93,1601961420000,7.15,7.2,7.0,7.1,17550,,11250,weekly,2020-10-8T21:00:00.000,options,put
94,1601961480000,7.05,7.2,7.0,7.1,9075,,11250,weekly,2020-10-8T21:00:00.000,options,put
95,1601961540000,7.1,7.25,7.05,7.25,23400,,11250,weekly,2020-10-8T21:00:00.000,options,put
96,1601961600000,7.25,7.65,7.2,7.6,15975,,11250,weekly,2020-10-8T21:00:00.000,options,put
97,1601961660000,7.6,7.65,7.5,7.55,9900,,11250,weekly,2020-10-8T21:00:00.000,options,put
98,1601961720000,7.55,7.65,7.55,7.55,9900,,11250,weekly,2020-10-8T21:00:00.000,options,put
99,1601961780000,7.55,7.6,7.45,7.5,9600,,11250,weekly,2020-10-8T21:00:00.000,options,put
100,1601961840000,7.6,7.8,7.6,7.8,7575,,11250,weekly,2020-10-8T21:00:00.000,options,put
101,1601961900000,7.75,7.8,7.55,7.65,12300,,11250,weekly,2020-10-8T21:00:00.000,options,put
102,1601961960000,7.65,7.7,7.55,7.65,3375,,11250,weekly,2020-10-8T21:00:00.000,options,put
103,1601962020000,7.65,7.65,7.45,7.55,4500,,11250,weekly,2020-10-8T21:00:00.000,options,put
104,1601962080000,7.55,7.55,7.3,7.3,8775,,11250,weekly,2020-10-8T21:00:00.000,options,put
105,1601962140000,7.3,7.7,7.25,7.7,15225,,11250,weekly,2020-10-8T21:00:00.000,options,put
106,1601962200000,7.7,7.85,7.7,7.7,9150,,11250,weekly,2020-10-8T21:00:00.000,options,put
107,1601962260000,7.7,7.75,7.55,7.6,9450,,11250,weekly,2020-10-8T21:00:00.000,options,put
108,1601962320000,7.6,7.8,7.6,7.8,4500,,11250,weekly,2020-10-8T21:00:00.000,options,put
109,1601962380000,7.75,7.8,7.65,7.7,3525,,11250,weekly,2020-10-8T21:00:00.000,options,put
110,1601962440000,7.55,7.65,7.35,7.5,6900,,11250,weekly,2020-10-8T21:00:00.000,options,put
111,1601962500000,7.5,7.55,7.4,7.45,8100,,11250,weekly,2020-10-8T21:00:00.000,options,put
112,1601962560000,7.45,7.45,7.3,7.3,9075,,11250,weekly,2020-10-8T21:00:00.000,options,put
113,1601962620000,7.3,7.35,7.1,7.2,26250,,11250,weekly,2020-10-8T21:00:00.000,options,put
114,1601962680000,7.2,7.3,7.2,7.3,1575,,11250,weekly,2020-10-8T21:00:00.000,options,put
115,1601962740000,7.25,7.3,7.15,7.15,4425,,11250,weekly,2020-10-8T21:00:00.000,options,put
116,1601962800000,7.15,7.4,7.15,7.4,6675,,11250,weekly,2020-10-8T21:00:00.000,options,put
117,1601962860000,7.35,7.35,7.2,7.2,5175,,11250,weekly,2020-10-8T21:00:00.000,options,put
118,1601962920000,7.25,7.35,7.05,7.15,10575,,11250,weekly,2020-10-8T21:00:00.000,options,put
119,1601962980000,7.15,7.2,7.0,7.05,8550,,11250,weekly,2020-10-8T21:00:00.000,options,put
120,1601963040000,7.05,7.1,7.0,7.1,12600,,11250,weekly,2020-10-8T21:00:00.000,options,put
121,1601963100000,7.1,7.1,7.05,7.1,2325,,11250,weekly,2020-10-8T21:00:00.000,options,put
122,1601963160000,7.15,7.2,7.05,7.2,1575,,11250,weekly,2020-10-8T21:00:00.000,options,put
123,1601963220000,7.15,7.15,7.1,7.1,1575,,11250,weekly,2020-10-8T21:00:00.000,options,put
124,1601963280000,7.15,7.25,7.1,7.1,6525,,11250,weekly,2020-10-8T21:00:00.000,options,put
125,1601963340000,7.1,7.1,7.0,7.05,5025,,11250,weekly,2020-10-8T21:00:00.000,options,put
126,1601963400000,7.05,7.05,6.9,7.05,7950,,11250,weekly,2020-10-8T21:00:00.000,options,put
127,1601963460000,7.1,7.1,7.0,7.05,6600,,11250,weekly,2020-10-8T21:00:00.000,options,put
128,1601963520000,7.0,7.1,6.95,7.05,5625,,11250,weekly,2020-10-8T21:00:00.000,options,put
129,1601963580000,7.05,7.2,7.05,7.2,3675,,11250,weekly,2020-10-8T21:00:00.000,options,put
130,1601963640000,7.2,7.35,7.2,7.25,6225,,11250,weekly,2020-10-8T21:00:00.000,options,put
131,1601963700000,7.2,7.45,7.15,7.35,5925,,11250,weekly,2020-10-8T21:00:00.000,options,put
132,1601963760000,7.35,7.45,7.2,7.3,7575,,11250,weekly,2020-10-8T21:00:00.000,options,put
133,1601963820000,7.35,7.4,7.25,7.3,4125,,11250,weekly,2020-10-8T21:00:00.000,options,put
134,1601963880000,7.35,7.35,7.2,7.25,5700,,11250,weekly,2020-10-8T21:00:00.000,options,put
135,1601963940000,7.2,7.25,7.0,7.2,6375,,11250,weekly,2020-10-8T21:00:00.000,options,put
136,1601964000000,7.05,7.3,7.05,7.15,2250,,11250,weekly,2020-10-8T21:00:00.000,options,put
137,1601964060000,7.05,7.25,7.05,7.25,4950,,11250,weekly,2020-10-8T21:00:00.000,options,put
138,1601964120000,7.2,7.2,7.0,7.2,21825,,11250,weekly,2020-10-8T21:00:00.000,options,put
139,1601964180000,7.2,7.2,7.1,7.15,4500,,11250,weekly,2020-10-8T21:00:00.000,options,put
140,1601964240000,7.05,7.2,7.05,7.2,4125,,11250,weekly,2020-10-8T21:00:00.000,options,put
141,1601964300000,7.2,7.2,7.1,7.1,1050,,11250,weekly,2020-10-8T21:00:00.000,options,put
142,1601964360000,7.15,7.15,7.05,7.15,3600,,11250,weekly,2020-10-8T21:00:00.000,options,put
143,1601964420000,7.1,7.1,6.85,6.9,11925,,11250,weekly,2020-10-8T21:00:00.000,options,put
144,1601964480000,6.95,6.95,6.85,6.9,1425,,11250,weekly,2020-10-8T21:00:00.000,options,put
145,1601964540000,6.95,6.95,6.9,6.9,5850,,11250,weekly,2020-10-8T21:00:00.000,options,put
146,1601964600000,6.9,7.05,6.9,7.05,4350,,11250,weekly,2020-10-8T21:00:00.000,options,put
147,1601964660000,7.05,7.2,7.0,7.15,1800,,11250,weekly,2020-10-8T21:00:00.000,options,put
148,1601964720000,7.15,7.25,7.1,7.2,5025,,11250,weekly,2020-10-8T21:00:00.000,options,put
149,1601964780000,7.2,7.35,7.15,7.25,5550,,11250,weekly,2020-10-8T21:00:00.000,options,put
150,1601964840000,7.25,7.25,7.15,7.2,750,,11250,weekly,2020-10-8T21:00:00.000,options,put
151,1601964900000,7.05,7.1,7.0,7.05,13575,,11250,weekly,2020-10-8T21:00:00.000,options,put
152,1601964960000,7.05,7.25,7.0,7.15,8400,,11250,weekly,2020-10-8T21:00:00.000,options,put
153,1601965020000,7.2,7.35,7.2,7.3,8175,,11250,weekly,2020-10-8T21:00:00.000,options,put
154,1601965080000,7.25,7.35,7.25,7.25,4500,,11250,weekly,2020-10-8T21:00:00.000,options,put
155,1601965140000,7.25,7.25,7.15,7.15,5700,,11250,weekly,2020-10-8T21:00:00.000,options,put
156,1601965200000,7.15,7.25,7.1,7.2,2175,,11250,weekly,2020-10-8T21:00:00.000,options,put
157,1601965260000,7.15,7.15,7.0,7.1,1500,,11250,weekly,2020-10-8T21:00:00.000,options,put
158,1601965320000,7.05,7.15,7.05,7.1,3450,,11250,weekly,2020-10-8T21:00:00.000,options,put
159,1601965380000,7.05,7.05,6.9,6.95,3975,,11250,weekly,2020-10-8T21:00:00.000,options,put
160,1601965440000,6.95,7.1,6.95,7.05,5325,,11250,weekly,2020-10-8T21:00:00.000,options,put
161,1601965500000,7.05,7.1,7.05,7.05,3825,,11250,weekly,2020-10-8T21:00:00.000,options,put
162,1601965560000,7.05,7.1,6.95,7.0,1800,,11250,weekly,2020-10-8T21:00:00.000,options,put
163,1601965620000,7.0,7.05,6.9,6.95,6225,,11250,weekly,2020-10-8T21:00:00.000,options,put
164,1601965680000,6.95,7.0,6.85,7.0,4425,,11250,weekly,2020-10-8T21:00:00.000,options,put
165,1601965740000,7.0,7.0,6.8,6.9,3225,,11250,weekly,2020-10-8T21:00:00.000,options,put
166,1601965800000,6.9,6.95,6.85,6.95,1275,,11250,weekly,2020-10-8T21:00:00.000,options,put
167,1601965860000,6.9,7.0,6.9,6.95,2850,,11250,weekly,2020-10-8T21:00:00.000,options,put
168,1601965920000,6.9,7.0,6.85,7.0,2475,,11250,weekly,2020-10-8T21:00:00.000,options,put
169,1601965980000,6.95,7.05,6.85,7.0,1800,,11250,weekly,2020-10-8T21:00:00.000,options,put
170,1601966040000,7.0,7.0,6.9,6.95,5100,,11250,weekly,2020-10-8T21:00:00.000,options,put
171,1601966100000,7.05,7.1,7.05,7.05,2925,,11250,weekly,2020-10-8T21:00:00.000,options,put
172,1601966160000,7.0,7.1,6.95,7.0,3675,,11250,weekly,2020-10-8T21:00:00.000,options,put
173,1601966220000,7.0,7.05,6.9,7.0,6825,,11250,weekly,2020-10-8T21:00:00.000,options,put
174,1601966280000,6.95,7.1,6.95,7.05,2325,,11250,weekly,2020-10-8T21:00:00.000,options,put
175,1601966340000,7.05,7.1,6.9,6.9,6825,,11250,weekly,2020-10-8T21:00:00.000,options,put
176,1601966400000,6.9,7.0,6.85,6.95,3150,,11250,weekly,2020-10-8T21:00:00.000,options,put
177,1601966460000,7.0,7.1,6.95,6.95,2625,,11250,weekly,2020-10-8T21:00:00.000,options,put
178,1601966520000,6.95,6.95,6.75,6.75,3675,,11250,weekly,2020-10-8T21:00:00.000,options,put
179,1601966580000,6.75,6.95,6.7,6.95,5100,,11250,weekly,2020-10-8T21:00:00.000,options,put
180,1601966640000,6.9,7.05,6.9,7.0,2775,,11250,weekly,2020-10-8T21:00:00.000,options,put
181,1601966700000,7.05,7.1,6.95,7.1,3000,,11250,weekly,2020-10-8T21:00:00.000,options,put
182,1601966760000,7.05,7.15,7.05,7.15,900,,11250,weekly,2020-10-8T21:00:00.000,options,put
183,1601966820000,7.1,7.1,7.0,7.05,1500,,11250,weekly,2020-10-8T21:00:00.000,options,put
184,1601966880000,7.0,7.25,7.0,7.05,8325,,11250,weekly,2020-10-8T21:00:00.000,options,put
185,1601966940000,7.1,7.25,7.05,7.15,2550,,11250,weekly,2020-10-8T21:00:00.000,options,put
186,1601967000000,7.05,7.1,6.6,6.8,8625,,11250,weekly,2020-10-8T21:00:00.000,options,put
187,1601967060000,6.8,6.9,6.75,6.8,8400,,11250,weekly,2020-10-8T21:00:00.000,options,put
188,1601967120000,6.8,6.85,6.65,6.75,9450,,11250,weekly,2020-10-8T21:00:00.000,options,put
189,1601967180000,6.75,6.85,6.7,6.8,6525,,11250,weekly,2020-10-8T21:00:00.000,options,put
190,1601967240000,6.75,6.85,6.7,6.75,2775,,11250,weekly,2020-10-8T21:00:00.000,options,put
191,1601967300000,6.65,6.8,6.65,6.75,6225,,11250,weekly,2020-10-8T21:00:00.000,options,put
192,1601967360000,6.7,6.75,6.7,6.75,1800,,11250,weekly,2020-10-8T21:00:00.000,options,put
193,1601967420000,6.65,6.75,6.65,6.75,4575,,11250,weekly,2020-10-8T21:00:00.000,options,put
194,1601967480000,6.75,6.75,6.65,6.7,3150,,11250,weekly,2020-10-8T21:00:00.000,options,put
195,1601967540000,6.65,6.8,6.6,6.65,15525,,11250,weekly,2020-10-8T21:00:00.000,options,put
196,1601967600000,6.65,6.75,6.55,6.75,6600,,11250,weekly,2020-10-8T21:00:00.000,options,put
197,1601967660000,6.7,6.7,6.5,6.65,9150,,11250,weekly,2020-10-8T21:00:00.000,options,put
198,1601967720000,6.65,6.7,6.55,6.65,6075,,11250,weekly,2020-10-8T21:00:00.000,options,put
199,1601967780000,6.65,6.65,6.6,6.6,5925,,11250,weekly,2020-10-8T21:00:00.000,options,put
200,1601967840000,6.55,6.7,6.55,6.65,11250,,11250,weekly,2020-10-8T21:00:00.000,options,put
201,1601967900000,6.7,6.8,6.6,6.8,4275,,11250,weekly,2020-10-8T21:00:00.000,options,put
202,1601967960000,6.7,6.75,6.65,6.7,3000,,11250,weekly,2020-10-8T21:00:00.000,options,put
203,1601968020000,6.7,6.75,6.55,6.65,8550,,11250,weekly,2020-10-8T21:00:00.000,options,put
204,1601968080000,6.65,6.75,6.55,6.6,6900,,11250,weekly,2020-10-8T21:00:00.000,options,put
205,1601968140000,6.6,6.65,6.6,6.65,3000,,11250,weekly,2020-10-8T21:00:00.000,options,put
206,1601968200000,6.6,6.95,6.6,6.75,17625,,11250,weekly,2020-10-8T21:00:00.000,options,put
207,1601968260000,6.8,7.0,6.8,6.85,9000,,11250,weekly,2020-10-8T21:00:00.000,options,put
208,1601968320000,6.85,7.1,6.85,6.95,5700,,11250,weekly,2020-10-8T21:00:00.000,options,put
209,1601968380000,6.95,7.1,6.9,7.05,10875,,11250,weekly,2020-10-8T21:00:00.000,options,put
210,1601968440000,7.0,7.4,7.0,7.4,13575,,11250,weekly,2020-10-8T21:00:00.000,options,put
211,1601968500000,7.3,7.3,7.15,7.15,8925,,11250,weekly,2020-10-8T21:00:00.000,options,put
212,1601968560000,7.15,7.3,7.1,7.1,32250,,11250,weekly,2020-10-8T21:00:00.000,options,put
213,1601968620000,7.1,7.45,7.1,7.25,21375,,11250,weekly,2020-10-8T21:00:00.000,options,put
214,1601968680000,7.25,7.3,7.1,7.2,9000,,11250,weekly,2020-10-8T21:00:00.000,options,put
215,1601968740000,7.2,7.3,7.1,7.15,7500,,11250,weekly,2020-10-8T21:00:00.000,options,put
216,1601968800000,7.15,7.15,6.8,6.9,11700,,11250,weekly,2020-10-8T21:00:00.000,options,put
217,1601968860000,6.9,7.0,6.8,6.9,7125,,11250,weekly,2020-10-8T21:00:00.000,options,put
218,1601968920000,6.9,6.9,6.85,6.9,5250,,11250,weekly,2020-10-8T21:00:00.000,options,put
219,1601968980000,6.9,6.9,6.85,6.85,3525,,11250,weekly,2020-10-8T21:00:00.000,options,put
220,1601969040000,6.9,6.9,6.7,6.7,3750,,11250,weekly,2020-10-8T21:00:00.000,options,put
221,1601969100000,6.8,6.8,6.65,6.65,3975,,11250,weekly,2020-10-8T21:00:00.000,options,put
222,1601969160000,6.7,6.8,6.7,6.8,2700,,11250,weekly,2020-10-8T21:00:00.000,options,put
223,1601969220000,6.65,6.85,6.65,6.75,7725,,11250,weekly,2020-10-8T21:00:00.000,options,put
224,1601969280000,6.8,6.9,6.8,6.9,525,,11250,weekly,2020-10-8T21:00:00.000,options,put
225,1601969340000,6.9,6.95,6.85,6.85,2475,,11250,weekly,2020-10-8T21:00:00.000,options,put
226,1601969400000,6.85,7.05,6.85,6.9,8025,,11250,weekly,2020-10-8T21:00:00.000,options,put
227,1601969460000,7.0,7.1,6.95,6.95,2100,,11250,weekly,2020-10-8T21:00:00.000,options,put
228,1601969520000,6.95,7.05,6.9,6.9,3450,,11250,weekly,2020-10-8T21:00:00.000,options,put
229,1601969580000,6.85,7.0,6.65,6.65,8550,,11250,weekly,2020-10-8T21:00:00.000,options,put
230,1601969640000,6.6,6.65,6.35,6.6,19050,,11250,weekly,2020-10-8T21:00:00.000,options,put
231,1601969700000,6.6,6.65,6.6,6.65,6600,,11250,weekly,2020-10-8T21:00:00.000,options,put
232,1601969760000,6.6,6.7,6.6,6.65,3300,,11250,weekly,2020-10-8T21:00:00.000,options,put
233,1601969820000,6.7,6.7,6.55,6.6,2325,,11250,weekly,2020-10-8T21:00:00.000,options,put
234,1601969880000,6.55,6.65,6.5,6.65,1950,,11250,weekly,2020-10-8T21:00:00.000,options,put
235,1601969940000,6.65,6.65,6.55,6.55,2400,,11250,weekly,2020-10-8T21:00:00.000,options,put
236,1601970000000,6.55,6.6,6.5,6.6,3450,,11250,weekly,2020-10-8T21:00:00.000,options,put
237,1601970060000,6.6,6.65,6.55,6.65,3300,,11250,weekly,2020-10-8T21:00:00.000,options,put
238,1601970120000,6.6,6.65,6.5,6.5,8850,,11250,weekly,2020-10-8T21:00:00.000,options,put
239,1601970180000,6.55,6.55,6.5,6.55,1350,,11250,weekly,2020-10-8T21:00:00.000,options,put
240,1601970240000,6.55,6.7,6.5,6.6,4875,,11250,weekly,2020-10-8T21:00:00.000,options,put
241,1601970300000,6.6,6.8,6.6,6.7,9150,,11250,weekly,2020-10-8T21:00:00.000,options,put
242,1601970360000,6.7,6.85,6.7,6.85,2100,,11250,weekly,2020-10-8T21:00:00.000,options,put
243,1601970420000,6.85,6.85,6.8,6.8,8175,,11250,weekly,2020-10-8T21:00:00.000,options,put
244,1601970480000,6.75,6.85,6.75,6.85,4050,,11250,weekly,2020-10-8T21:00:00.000,options,put
245,1601970540000,6.85,6.95,6.8,6.95,5325,,11250,weekly,2020-10-8T21:00:00.000,options,put
246,1601970600000,6.95,7.0,6.85,6.85,2325,,11250,weekly,2020-10-8T21:00:00.000,options,put
247,1601970660000,6.85,6.85,6.65,6.7,2625,,11250,weekly,2020-10-8T21:00:00.000,options,put
248,1601970720000,6.7,6.75,6.6,6.75,3600,,11250,weekly,2020-10-8T21:00:00.000,options,put
249,1601970780000,6.7,6.8,6.7,6.7,5250,,11250,weekly,2020-10-8T21:00:00.000,options,put
250,1601970840000,6.65,6.65,6.5,6.55,5625,,11250,weekly,2020-10-8T21:00:00.000,options,put
251,1601970900000,6.5,6.55,6.3,6.35,7875,,11250,weekly,2020-10-8T21:00:00.000,options,put
252,1601970960000,6.35,6.55,6.35,6.5,3450,,11250,weekly,2020-10-8T21:00:00.000,options,put
253,1601971020000,6.5,6.55,6.4,6.55,8925,,11250,weekly,2020-10-8T21:00:00.000,options,put
254,1601971080000,6.6,6.6,6.45,6.6,5250,,11250,weekly,2020-10-8T21:00:00.000,options,put
255,1601971140000,6.6,6.7,6.55,6.6,5775,,11250,weekly,2020-10-8T21:00:00.000,options,put
256,1601971200000,6.5,6.7,6.5,6.65,3675,,11250,weekly,2020-10-8T21:00:00.000,options,put
257,1601971260000,6.65,6.7,6.6,6.7,3750,,11250,weekly,2020-10-8T21:00:00.000,options,put
258,1601971320000,6.75,7.45,6.7,7.2,35100,,11250,weekly,2020-10-8T21:00:00.000,options,put
259,1601971380000,7.2,7.3,7.1,7.2,9900,,11250,weekly,2020-10-8T21:00:00.000,options,put
260,1601971440000,7.2,7.4,7.2,7.35,12150,,11250,weekly,2020-10-8T21:00:00.000,options,put
261,1601971500000,7.35,7.5,7.15,7.15,16575,,11250,weekly,2020-10-8T21:00:00.000,options,put
262,1601971560000,7.15,7.35,7.0,7.1,5175,,11250,weekly,2020-10-8T21:00:00.000,options,put
263,1601971620000,7.1,7.1,6.95,7.1,4725,,11250,weekly,2020-10-8T21:00:00.000,options,put
264,1601971680000,7.0,7.25,7.0,7.25,6225,,11250,weekly,2020-10-8T21:00:00.000,options,put
265,1601971740000,7.25,7.4,7.25,7.25,2550,,11250,weekly,2020-10-8T21:00:00.000,options,put
266,1601971800000,7.25,7.3,7.2,7.3,3825,,11250,weekly,2020-10-8T21:00:00.000,options,put
267,1601971860000,7.35,7.4,7.35,7.35,4650,,11250,weekly,2020-10-8T21:00:00.000,options,put
268,1601971920000,7.3,7.3,6.85,6.9,14700,,11250,weekly,2020-10-8T21:00:00.000,options,put
269,1601971980000,6.9,7.0,6.75,6.85,9225,,11250,weekly,2020-10-8T21:00:00.000,options,put
270,1601972040000,6.8,6.9,6.7,6.85,5475,,11250,weekly,2020-10-8T21:00:00.000,options,put
271,1601972100000,6.9,6.9,6.8,6.8,2550,,11250,weekly,2020-10-8T21:00:00.000,options,put
272,1601972160000,6.75,6.8,6.5,6.5,35550,,11250,weekly,2020-10-8T21:00:00.000,options,put
273,1601972220000,6.5,6.65,6.5,6.6,6450,,11250,weekly,2020-10-8T21:00:00.000,options,put
274,1601972280000,6.6,6.65,6.5,6.55,6375,,11250,weekly,2020-10-8T21:00:00.000,options,put
275,1601972340000,6.5,6.75,6.5,6.75,8775,,11250,weekly,2020-10-8T21:00:00.000,options,put
276,1601972400000,6.7,6.75,6.5,6.55,9150,,11250,weekly,2020-10-8T21:00:00.000,options,put
277,1601972460000,6.55,6.6,6.5,6.55,8700,,11250,weekly,2020-10-8T21:00:00.000,options,put
278,1601972520000,6.55,6.65,6.45,6.45,11025,,11250,weekly,2020-10-8T21:00:00.000,options,put
279,1601972580000,6.5,6.6,6.45,6.6,2400,,11250,weekly,2020-10-8T21:00:00.000,options,put
280,1601972640000,6.65,6.7,6.55,6.55,3825,,11250,weekly,2020-10-8T21:00:00.000,options,put
281,1601972700000,6.55,6.6,6.45,6.6,9225,,11250,weekly,2020-10-8T21:00:00.000,options,put
282,1601972760000,6.6,6.75,6.5,6.75,7650,,11250,weekly,2020-10-8T21:00:00.000,options,put
283,1601972820000,6.65,6.75,6.6,6.75,5250,,11250,weekly,2020-10-8T21:00:00.000,options,put
284,1601972880000,6.75,6.75,6.6,6.6,2700,,11250,weekly,2020-10-8T21:00:00.000,options,put
285,1601972940000,6.65,6.85,6.55,6.55,2850,,11250,weekly,2020-10-8T21:00:00.000,options,put
286,1601973000000,6.55,6.7,6.55,6.6,4500,,11250,weekly,2020-10-8T21:00:00.000,options,put
287,1601973060000,6.6,6.6,6.3,6.4,16125,,11250,weekly,2020-10-8T21:00:00.000,options,put
288,1601973120000,6.45,6.5,6.4,6.45,4500,,11250,weekly,2020-10-8T21:00:00.000,options,put
289,1601973180000,6.5,6.5,5.95,6.0,20925,,11250,weekly,2020-10-8T21:00:00.000,options,put
290,1601973240000,5.9,6.15,5.9,6.15,21150,,11250,weekly,2020-10-8T21:00:00.000,options,put
291,1601973300000,6.05,6.25,6.05,6.25,6750,,11250,weekly,2020-10-8T21:00:00.000,options,put
292,1601973360000,6.25,6.25,6.1,6.2,11400,,11250,weekly,2020-10-8T21:00:00.000,options,put
293,1601973420000,6.2,6.25,6.15,6.25,10500,,11250,weekly,2020-10-8T21:00:00.000,options,put
294,1601973480000,6.25,6.25,6.05,6.1,8700,,11250,weekly,2020-10-8T21:00:00.000,options,put
295,1601973540000,6.1,6.2,6.1,6.15,12600,,11250,weekly,2020-10-8T21:00:00.000,options,put
296,1601973600000,6.15,6.2,6.05,6.2,15300,,11250,weekly,2020-10-8T21:00:00.000,options,put
297,1601973660000,6.2,6.25,6.15,6.15,4575,,11250,weekly,2020-10-8T21:00:00.000,options,put
298,1601973720000,6.25,6.35,6.2,6.3,10950,,11250,weekly,2020-10-8T21:00:00.000,options,put
299,1601973780000,6.25,6.35,6.2,6.3,12975,,11250,weekly,2020-10-8T21:00:00.000,options,put
300,1601973840000,6.3,6.3,6.15,6.2,6900,,11250,weekly,2020-10-8T21:00:00.000,options,put
301,1601973900000,6.2,6.2,6.15,6.2,8625,,11250,weekly,2020-10-8T21:00:00.000,options,put
302,1601973960000,6.15,6.3,5.85,6.05,14925,,11250,weekly,2020-10-8T21:00:00.000,options,put
303,1601974020000,6.05,6.1,5.95,6.0,3900,,11250,weekly,2020-10-8T21:00:00.000,options,put
304,1601974080000,5.95,6.1,5.95,6.05,6075,,11250,weekly,2020-10-8T21:00:00.000,options,put
305,1601974140000,6.05,6.05,5.9,6.05,8100,,11250,weekly,2020-10-8T21:00:00.000,options,put
306,1601974200000,6.05,6.05,5.9,5.9,12225,,11250,weekly,2020-10-8T21:00:00.000,options,put
307,1601974260000,5.85,6.0,5.85,6.0,9750,,11250,weekly,2020-10-8T21:00:00.000,options,put
308,1601974320000,6.0,6.0,5.95,5.95,3375,,11250,weekly,2020-10-8T21:00:00.000,options,put
309,1601974380000,5.95,6.0,5.85,6.0,5850,,11250,weekly,2020-10-8T21:00:00.000,options,put
310,1601974440000,6.0,6.05,5.95,6.0,5850,,11250,weekly,2020-10-8T21:00:00.000,options,put
311,1601974500000,6.0,6.05,5.9,5.95,3900,,11250,weekly,2020-10-8T21:00:00.000,options,put
312,1601974560000,5.95,5.95,5.4,5.55,27375,,11250,weekly,2020-10-8T21:00:00.000,options,put
313,1601974620000,5.55,5.75,5.55,5.75,8925,,11250,weekly,2020-10-8T21:00:00.000,options,put
314,1601974680000,5.75,5.8,5.7,5.7,11700,,11250,weekly,2020-10-8T21:00:00.000,options,put
315,1601974740000,5.7,5.95,5.4,5.85,101100,,11250,weekly,2020-10-8T21:00:00.000,options,put
316,1601974800000,5.8,5.85,5.6,5.65,38475,,11250,weekly,2020-10-8T21:00:00.000,options,put
317,1601974860000,5.6,5.65,5.4,5.55,35175,,11250,weekly,2020-10-8T21:00:00.000,options,put
318,1601974920000,5.55,5.6,5.45,5.6,18225,,11250,weekly,2020-10-8T21:00:00.000,options,put
319,1601974980000,5.55,5.6,5.25,5.25,48675,,11250,weekly,2020-10-8T21:00:00.000,options,put
320,1601975040000,5.2,5.3,5.15,5.2,28500,,11250,weekly,2020-10-8T21:00:00.000,options,put
321,1601975100000,5.15,5.3,5.1,5.15,24225,,11250,weekly,2020-10-8T21:00:00.000,options,put
322,1601975160000,5.2,5.2,5.05,5.1,25725,,11250,weekly,2020-10-8T21:00:00.000,options,put
323,1601975220000,5.1,5.15,5.05,5.15,19800,,11250,weekly,2020-10-8T21:00:00.000,options,put
324,1601975280000,5.15,5.15,4.8,4.9,41175,,11250,weekly,2020-10-8T21:00:00.000,options,put
325,1601975340000,4.9,4.95,4.8,4.85,17250,,11250,weekly,2020-10-8T21:00:00.000,options,put
326,1601975400000,4.85,4.95,4.8,4.95,9075,,11250,weekly,2020-10-8T21:00:00.000,options,put
327,1601975460000,4.95,5.05,4.9,5.0,16425,,11250,weekly,2020-10-8T21:00:00.000,options,put
328,1601975520000,5.0,5.05,4.95,5.05,19725,,11250,weekly,2020-10-8T21:00:00.000,options,put
329,1601975580000,4.95,5.0,4.75,4.95,37800,,11250,weekly,2020-10-8T21:00:00.000,options,put
330,1601975640000,4.95,5.0,4.8,4.8,20925,,11250,weekly,2020-10-8T21:00:00.000,options,put
331,1601975700000,4.8,4.9,4.7,4.8,34500,,11250,weekly,2020-10-8T21:00:00.000,options,put
332,1601975760000,4.75,4.8,4.6,4.7,27150,,11250,weekly,2020-10-8T21:00:00.000,options,put
333,1601975820000,4.7,4.8,4.7,4.7,27750,,11250,weekly,2020-10-8T21:00:00.000,options,put
334,1601975880000,4.7,4.8,4.55,4.6,11250,,11250,weekly,2020-10-8T21:00:00.000,options,put
335,1601975940000,4.6,4.8,4.55,4.7,13050,,11250,weekly,2020-10-8T21:00:00.000,options,put
336,1601976000000,4.65,4.7,4.65,4.65,9975,,11250,weekly,2020-10-8T21:00:00.000,options,put
337,1601976060000,4.65,4.8,4.65,4.65,59925,,11250,weekly,2020-10-8T21:00:00.000,options,put
338,1601976120000,4.7,4.75,4.65,4.75,49500,,11250,weekly,2020-10-8T21:00:00.000,options,put
339,1601976180000,4.7,4.8,4.7,4.7,24225,,11250,weekly,2020-10-8T21:00:00.000,options,put
340,1601976240000,4.75,4.8,4.6,4.65,26550,,11250,weekly,2020-10-8T21:00:00.000,options,put
341,1601976300000,4.65,4.75,4.6,4.7,58275,,11250,weekly,2020-10-8T21:00:00.000,options,put
342,1601976360000,4.7,4.8,4.7,4.75,11925,,11250,weekly,2020-10-8T21:00:00.000,options,put
343,1601976420000,4.7,4.7,4.6,4.6,15450,,11250,weekly,2020-10-8T21:00:00.000,options,put
344,1601976480000,4.65,4.8,4.6,4.8,46050,,11250,weekly,2020-10-8T21:00:00.000,options,put
345,1601976540000,4.8,4.9,4.65,4.65,30900,,11250,weekly,2020-10-8T21:00:00.000,options,put
346,1601976600000,4.7,4.7,4.55,4.6,32550,,11250,weekly,2020-10-8T21:00:00.000,options,put
347,1601976660000,4.6,4.75,4.55,4.75,64950,,11250,weekly,2020-10-8T21:00:00.000,options,put
348,1601976720000,4.75,4.85,4.75,4.8,18225,,11250,weekly,2020-10-8T21:00:00.000,options,put
349,1601976780000,4.8,4.8,4.7,4.75,8700,,11250,weekly,2020-10-8T21:00:00.000,options,put
350,1601976840000,4.8,4.85,4.7,4.8,28950,,11250,weekly,2020-10-8T21:00:00.000,options,put
351,1601976900000,4.75,4.85,4.75,4.8,25875,,11250,weekly,2020-10-8T21:00:00.000,options,put
352,1601976960000,4.8,4.95,4.75,4.95,19500,,11250,weekly,2020-10-8T21:00:00.000,options,put
353,1601977020000,4.95,4.95,4.85,4.9,10725,,11250,weekly,2020-10-8T21:00:00.000,options,put
354,1601977080000,4.85,4.95,4.8,4.9,27000,,11250,weekly,2020-10-8T21:00:00.000,options,put
355,1601977140000,4.9,4.9,4.7,4.75,18000,,11250,weekly,2020-10-8T21:00:00.000,options,put
356,1601977200000,4.75,4.8,4.65,4.8,16125,,11250,weekly,2020-10-8T21:00:00.000,options,put
357,1601977260000,4.8,4.85,4.65,4.7,26100,,11250,weekly,2020-10-8T21:00:00.000,options,put
358,1601977320000,4.7,4.8,4.6,4.7,32400,,11250,weekly,2020-10-8T21:00:00.000,options,put
359,1601977380000,4.7,4.8,4.65,4.7,29925,,11250,weekly,2020-10-8T21:00:00.000,options,put
360,1601977440000,4.75,4.85,4.7,4.85,41250,,11250,weekly,2020-10-8T21:00:00.000,options,put
361,1601977500000,4.85,4.9,4.8,4.85,26175,,11250,weekly,2020-10-8T21:00:00.000,options,put
362,1601977560000,4.8,4.9,4.8,4.85,19350,,11250,weekly,2020-10-8T21:00:00.000,options,put
363,1601977620000,4.85,4.9,4.8,4.9,8925,,11250,weekly,2020-10-8T21:00:00.000,options,put
364,1601977680000,4.85,4.9,4.8,4.8,7950,,11250,weekly,2020-10-8T21:00:00.000,options,put
365,1601977740000,4.8,4.95,4.7,4.85,39150,,11250,weekly,2020-10-8T21:00:00.000,options,put
366,1601977800000,4.85,4.9,4.6,4.7,24600,,11250,weekly,2020-10-8T21:00:00.000,options,put
367,1601977860000,4.7,4.8,4.6,4.75,17700,,11250,weekly,2020-10-8T21:00:00.000,options,put
368,1601977920000,4.75,4.8,4.65,4.75,23475,,11250,weekly,2020-10-8T21:00:00.000,options,put
369,1601977980000,4.7,4.8,4.7,4.7,25425,,11250,weekly,2020-10-8T21:00:00.000,options,put
370,1601978040000,4.7,4.85,4.7,4.75,38700,,11250,weekly,2020-10-8T21:00:00.000,options,put
371,1601978100000,4.8,4.9,4.7,4.8,31950,,11250,weekly,2020-10-8T21:00:00.000,options,put
372,1601978160000,4.8,4.95,4.8,4.95,14550,,11250,weekly,2020-10-8T21:00:00.000,options,put
373,1601978220000,5.0,5.0,4.85,4.9,20025,,11250,weekly,2020-10-8T21:00:00.000,options,put
374,1601978280000,4.9,4.9,4.55,4.6,42825,,11250,weekly,2020-10-8T21:00:00.000,options,put
