,timestamp,open,high,low,close,volume,open_interest,strike,expiry_type,expiry,instrument,contract_type
0,1599642900000,279.85,293.2,279.85,282.05,275,,22100,weekly,2020-9-17T21:00:00.000,options,put
1,1599642960000,282.05,303.15,282.05,302.0,4475,,22100,weekly,2020-9-17T21:00:00.000,options,put
2,1599643020000,300.9,304.1,287.2,287.2,3625,,22100,weekly,2020-9-17T21:00:00.000,options,put
3,1599643080000,287.35,291.35,280.3,287.5,11300,,22100,weekly,2020-9-17T21:00:00.000,options,put
4,1599643140000,287.9,293.4,286.25,287.45,5975,,22100,weekly,2020-9-17T21:00:00.000,options,put
5,1599643200000,287.45,295.0,287.45,295.0,700,,22100,weekly,2020-9-17T21:00:00.000,options,put
6,1599643260000,295.0,295.0,286.6,289.15,325,,22100,weekly,2020-9-17T21:00:00.000,options,put
7,1599643320000,289.15,289.6,287.3,289.6,125,,22100,weekly,2020-9-17T21:00:00.000,options,put
8,1599643380000,289.6,295.95,287.25,295.95,275,,22100,weekly,2020-9-17T21:00:00.000,options,put
9,1599643440000,295.95,295.95,285.1,285.1,450,,22100,weekly,2020-9-17T21:00:00.000,options,put
10,1599643500000,278.0,285.1,278.0,283.1,775,,22100,weekly,2020-9-17T21:00:00.000,options,put
11,1599643560000,283.1,287.1,283.1,285.35,125,,22100,weekly,2020-9-17T21:00:00.000,options,put
12,1599643620000,285.35,287.0,283.8,287.0,525,,22100,weekly,2020-9-17T21:00:00.000,options,put
13,1599643680000,286.1,292.6,286.1,291.4,150,,22100,weekly,2020-9-17T21:00:00.000,options,put
14,1599643740000,291.4,293.15,289.8,293.15,325,,22100,weekly,2020-9-17T21:00:00.000,options,put
15,1599643800000,293.15,302.65,293.15,297.35,275,,22100,weekly,2020-9-17T21:00:00.000,options,put
16,1599643860000,297.35,297.35,296.0,296.0,150,,22100,weekly,2020-9-17T21:00:00.000,options,put
17,1599643920000,296.0,296.0,289.9,289.9,150,,22100,weekly,2020-9-17T21:00:00.000,options,put
18,1599643980000,289.9,292.1,288.45,288.85,150,,22100,weekly,2020-9-17T21:00:00.000,options,put
19,1599644100000,288.85,295.55,288.85,293.25,275,,22100,weekly,2020-9-17T21:00:00.000,options,put
20,1599644160000,293.25,302.55,289.1,300.0,650,,22100,weekly,2020-9-17T21:00:00.000,options,put
21,1599644220000,300.0,304.45,300.0,302.15,500,,22100,weekly,2020-9-17T21:00:00.000,options,put
22,1599644280000,303.95,305.65,302.6,302.6,300,,22100,weekly,2020-9-17T21:00:00.000,options,put
23,1599644340000,302.6,302.6,299.25,300.35,525,,22100,weekly,2020-9-17T21:00:00.000,options,put
24,1599644400000,300.35,300.35,294.15,294.15,150,,22100,weekly,2020-9-17T21:00:00.000,options,put
25,1599644460000,294.15,294.15,289.6,289.6,50,,22100,weekly,2020-9-17T21:00:00.000,options,put
26,1599644520000,289.6,293.65,289.6,291.85,200,,22100,weekly,2020-9-17T21:00:00.000,options,put
27,1599644580000,291.85,295.2,291.85,295.2,175,,22100,weekly,2020-9-17T21:00:00.000,options,put
28,1599644640000,295.2,301.55,295.2,300.5,250,,22100,weekly,2020-9-17T21:00:00.000,options,put
29,1599644700000,300.5,304.55,298.1,304.55,250,,22100,weekly,2020-9-17T21:00:00.000,options,put
30,1599644760000,304.55,304.55,299.85,299.85,275,,22100,weekly,2020-9-17T21:00:00.000,options,put
31,1599644820000,299.85,301.15,295.65,295.65,225,,22100,weekly,2020-9-17T21:00:00.000,options,put
32,1599644880000,295.65,304.25,295.65,304.25,50,,22100,weekly,2020-9-17T21:00:00.000,options,put
33,1599644940000,304.25,318.65,301.9,317.5,1250,,22100,weekly,2020-9-17T21:00:00.000,options,put
34,1599645000000,320.0,329.35,315.3,322.85,1275,,22100,weekly,2020-9-17T21:00:00.000,options,put
35,1599645060000,322.85,329.7,322.85,329.05,925,,22100,weekly,2020-9-17T21:00:00.000,options,put
36,1599645120000,329.05,342.4,329.05,336.45,900,,22100,weekly,2020-9-17T21:00:00.000,options,put
37,1599645180000,336.05,337.6,331.8,337.6,575,,22100,weekly,2020-9-17T21:00:00.000,options,put
38,1599645240000,337.6,337.6,330.45,332.25,150,,22100,weekly,2020-9-17T21:00:00.000,options,put
39,1599645300000,332.25,350.3,332.25,350.3,775,,22100,weekly,2020-9-17T21:00:00.000,options,put
40,1599645360000,349.8,378.75,349.55,367.6,1250,,22100,weekly,2020-9-17T21:00:00.000,options,put
41,1599645420000,367.6,369.85,362.7,363.0,650,,22100,weekly,2020-9-17T21:00:00.000,options,put
42,1599645480000,363.0,368.7,363.0,367.55,400,,22100,weekly,2020-9-17T21:00:00.000,options,put
43,1599645540000,367.55,380.55,367.55,379.7,2625,,22100,weekly,2020-9-17T21:00:00.000,options,put
44,1599645600000,379.7,380.0,367.25,367.25,300,,22100,weekly,2020-9-17T21:00:00.000,options,put
45,1599645660000,364.4,364.4,349.05,349.95,550,,22100,weekly,2020-9-17T21:00:00.000,options,put
46,1599645720000,349.95,355.8,349.95,353.5,475,,22100,weekly,2020-9-17T21:00:00.000,options,put
47,1599645780000,352.15,361.05,352.15,356.3,600,,22100,weekly,2020-9-17T21:00:00.000,options,put
48,1599645840000,356.3,357.0,351.95,351.95,625,,22100,weekly,2020-9-17T21:00:00.000,options,put
49,1599645900000,351.95,357.4,351.95,354.55,675,,22100,weekly,2020-9-17T21:00:00.000,options,put
50,1599645960000,354.55,357.65,354.55,357.65,75,,22100,weekly,2020-9-17T21:00:00.000,options,put
51,1599646020000,357.65,361.25,357.65,359.5,250,,22100,weekly,2020-9-17T21:00:00.000,options,put
52,1599646080000,359.5,363.45,351.2,351.2,275,,22100,weekly,2020-9-17T21:00:00.000,options,put
53,1599646140000,351.2,359.7,351.2,358.95,250,,22100,weekly,2020-9-17T21:00:00.000,options,put
54,1599646200000,358.95,359.1,356.35,356.35,75,,22100,weekly,2020-9-17T21:00:00.000,options,put
55,1599646260000,356.35,356.35,352.9,352.9,75,,22100,weekly,2020-9-17T21:00:00.000,options,put
56,1599646320000,352.9,352.9,347.1,347.1,100,,22100,weekly,2020-9-17T21:00:00.000,options,put
57,1599646380000,347.1,347.1,338.35,339.65,275,,22100,weekly,2020-9-17T21:00:00.000,options,put
58,1599646440000,339.65,344.65,339.65,344.65,150,,22100,weekly,2020-9-17T21:00:00.000,options,put
59,1599646500000,344.65,344.65,339.85,340.25,425,,22100,weekly,2020-9-17T21:00:00.000,options,put
60,1599646560000,340.25,348.95,340.25,348.95,650,,22100,weekly,2020-9-17T21:00:00.000,options,put
61,1599646620000,348.95,351.0,345.1,345.1,275,,22100,weekly,2020-9-17T21:00:00.000,options,put
62,1599646680000,345.1,354.95,345.1,354.95,75,,22100,weekly,2020-9-17T21:00:00.000,options,put
63,1599646740000,355.4,358.1,354.95,356.55,75,,22100,weekly,2020-9-17T21:00:00.000,options,put
64,1599646800000,357.3,366.35,356.55,362.0,1000,,22100,weekly,2020-9-17T21:00:00.000,options,put
65,1599646860000,360.9,363.2,359.0,359.65,225,,22100,weekly,2020-9-17T21:00:00.000,options,put
66,1599646920000,359.65,367.7,359.65,367.0,850,,22100,weekly,2020-9-17T21:00:00.000,options,put
67,1599646980000,367.0,375.25,367.0,372.5,825,,22100,weekly,2020-9-17T21:00:00.000,options,put
68,1599647040000,372.5,393.35,371.75,383.55,1750,,22100,weekly,2020-9-17T21:00:00.000,options,put
69,1599647100000,383.55,391.5,383.15,383.15,150,,22100,weekly,2020-9-17T21:00:00.000,options,put
70,1599647160000,383.15,384.95,379.45,380.0,600,,22100,weekly,2020-9-17T21:00:00.000,options,put
71,1599647220000,380.0,389.4,378.0,378.0,300,,22100,weekly,2020-9-17T21:00:00.000,options,put
72,1599647280000,378.0,382.45,377.3,377.3,2225,,22100,weekly,2020-9-17T21:00:00.000,options,put
73,1599647340000,377.3,380.45,377.3,380.45,250,,22100,weekly,2020-9-17T21:00:00.000,options,put
74,1599647400000,380.45,385.35,379.85,382.9,150,,22100,weekly,2020-9-17T21:00:00.000,options,put
75,1599647460000,382.9,382.9,372.75,373.95,275,,22100,weekly,2020-9-17T21:00:00.000,options,put
76,1599647520000,373.95,373.95,370.0,372.0,225,,22100,weekly,2020-9-17T21:00:00.000,options,put
77,1599647580000,372.0,373.85,370.25,373.85,50,,22100,weekly,2020-9-17T21:00:00.000,options,put
78,1599647640000,373.85,375.5,373.85,375.5,25,,22100,weekly,2020-9-17T21:00:00.000,options,put
79,1599647700000,375.5,375.5,364.85,366.7,100,,22100,weekly,2020-9-17T21:00:00.000,options,put
80,1599647760000,366.7,366.7,355.7,356.4,475,,22100,weekly,2020-9-17T21:00:00.000,options,put
81,1599647820000,356.4,358.85,356.4,358.45,150,,22100,weekly,2020-9-17T21:00:00.000,options,put
82,1599647880000,358.45,361.45,358.45,361.45,50,,22100,weekly,2020-9-17T21:00:00.000,options,put
83,1599647940000,361.45,361.45,354.55,356.2,450,,22100,weekly,2020-9-17T21:00:00.000,options,put
84,1599648000000,356.2,356.2,351.2,353.5,50,,22100,weekly,2020-9-17T21:00:00.000,options,put
85,1599648060000,353.5,356.75,353.5,356.75,25,,22100,weekly,2020-9-17T21:00:00.000,options,put
86,1599648120000,356.75,356.75,350.0,352.5,125,,22100,weekly,2020-9-17T21:00:00.000,options,put
87,1599648180000,352.5,354.45,340.0,340.0,1100,,22100,weekly,2020-9-17T21:00:00.000,options,put
88,1599648240000,340.0,340.05,336.7,340.05,350,,22100,weekly,2020-9-17T21:00:00.000,options,put
89,1599648300000,340.05,340.05,334.15,336.45,400,,22100,weekly,2020-9-17T21:00:00.000,options,put
90,1599648360000,336.45,344.1,336.45,342.55,200,,22100,weekly,2020-9-17T21:00:00.000,options,put
91,1599648420000,342.55,352.65,342.55,352.65,300,,22100,weekly,2020-9-17T21:00:00.000,options,put
92,1599648480000,352.65,353.0,352.65,353.0,25,,22100,weekly,2020-9-17T21:00:00.000,options,put
93,1599648540000,353.0,354.35,351.5,352.65,275,,22100,weekly,2020-9-17T21:00:00.000,options,put
94,1599648600000,352.65,353.15,351.7,351.7,175,,22100,weekly,2020-9-17T21:00:00.000,options,put
95,1599648780000,351.7,357.3,351.7,357.3,50,,22100,weekly,2020-9-17T21:00:00.000,options,put
96,1599648840000,357.3,359.3,355.95,355.95,475,,22100,weekly,2020-9-17T21:00:00.000,options,put
97,1599648900000,355.95,358.05,354.9,357.85,125,,22100,weekly,2020-9-17T21:00:00.000,options,put
98,1599648960000,357.0,357.0,351.7,351.7,125,,22100,weekly,2020-9-17T21:00:00.000,options,put
99,1599649020000,351.7,355.3,351.7,354.85,200,,22100,weekly,2020-9-17T21:00:00.000,options,put
100,1599649080000,354.85,354.85,351.85,351.85,25,,22100,weekly,2020-9-17T21:00:00.000,options,put
101,1599649200000,351.85,351.85,350.0,351.15,150,,22100,weekly,2020-9-17T21:00:00.000,options,put
102,1599649260000,351.15,367.6,351.15,365.0,150,,22100,weekly,2020-9-17T21:00:00.000,options,put
103,1599649320000,365.0,365.55,360.8,360.8,75,,22100,weekly,2020-9-17T21:00:00.000,options,put
104,1599649380000,360.8,365.2,360.8,365.2,175,,22100,weekly,2020-9-17T21:00:00.000,options,put
105,1599649440000,365.2,365.2,362.8,362.95,175,,22100,weekly,2020-9-17T21:00:00.000,options,put
106,1599649500000,362.95,365.85,362.95,365.85,125,,22100,weekly,2020-9-17T21:00:00.000,options,put
107,1599649560000,365.85,365.85,359.8,361.25,75,,22100,weekly,2020-9-17T21:00:00.000,options,put
108,1599649620000,361.25,361.25,358.4,358.4,100,,22100,weekly,2020-9-17T21:00:00.000,options,put
109,1599649680000,358.4,358.4,357.65,357.65,50,,22100,weekly,2020-9-17T21:00:00.000,options,put
110,1599649740000,357.65,361.15,357.65,361.15,25,,22100,weekly,2020-9-17T21:00:00.000,options,put
111,1599649860000,361.15,362.9,361.15,361.95,75,,22100,weekly,2020-9-17T21:00:00.000,options,put
112,1599649920000,361.95,366.0,361.95,363.15,475,,22100,weekly,2020-9-17T21:00:00.000,options,put
113,1599649980000,363.15,364.1,363.15,364.1,25,,22100,weekly,2020-9-17T21:00:00.000,options,put
114,1599650040000,364.1,369.25,363.15,369.25,400,,22100,weekly,2020-9-17T21:00:00.000,options,put
115,1599650100000,369.25,380.15,369.25,377.65,425,,22100,weekly,2020-9-17T21:00:00.000,options,put
116,1599650160000,377.65,377.65,371.0,374.55,275,,22100,weekly,2020-9-17T21:00:00.000,options,put
117,1599650220000,374.55,375.1,369.55,375.1,150,,22100,weekly,2020-9-17T21:00:00.000,options,put
118,1599650280000,375.1,375.1,370.55,370.55,250,,22100,weekly,2020-9-17T21:00:00.000,options,put
119,1599650340000,370.55,370.55,368.65,368.65,25,,22100,weekly,2020-9-17T21:00:00.000,options,put
120,1599650400000,366.0,366.0,366.0,366.0,25,,22100,weekly,2020-9-17T21:00:00.000,options,put
121,1599650460000,366.0,366.0,365.3,365.3,100,,22100,weekly,2020-9-17T21:00:00.000,options,put
122,1599650520000,365.3,367.05,365.3,367.05,125,,22100,weekly,2020-9-17T21:00:00.000,options,put
123,1599650640000,366.35,366.35,361.3,361.3,500,,22100,weekly,2020-9-17T21:00:00.000,options,put
124,1599650700000,361.3,363.0,356.05,356.05,125,,22100,weekly,2020-9-17T21:00:00.000,options,put
125,1599650760000,356.05,362.75,356.05,362.05,100,,22100,weekly,2020-9-17T21:00:00.000,options,put
126,1599650820000,362.05,364.0,362.05,364.0,25,,22100,weekly,2020-9-17T21:00:00.000,options,put
127,1599651000000,364.0,370.9,364.0,369.45,125,,22100,weekly,2020-9-17T21:00:00.000,options,put
128,1599651060000,369.45,373.3,369.45,373.3,150,,22100,weekly,2020-9-17T21:00:00.000,options,put
129,1599651120000,372.7,372.8,372.7,372.8,50,,22100,weekly,2020-9-17T21:00:00.000,options,put
130,1599651180000,372.8,372.8,366.1,368.1,50,,22100,weekly,2020-9-17T21:00:00.000,options,put
131,1599651240000,368.1,368.1,368.0,368.0,25,,22100,weekly,2020-9-17T21:00:00.000,options,put
132,1599651300000,368.0,368.95,365.05,365.05,75,,22100,weekly,2020-9-17T21:00:00.000,options,put
133,1599651360000,365.05,365.05,364.9,364.9,25,,22100,weekly,2020-9-17T21:00:00.000,options,put
134,1599651480000,364.9,366.3,364.9,366.3,150,,22100,weekly,2020-9-17T21:00:00.000,options,put
135,1599651660000,366.3,388.1,366.3,388.1,50,,22100,weekly,2020-9-17T21:00:00.000,options,put
136,1599651720000,388.1,388.1,385.0,386.3,375,,22100,weekly,2020-9-17T21:00:00.000,options,put
137,1599651780000,386.3,395.1,386.3,390.0,675,,22100,weekly,2020-9-17T21:00:00.000,options,put
138,1599651840000,390.0,400.0,389.25,394.75,525,,22100,weekly,2020-9-17T21:00:00.000,options,put
139,1599651900000,394.75,396.4,390.0,390.9,150,,22100,weekly,2020-9-17T21:00:00.000,options,put
140,1599651960000,390.9,390.9,388.1,388.1,25,,22100,weekly,2020-9-17T21:00:00.000,options,put
141,1599652020000,388.1,406.75,388.1,400.15,425,,22100,weekly,2020-9-17T21:00:00.000,options,put
142,1599652080000,400.15,402.5,397.4,397.4,75,,22100,weekly,2020-9-17T21:00:00.000,options,put
143,1599652140000,397.4,406.8,397.4,400.6,950,,22100,weekly,2020-9-17T21:00:00.000,options,put
144,1599652200000,400.6,418.2,400.6,413.35,2375,,22100,weekly,2020-9-17T21:00:00.000,options,put
145,1599652260000,418.35,418.35,409.0,410.2,1625,,22100,weekly,2020-9-17T21:00:00.000,options,put
146,1599652320000,410.2,410.2,403.95,406.0,2475,,22100,weekly,2020-9-17T21:00:00.000,options,put
147,1599652380000,406.0,413.9,402.0,408.95,3800,,22100,weekly,2020-9-17T21:00:00.000,options,put
148,1599652440000,408.0,408.95,404.65,405.0,350,,22100,weekly,2020-9-17T21:00:00.000,options,put
149,1599652500000,405.0,406.45,396.1,396.1,1375,,22100,weekly,2020-9-17T21:00:00.000,options,put
150,1599652560000,395.1,402.55,392.05,393.65,4775,,22100,weekly,2020-9-17T21:00:00.000,options,put
151,1599652620000,393.65,399.2,389.2,399.0,4300,,22100,weekly,2020-9-17T21:00:00.000,options,put
152,1599652680000,399.0,399.0,397.75,397.75,75,,22100,weekly,2020-9-17T21:00:00.000,options,put
153,1599652740000,397.75,406.95,397.75,406.95,125,,22100,weekly,2020-9-17T21:00:00.000,options,put
154,1599652800000,406.95,409.1,404.3,404.3,475,,22100,weekly,2020-9-17T21:00:00.000,options,put
155,1599652860000,404.3,418.3,404.3,413.5,3100,,22100,weekly,2020-9-17T21:00:00.000,options,put
156,1599652920000,413.5,414.95,406.45,414.95,1125,,22100,weekly,2020-9-17T21:00:00.000,options,put
157,1599652980000,414.95,414.95,407.1,407.1,1275,,22100,weekly,2020-9-17T21:00:00.000,options,put
158,1599653040000,407.1,416.0,406.35,412.0,200,,22100,weekly,2020-9-17T21:00:00.000,options,put
159,1599653220000,412.0,415.1,410.7,411.6,275,,22100,weekly,2020-9-17T21:00:00.000,options,put
160,1599653280000,411.6,411.6,409.95,409.95,75,,22100,weekly,2020-9-17T21:00:00.000,options,put
161,1599653340000,409.95,425.05,409.95,419.0,1175,,22100,weekly,2020-9-17T21:00:00.000,options,put
162,1599653400000,419.0,425.35,419.0,425.35,200,,22100,weekly,2020-9-17T21:00:00.000,options,put
163,1599653460000,425.35,430.0,424.7,430.0,350,,22100,weekly,2020-9-17T21:00:00.000,options,put
164,1599653520000,430.0,430.0,424.6,424.6,25,,22100,weekly,2020-9-17T21:00:00.000,options,put
165,1599653580000,424.6,424.6,417.0,417.0,75,,22100,weekly,2020-9-17T21:00:00.000,options,put
166,1599653640000,417.0,426.0,417.0,424.05,50,,22100,weekly,2020-9-17T21:00:00.000,options,put
167,1599653700000,424.05,424.05,410.0,410.0,125,,22100,weekly,2020-9-17T21:00:00.000,options,put
168,1599653760000,407.85,414.6,407.85,410.25,125,,22100,weekly,2020-9-17T21:00:00.000,options,put
169,1599653820000,410.25,410.25,403.4,408.8,425,,22100,weekly,2020-9-17T21:00:00.000,options,put
170,1599653880000,408.8,410.0,403.4,406.3,1225,,22100,weekly,2020-9-17T21:00:00.000,options,put
171,1599653940000,406.3,406.3,405.3,405.3,1625,,22100,weekly,2020-9-17T21:00:00.000,options,put
172,1599654000000,405.3,405.3,398.65,400.0,525,,22100,weekly,2020-9-17T21:00:00.000,options,put
173,1599654060000,400.0,407.75,400.0,405.85,3500,,22100,weekly,2020-9-17T21:00:00.000,options,put
174,1599654120000,405.85,409.3,405.85,409.3,525,,22100,weekly,2020-9-17T21:00:00.000,options,put
175,1599654180000,409.3,409.3,400.3,400.3,375,,22100,weekly,2020-9-17T21:00:00.000,options,put
176,1599654300000,400.3,401.45,400.3,401.45,50,,22100,weekly,2020-9-17T21:00:00.000,options,put
177,1599654360000,401.45,402.6,401.45,402.6,125,,22100,weekly,2020-9-17T21:00:00.000,options,put
178,1599654420000,402.6,408.95,402.6,408.95,100,,22100,weekly,2020-9-17T21:00:00.000,options,put
179,1599654480000,408.95,413.3,408.95,413.3,25,,22100,weekly,2020-9-17T21:00:00.000,options,put
180,1599654540000,413.3,413.3,410.0,410.0,50,,22100,weekly,2020-9-17T21:00:00.000,options,put
181,1599654600000,410.0,410.0,395.25,398.75,325,,22100,weekly,2020-9-17T21:00:00.000,options,put
182,1599654660000,398.75,398.75,390.0,391.15,75,,22100,weekly,2020-9-17T21:00:00.000,options,put
183,1599654720000,391.15,392.3,391.15,392.3,25,,22100,weekly,2020-9-17T21:00:00.000,options,put
184,1599654840000,392.3,399.9,392.3,398.9,50,,22100,weekly,2020-9-17T21:00:00.000,options,put
185,1599654960000,398.9,407.55,398.9,407.55,450,,22100,weekly,2020-9-17T21:00:00.000,options,put
186,1599655020000,407.55,407.55,403.5,404.35,700,,22100,weekly,2020-9-17T21:00:00.000,options,put
187,1599655080000,404.35,405.15,404.35,405.15,50,,22100,weekly,2020-9-17T21:00:00.000,options,put
188,1599655200000,405.15,405.15,401.1,402.0,50,,22100,weekly,2020-9-17T21:00:00.000,options,put
189,1599655260000,402.0,402.0,394.5,396.6,6000,,22100,weekly,2020-9-17T21:00:00.000,options,put
190,1599655320000,396.6,396.6,395.05,395.05,100,,22100,weekly,2020-9-17T21:00:00.000,options,put
191,1599655380000,390.05,395.2,390.05,395.2,150,,22100,weekly,2020-9-17T21:00:00.000,options,put
192,1599655440000,395.2,395.2,395.0,395.0,25,,22100,weekly,2020-9-17T21:00:00.000,options,put
193,1599655500000,395.0,395.0,383.95,383.95,100,,22100,weekly,2020-9-17T21:00:00.000,options,put
194,1599655560000,383.95,388.15,377.35,381.65,875,,22100,weekly,2020-9-17T21:00:00.000,options,put
195,1599655680000,381.65,382.15,381.45,381.45,175,,22100,weekly,2020-9-17T21:00:00.000,options,put
196,1599655740000,381.45,381.45,376.1,380.0,425,,22100,weekly,2020-9-17T21:00:00.000,options,put
197,1599655800000,380.0,380.0,380.0,380.0,100,,22100,weekly,2020-9-17T21:00:00.000,options,put
198,1599655860000,380.0,380.0,377.35,380.0,125,,22100,weekly,2020-9-17T21:00:00.000,options,put
199,1599655980000,380.0,386.75,380.0,386.75,25,,22100,weekly,2020-9-17T21:00:00.000,options,put
200,1599656040000,386.75,386.75,385.0,385.0,175,,22100,weekly,2020-9-17T21:00:00.000,options,put
201,1599656100000,385.0,405.15,385.0,405.15,275,,22100,weekly,2020-9-17T21:00:00.000,options,put
202,1599656220000,405.15,405.15,401.4,405.0,525,,22100,weekly,2020-9-17T21:00:00.000,options,put
203,1599656280000,405.0,412.0,405.0,411.35,150,,22100,weekly,2020-9-17T21:00:00.000,options,put
204,1599656340000,411.35,416.35,411.35,415.25,175,,22100,weekly,2020-9-17T21:00:00.000,options,put
205,1599656400000,415.25,445.05,415.25,431.9,2050,,22100,weekly,2020-9-17T21:00:00.000,options,put
206,1599656460000,431.9,459.95,431.9,440.8,1225,,22100,weekly,2020-9-17T21:00:00.000,options,put
207,1599656520000,440.8,440.8,436.85,438.45,250,,22100,weekly,2020-9-17T21:00:00.000,options,put
208,1599656580000,438.45,439.9,437.3,439.9,225,,22100,weekly,2020-9-17T21:00:00.000,options,put
209,1599656640000,439.9,439.9,427.5,427.65,750,,22100,weekly,2020-9-17T21:00:00.000,options,put
210,1599656700000,427.65,427.65,427.65,427.65,25,,22100,weekly,2020-9-17T21:00:00.000,options,put
211,1599656760000,427.65,431.9,427.65,431.9,125,,22100,weekly,2020-9-17T21:00:00.000,options,put
212,1599656820000,431.9,444.0,431.9,442.7,150,,22100,weekly,2020-9-17T21:00:00.000,options,put
213,1599656880000,442.7,442.7,439.5,441.1,150,,22100,weekly,2020-9-17T21:00:00.000,options,put
214,1599656940000,441.1,441.1,436.4,438.3,125,,22100,weekly,2020-9-17T21:00:00.000,options,put
215,1599657000000,438.3,438.3,425.9,429.1,1025,,22100,weekly,2020-9-17T21:00:00.000,options,put
216,1599657060000,429.1,431.15,419.8,419.8,200,,22100,weekly,2020-9-17T21:00:00.000,options,put
217,1599657120000,419.8,420.35,407.2,412.0,550,,22100,weekly,2020-9-17T21:00:00.000,options,put
218,1599657180000,412.0,415.0,410.1,414.25,525,,22100,weekly,2020-9-17T21:00:00.000,options,put
219,1599657240000,414.25,414.25,410.2,410.2,25,,22100,weekly,2020-9-17T21:00:00.000,options,put
220,1599657300000,410.2,410.2,403.8,406.7,100,,22100,weekly,2020-9-17T21:00:00.000,options,put
221,1599657360000,406.7,413.9,406.7,410.45,575,,22100,weekly,2020-9-17T21:00:00.000,options,put
222,1599657420000,410.45,410.45,404.9,404.9,75,,22100,weekly,2020-9-17T21:00:00.000,options,put
223,1599657480000,404.9,406.85,404.9,406.85,25,,22100,weekly,2020-9-17T21:00:00.000,options,put
224,1599657600000,406.85,406.85,393.35,393.35,150,,22100,weekly,2020-9-17T21:00:00.000,options,put
225,1599657660000,393.35,395.45,389.75,389.75,550,,22100,weekly,2020-9-17T21:00:00.000,options,put
226,1599657720000,389.75,389.75,389.15,389.15,75,,22100,weekly,2020-9-17T21:00:00.000,options,put
227,1599657780000,389.15,393.75,389.15,391.35,75,,22100,weekly,2020-9-17T21:00:00.000,options,put
228,1599657840000,391.35,396.35,391.35,394.0,250,,22100,weekly,2020-9-17T21:00:00.000,options,put
229,1599657900000,394.0,394.0,388.25,388.25,25,,22100,weekly,2020-9-17T21:00:00.000,options,put
230,1599657960000,388.25,396.95,388.25,396.95,50,,22100,weekly,2020-9-17T21:00:00.000,options,put
231,1599658020000,396.95,397.0,396.95,397.0,25,,22100,weekly,2020-9-17T21:00:00.000,options,put
232,1599658080000,397.0,400.0,396.15,400.0,75,,22100,weekly,2020-9-17T21:00:00.000,options,put
233,1599658140000,400.0,413.35,400.0,411.8,175,,22100,weekly,2020-9-17T21:00:00.000,options,put
234,1599658200000,411.8,413.35,406.95,406.95,250,,22100,weekly,2020-9-17T21:00:00.000,options,put
235,1599658260000,406.95,406.95,400.0,400.0,225,,22100,weekly,2020-9-17T21:00:00.000,options,put
236,1599658320000,400.0,400.0,396.35,396.35,100,,22100,weekly,2020-9-17T21:00:00.000,options,put
237,1599658380000,396.35,396.35,387.9,388.0,425,,22100,weekly,2020-9-17T21:00:00.000,options,put
238,1599658440000,388.0,394.4,388.0,394.4,525,,22100,weekly,2020-9-17T21:00:00.000,options,put
239,1599658500000,394.4,394.4,376.6,379.95,825,,22100,weekly,2020-9-17T21:00:00.000,options,put
240,1599658560000,379.95,386.55,379.95,386.55,25,,22100,weekly,2020-9-17T21:00:00.000,options,put
241,1599658620000,386.55,389.45,381.0,382.05,250,,22100,weekly,2020-9-17T21:00:00.000,options,put
242,1599658680000,382.05,382.05,378.6,378.6,400,,22100,weekly,2020-9-17T21:00:00.000,options,put
243,1599658740000,378.6,384.15,378.6,384.15,25,,22100,weekly,2020-9-17T21:00:00.000,options,put
244,1599658800000,384.15,384.15,370.55,371.4,575,,22100,weekly,2020-9-17T21:00:00.000,options,put
245,1599658860000,371.4,377.0,371.4,377.0,25,,22100,weekly,2020-9-17T21:00:00.000,options,put
246,1599658920000,377.0,387.15,377.0,387.15,75,,22100,weekly,2020-9-17T21:00:00.000,options,put
247,1599658980000,387.15,392.0,386.0,387.95,350,,22100,weekly,2020-9-17T21:00:00.000,options,put
248,1599659040000,387.95,387.95,386.7,386.7,25,,22100,weekly,2020-9-17T21:00:00.000,options,put
249,1599659100000,398.3,398.3,386.7,397.25,125,,22100,weekly,2020-9-17T21:00:00.000,options,put
250,1599659160000,399.0,405.05,397.25,399.2,575,,22100,weekly,2020-9-17T21:00:00.000,options,put
251,1599659220000,399.2,399.2,396.0,396.35,175,,22100,weekly,2020-9-17T21:00:00.000,options,put
252,1599659280000,396.35,399.2,396.25,396.25,100,,22100,weekly,2020-9-17T21:00:00.000,options,put
253,1599659340000,396.25,396.25,393.85,393.85,25,,22100,weekly,2020-9-17T21:00:00.000,options,put
254,1599659400000,393.85,393.85,383.55,383.85,325,,22100,weekly,2020-9-17T21:00:00.000,options,put
255,1599659460000,383.85,383.85,382.1,382.1,50,,22100,weekly,2020-9-17T21:00:00.000,options,put
256,1599659520000,382.1,382.1,377.45,377.45,175,,22100,weekly,2020-9-17T21:00:00.000,options,put
257,1599659580000,377.45,377.45,370.05,370.05,100,,22100,weekly,2020-9-17T21:00:00.000,options,put
258,1599659640000,370.05,377.85,370.05,377.85,75,,22100,weekly,2020-9-17T21:00:00.000,options,put
259,1599659700000,377.85,379.65,375.4,377.8,275,,22100,weekly,2020-9-17T21:00:00.000,options,put
260,1599659820000,377.8,391.6,377.8,391.6,950,,22100,weekly,2020-9-17T21:00:00.000,options,put
261,1599659880000,391.6,397.15,391.6,392.85,550,,22100,weekly,2020-9-17T21:00:00.000,options,put
262,1599659940000,392.85,392.85,390.0,390.55,125,,22100,weekly,2020-9-17T21:00:00.000,options,put
263,1599660000000,390.55,390.55,378.65,380.0,175,,22100,weekly,2020-9-17T21:00:00.000,options,put
264,1599660060000,380.0,387.3,380.0,387.3,75,,22100,weekly,2020-9-17T21:00:00.000,options,put
265,1599660120000,387.3,395.15,387.3,394.9,100,,22100,weekly,2020-9-17T21:00:00.000,options,put
266,1599660180000,394.9,396.4,394.9,396.2,150,,22100,weekly,2020-9-17T21:00:00.000,options,put
267,1599660240000,396.2,399.75,393.8,398.5,1000,,22100,weekly,2020-9-17T21:00:00.000,options,put
268,1599660300000,398.5,398.5,393.2,393.2,475,,22100,weekly,2020-9-17T21:00:00.000,options,put
269,1599660360000,393.2,396.3,392.9,394.05,300,,22100,weekly,2020-9-17T21:00:00.000,options,put
270,1599660420000,394.05,397.05,386.9,390.95,275,,22100,weekly,2020-9-17T21:00:00.000,options,put
271,1599660480000,390.95,392.7,389.3,391.45,100,,22100,weekly,2020-9-17T21:00:00.000,options,put
272,1599660540000,391.45,409.95,391.45,406.45,400,,22100,weekly,2020-9-17T21:00:00.000,options,put
273,1599660600000,406.45,436.95,404.45,424.35,1775,,22100,weekly,2020-9-17T21:00:00.000,options,put
274,1599660660000,424.35,429.75,422.85,429.75,325,,22100,weekly,2020-9-17T21:00:00.000,options,put
275,1599660720000,429.75,445.45,429.75,441.8,800,,22100,weekly,2020-9-17T21:00:00.000,options,put
276,1599660780000,442.25,444.35,430.0,430.0,1975,,22100,weekly,2020-9-17T21:00:00.000,options,put
277,1599660840000,430.0,433.6,425.5,433.6,375,,22100,weekly,2020-9-17T21:00:00.000,options,put
278,1599660900000,433.6,444.3,433.6,444.3,2075,,22100,weekly,2020-9-17T21:00:00.000,options,put
279,1599660960000,444.3,451.6,442.25,447.3,900,,22100,weekly,2020-9-17T21:00:00.000,options,put
280,1599661020000,447.3,464.4,444.7,444.7,1100,,22100,weekly,2020-9-17T21:00:00.000,options,put
281,1599661080000,444.7,448.0,437.8,438.9,700,,22100,weekly,2020-9-17T21:00:00.000,options,put
282,1599661140000,438.9,439.75,432.2,433.9,325,,22100,weekly,2020-9-17T21:00:00.000,options,put
283,1599661200000,433.9,433.9,430.0,430.0,300,,22100,weekly,2020-9-17T21:00:00.000,options,put
284,1599661260000,430.0,433.0,416.0,418.8,3550,,22100,weekly,2020-9-17T21:00:00.000,options,put
285,1599661320000,418.8,418.8,406.0,406.0,350,,22100,weekly,2020-9-17T21:00:00.000,options,put
286,1599661380000,406.0,411.0,403.4,411.0,4525,,22100,weekly,2020-9-17T21:00:00.000,options,put
287,1599661440000,413.45,415.0,413.45,415.0,1000,,22100,weekly,2020-9-17T21:00:00.000,options,put
288,1599661560000,415.0,415.0,413.95,413.95,50,,22100,weekly,2020-9-17T21:00:00.000,options,put
289,1599661620000,413.95,413.95,405.25,405.25,300,,22100,weekly,2020-9-17T21:00:00.000,options,put
290,1599661680000,405.25,410.25,405.25,410.25,25,,22100,weekly,2020-9-17T21:00:00.000,options,put
291,1599661740000,410.25,429.55,410.25,429.05,275,,22100,weekly,2020-9-17T21:00:00.000,options,put
292,1599661800000,429.05,429.05,429.05,429.05,325,,22100,weekly,2020-9-17T21:00:00.000,options,put
293,1599661860000,429.05,436.8,417.75,417.75,1175,,22100,weekly,2020-9-17T21:00:00.000,options,put
294,1599661920000,417.75,419.1,402.3,402.3,1675,,22100,weekly,2020-9-17T21:00:00.000,options,put
295,1599661980000,402.3,403.3,401.55,401.55,150,,22100,weekly,2020-9-17T21:00:00.000,options,put
296,1599662040000,401.55,407.0,396.9,398.95,425,,22100,weekly,2020-9-17T21:00:00.000,options,put
297,1599662100000,398.95,408.4,398.95,401.7,500,,22100,weekly,2020-9-17T21:00:00.000,options,put
298,1599662160000,401.7,406.25,400.0,401.65,550,,22100,weekly,2020-9-17T21:00:00.000,options,put
299,1599662220000,401.65,405.0,401.65,405.0,75,,22100,weekly,2020-9-17T21:00:00.000,options,put
300,1599662280000,405.0,405.5,405.0,405.3,125,,22100,weekly,2020-9-17T21:00:00.000,options,put
301,1599662340000,405.3,407.9,401.8,407.9,125,,22100,weekly,2020-9-17T21:00:00.000,options,put
302,1599662400000,407.9,422.2,406.85,417.95,250,,22100,weekly,2020-9-17T21:00:00.000,options,put
303,1599662460000,417.95,417.95,407.8,410.35,125,,22100,weekly,2020-9-17T21:00:00.000,options,put
304,1599662520000,410.35,410.35,400.25,402.0,1725,,22100,weekly,2020-9-17T21:00:00.000,options,put
305,1599662580000,402.0,402.0,399.75,399.75,425,,22100,weekly,2020-9-17T21:00:00.000,options,put
306,1599662640000,399.75,399.75,393.25,395.0,475,,22100,weekly,2020-9-17T21:00:00.000,options,put
307,1599662700000,395.0,395.5,395.0,395.5,50,,22100,weekly,2020-9-17T21:00:00.000,options,put
308,1599662760000,395.5,408.55,395.5,405.0,100,,22100,weekly,2020-9-17T21:00:00.000,options,put
309,1599662820000,405.0,407.2,405.0,407.2,50,,22100,weekly,2020-9-17T21:00:00.000,options,put
310,1599662880000,407.2,407.2,401.3,401.3,75,,22100,weekly,2020-9-17T21:00:00.000,options,put
311,1599662940000,401.3,403.3,401.3,403.3,25,,22100,weekly,2020-9-17T21:00:00.000,options,put
312,1599663000000,403.3,417.1,403.3,415.65,200,,22100,weekly,2020-9-17T21:00:00.000,options,put
313,1599663060000,412.2,415.65,404.0,407.3,100,,22100,weekly,2020-9-17T21:00:00.000,options,put
314,1599663120000,407.3,407.4,407.3,407.4,50,,22100,weekly,2020-9-17T21:00:00.000,options,put
315,1599663180000,407.4,407.4,398.55,400.0,125,,22100,weekly,2020-9-17T21:00:00.000,options,put
316,1599663240000,400.0,406.5,400.0,406.5,50,,22100,weekly,2020-9-17T21:00:00.000,options,put
317,1599663300000,404.2,410.15,404.2,410.15,250,,22100,weekly,2020-9-17T21:00:00.000,options,put
318,1599663360000,410.15,412.0,406.8,410.2,350,,22100,weekly,2020-9-17T21:00:00.000,options,put
319,1599663420000,410.2,410.2,404.85,410.2,150,,22100,weekly,2020-9-17T21:00:00.000,options,put
320,1599663480000,410.2,410.95,404.6,404.6,6475,,22100,weekly,2020-9-17T21:00:00.000,options,put
321,1599663540000,404.6,408.35,401.5,406.4,3950,,22100,weekly,2020-9-17T21:00:00.000,options,put
322,1599663600000,406.4,406.4,390.0,396.15,225,,22100,weekly,2020-9-17T21:00:00.000,options,put
323,1599663660000,396.15,399.05,395.25,398.85,275,,22100,weekly,2020-9-17T21:00:00.000,options,put
324,1599663720000,398.85,402.55,391.6,402.55,75,,22100,weekly,2020-9-17T21:00:00.000,options,put
325,1599663780000,402.55,420.0,401.2,417.65,600,,22100,weekly,2020-9-17T21:00:00.000,options,put
326,1599663840000,417.65,418.15,411.4,414.8,175,,22100,weekly,2020-9-17T21:00:00.000,options,put
327,1599663900000,414.8,414.8,414.55,414.55,25,,22100,weekly,2020-9-17T21:00:00.000,options,put
328,1599663960000,414.55,414.55,400.25,400.25,350,,22100,weekly,2020-9-17T21:00:00.000,options,put
329,1599664020000,400.25,401.0,395.0,395.7,175,,22100,weekly,2020-9-17T21:00:00.000,options,put
330,1599664080000,395.7,395.7,380.0,385.15,1200,,22100,weekly,2020-9-17T21:00:00.000,options,put
331,1599664140000,381.9,385.15,362.0,374.25,750,,22100,weekly,2020-9-17T21:00:00.000,options,put
332,1599664200000,374.25,374.25,355.35,356.9,800,,22100,weekly,2020-9-17T21:00:00.000,options,put
333,1599664260000,356.9,364.65,354.75,354.75,300,,22100,weekly,2020-9-17T21:00:00.000,options,put
334,1599664320000,354.75,355.15,350.3,351.0,175,,22100,weekly,2020-9-17T21:00:00.000,options,put
335,1599664380000,351.0,359.05,351.0,359.05,175,,22100,weekly,2020-9-17T21:00:00.000,options,put
336,1599664440000,359.05,360.5,350.75,350.75,650,,22100,weekly,2020-9-17T21:00:00.000,options,put
337,1599664500000,350.75,350.75,338.3,338.3,525,,22100,weekly,2020-9-17T21:00:00.000,options,put
338,1599664560000,338.3,343.05,333.9,333.9,400,,22100,weekly,2020-9-17T21:00:00.000,options,put
339,1599664620000,333.9,340.35,333.9,340.1,350,,22100,weekly,2020-9-17T21:00:00.000,options,put
340,1599664680000,340.1,340.1,333.25,333.25,100,,22100,weekly,2020-9-17T21:00:00.000,options,put
341,1599664740000,333.25,337.35,333.25,337.35,175,,22100,weekly,2020-9-17T21:00:00.000,options,put
342,1599664800000,333.45,343.9,333.45,343.9,700,,22100,weekly,2020-9-17T21:00:00.000,options,put
343,1599664860000,343.9,343.9,338.85,339.7,125,,22100,weekly,2020-9-17T21:00:00.000,options,put
344,1599664920000,339.7,339.7,339.05,339.05,25,,22100,weekly,2020-9-17T21:00:00.000,options,put
345,1599664980000,339.05,339.05,338.85,339.0,50,,22100,weekly,2020-9-17T21:00:00.000,options,put
346,1599665040000,339.0,350.0,338.0,349.8,575,,22100,weekly,2020-9-17T21:00:00.000,options,put
347,1599665100000,349.8,357.65,349.8,357.65,175,,22100,weekly,2020-9-17T21:00:00.000,options,put
348,1599665160000,357.65,357.65,354.7,354.7,100,,22100,weekly,2020-9-17T21:00:00.000,options,put
349,1599665220000,354.7,354.7,349.7,349.7,300,,22100,weekly,2020-9-17T21:00:00.000,options,put
350,1599665280000,351.35,351.35,343.95,347.95,775,,22100,weekly,2020-9-17T21:00:00.000,options,put
351,1599665340000,347.95,349.3,333.65,333.65,250,,22100,weekly,2020-9-17T21:00:00.000,options,put
