,timestamp,open,high,low,close,volume,open_interest,strike,expiry_type,expiry,instrument,contract_type
0,1652692500000,181.2,202.15,172.5,187.35,244700,307500,15850,weekly,2022-5-19T21:00:00.000,options,put
1,1652692560000,187.35,204.9,187.35,194.25,231000,307500,15850,weekly,2022-5-19T21:00:00.000,options,put
2,1652692620000,195.1,209.0,189.55,209.0,147200,455650,15850,weekly,2022-5-19T21:00:00.000,options,put
3,1652692680000,207.45,224.75,203.95,224.75,130250,455650,15850,weekly,2022-5-19T21:00:00.000,options,put
4,1652692740000,225.3,231.1,206.45,206.5,119350,455650,15850,weekly,2022-5-19T21:00:00.000,options,put
5,1652692800000,204.8,204.8,175.8,175.8,96150,457200,15850,weekly,2022-5-19T21:00:00.000,options,put
6,1652692860000,176.4,176.4,152.15,162.85,154600,457200,15850,weekly,2022-5-19T21:00:00.000,options,put
7,1652692920000,162.05,165.1,158.0,161.25,127000,457200,15850,weekly,2022-5-19T21:00:00.000,options,put
8,1652692980000,162.55,164.3,158.85,159.8,122650,544300,15850,weekly,2022-5-19T21:00:00.000,options,put
9,1652693040000,159.0,162.7,155.9,157.4,106950,544300,15850,weekly,2022-5-19T21:00:00.000,options,put
10,1652693100000,156.35,161.75,150.45,161.1,179000,544300,15850,weekly,2022-5-19T21:00:00.000,options,put
11,1652693160000,160.8,161.2,150.0,150.0,127400,642850,15850,weekly,2022-5-19T21:00:00.000,options,put
12,1652693220000,149.6,150.1,143.45,146.5,111650,642850,15850,weekly,2022-5-19T21:00:00.000,options,put
13,1652693280000,145.85,151.1,145.6,150.0,116450,642850,15850,weekly,2022-5-19T21:00:00.000,options,put
14,1652693340000,150.25,153.2,146.05,150.55,107350,733800,15850,weekly,2022-5-19T21:00:00.000,options,put
15,1652693400000,149.0,149.4,143.15,143.25,122200,733800,15850,weekly,2022-5-19T21:00:00.000,options,put
16,1652693460000,141.95,144.6,137.65,144.15,126100,733800,15850,weekly,2022-5-19T21:00:00.000,options,put
17,1652693520000,142.6,145.0,138.2,145.0,95200,770100,15850,weekly,2022-5-19T21:00:00.000,options,put
18,1652693580000,144.15,148.0,141.55,141.9,78500,770100,15850,weekly,2022-5-19T21:00:00.000,options,put
19,1652693640000,141.45,143.4,138.0,138.0,63500,770100,15850,weekly,2022-5-19T21:00:00.000,options,put
20,1652693700000,137.7,137.9,132.35,133.5,146750,807800,15850,weekly,2022-5-19T21:00:00.000,options,put
21,1652693760000,132.9,137.6,129.5,136.6,130700,807800,15850,weekly,2022-5-19T21:00:00.000,options,put
22,1652693820000,136.45,136.8,127.5,131.95,77250,807800,15850,weekly,2022-5-19T21:00:00.000,options,put
23,1652693880000,131.95,133.2,128.6,131.0,74450,862600,15850,weekly,2022-5-19T21:00:00.000,options,put
24,1652693940000,129.0,132.45,124.65,126.7,66250,862600,15850,weekly,2022-5-19T21:00:00.000,options,put
25,1652694000000,126.1,128.25,123.0,126.25,107550,862600,15850,weekly,2022-5-19T21:00:00.000,options,put
26,1652694060000,126.0,129.25,123.3,123.3,66950,897500,15850,weekly,2022-5-19T21:00:00.000,options,put
27,1652694120000,123.0,129.35,121.45,129.35,69250,897500,15850,weekly,2022-5-19T21:00:00.000,options,put
28,1652694180000,129.45,132.6,127.75,130.05,66050,897500,15850,weekly,2022-5-19T21:00:00.000,options,put
29,1652694240000,130.4,131.4,125.25,130.85,60750,912550,15850,weekly,2022-5-19T21:00:00.000,options,put
30,1652694300000,130.0,134.75,127.15,133.6,107750,912550,15850,weekly,2022-5-19T21:00:00.000,options,put
31,1652694360000,133.3,135.5,130.25,130.25,82100,912550,15850,weekly,2022-5-19T21:00:00.000,options,put
32,1652694420000,130.75,131.8,124.5,125.5,63000,893700,15850,weekly,2022-5-19T21:00:00.000,options,put
33,1652694480000,125.55,126.6,118.6,118.85,102650,893700,15850,weekly,2022-5-19T21:00:00.000,options,put
34,1652694540000,118.05,118.7,112.7,113.45,145600,893700,15850,weekly,2022-5-19T21:00:00.000,options,put
35,1652694600000,113.55,116.2,111.0,114.05,86400,886100,15850,weekly,2022-5-19T21:00:00.000,options,put
36,1652694660000,113.8,117.7,113.05,116.25,36300,886100,15850,weekly,2022-5-19T21:00:00.000,options,put
37,1652694720000,116.55,116.7,113.2,116.25,29650,886100,15850,weekly,2022-5-19T21:00:00.000,options,put
38,1652694780000,117.0,119.8,116.0,119.05,53000,892350,15850,weekly,2022-5-19T21:00:00.000,options,put
39,1652694840000,119.45,119.55,114.15,114.15,45150,892350,15850,weekly,2022-5-19T21:00:00.000,options,put
40,1652694900000,113.9,114.05,110.15,113.0,86150,892350,15850,weekly,2022-5-19T21:00:00.000,options,put
41,1652694960000,113.2,120.3,112.5,120.0,61100,878350,15850,weekly,2022-5-19T21:00:00.000,options,put
42,1652695020000,120.15,124.2,116.7,121.6,96450,878350,15850,weekly,2022-5-19T21:00:00.000,options,put
43,1652695080000,120.7,125.9,120.7,122.55,47800,878350,15850,weekly,2022-5-19T21:00:00.000,options,put
44,1652695140000,122.7,125.65,120.1,124.35,42100,887100,15850,weekly,2022-5-19T21:00:00.000,options,put
45,1652695200000,124.3,127.35,121.3,126.8,51700,887100,15850,weekly,2022-5-19T21:00:00.000,options,put
46,1652695260000,127.95,128.0,119.75,125.2,68850,887100,15850,weekly,2022-5-19T21:00:00.000,options,put
47,1652695320000,124.95,125.05,121.0,124.35,22500,902450,15850,weekly,2022-5-19T21:00:00.000,options,put
48,1652695380000,122.9,127.9,119.55,127.9,48150,902450,15850,weekly,2022-5-19T21:00:00.000,options,put
49,1652695440000,127.85,130.7,126.05,129.25,67150,902450,15850,weekly,2022-5-19T21:00:00.000,options,put
50,1652695500000,128.65,128.9,120.1,120.1,48000,894250,15850,weekly,2022-5-19T21:00:00.000,options,put
51,1652695560000,119.75,121.85,116.6,120.45,69700,894250,15850,weekly,2022-5-19T21:00:00.000,options,put
52,1652695620000,120.55,123.0,118.4,121.05,34850,894250,15850,weekly,2022-5-19T21:00:00.000,options,put
53,1652695680000,121.0,123.5,121.0,122.0,23150,893400,15850,weekly,2022-5-19T21:00:00.000,options,put
54,1652695740000,123.7,125.75,122.6,122.65,28800,893400,15850,weekly,2022-5-19T21:00:00.000,options,put
55,1652695800000,122.65,122.65,119.1,120.5,32050,893400,15850,weekly,2022-5-19T21:00:00.000,options,put
56,1652695860000,119.9,121.5,118.85,119.2,32350,893400,15850,weekly,2022-5-19T21:00:00.000,options,put
57,1652695920000,119.45,122.6,116.9,117.1,39150,893400,15850,weekly,2022-5-19T21:00:00.000,options,put
58,1652695980000,116.8,122.95,116.5,122.0,38450,893400,15850,weekly,2022-5-19T21:00:00.000,options,put
59,1652696040000,122.4,126.3,121.3,125.3,46050,904250,15850,weekly,2022-5-19T21:00:00.000,options,put
60,1652696100000,125.0,127.8,122.05,127.75,51400,904250,15850,weekly,2022-5-19T21:00:00.000,options,put
61,1652696160000,127.9,130.0,125.75,129.1,50750,904250,15850,weekly,2022-5-19T21:00:00.000,options,put
62,1652696220000,128.95,132.25,127.05,131.15,66700,916000,15850,weekly,2022-5-19T21:00:00.000,options,put
63,1652696280000,131.15,134.65,131.15,133.45,96150,916000,15850,weekly,2022-5-19T21:00:00.000,options,put
64,1652696340000,133.75,134.7,131.35,131.6,66450,916000,15850,weekly,2022-5-19T21:00:00.000,options,put
65,1652696400000,131.0,131.25,124.65,124.65,92800,946400,15850,weekly,2022-5-19T21:00:00.000,options,put
66,1652696460000,124.9,129.5,124.2,127.45,49600,946400,15850,weekly,2022-5-19T21:00:00.000,options,put
67,1652696520000,127.25,131.1,126.1,131.1,28300,946400,15850,weekly,2022-5-19T21:00:00.000,options,put
68,1652696580000,131.15,138.15,130.15,138.15,91500,963700,15850,weekly,2022-5-19T21:00:00.000,options,put
69,1652696640000,137.4,137.4,131.1,133.95,64150,963700,15850,weekly,2022-5-19T21:00:00.000,options,put
70,1652696700000,134.0,134.2,127.4,130.3,44000,963700,15850,weekly,2022-5-19T21:00:00.000,options,put
71,1652696760000,130.15,132.65,126.45,132.65,42950,970700,15850,weekly,2022-5-19T21:00:00.000,options,put
72,1652696820000,132.7,134.25,130.35,133.85,50100,970700,15850,weekly,2022-5-19T21:00:00.000,options,put
73,1652696880000,133.85,134.1,129.45,129.45,31650,970700,15850,weekly,2022-5-19T21:00:00.000,options,put
74,1652696940000,129.35,132.5,127.25,131.8,30650,976000,15850,weekly,2022-5-19T21:00:00.000,options,put
75,1652697000000,131.8,134.4,130.55,131.0,35450,976000,15850,weekly,2022-5-19T21:00:00.000,options,put
76,1652697060000,130.8,134.0,127.5,133.15,53050,976000,15850,weekly,2022-5-19T21:00:00.000,options,put
77,1652697120000,132.95,133.3,129.75,133.25,34100,981550,15850,weekly,2022-5-19T21:00:00.000,options,put
78,1652697180000,132.8,133.65,130.15,131.1,23700,981550,15850,weekly,2022-5-19T21:00:00.000,options,put
79,1652697240000,132.15,132.5,127.2,130.05,32450,981550,15850,weekly,2022-5-19T21:00:00.000,options,put
80,1652697300000,129.65,133.2,128.6,133.2,40600,977050,15850,weekly,2022-5-19T21:00:00.000,options,put
81,1652697360000,133.35,134.65,131.65,133.1,49700,977050,15850,weekly,2022-5-19T21:00:00.000,options,put
82,1652697420000,132.9,134.0,129.15,131.75,34250,977050,15850,weekly,2022-5-19T21:00:00.000,options,put
83,1652697480000,131.75,131.75,123.45,124.85,54900,983100,15850,weekly,2022-5-19T21:00:00.000,options,put
84,1652697540000,124.8,126.2,121.6,123.65,55350,983100,15850,weekly,2022-5-19T21:00:00.000,options,put
85,1652697600000,122.1,122.1,117.85,119.3,80850,983100,15850,weekly,2022-5-19T21:00:00.000,options,put
86,1652697660000,118.6,120.95,114.6,115.85,70550,959750,15850,weekly,2022-5-19T21:00:00.000,options,put
87,1652697720000,115.75,121.65,115.4,121.15,43100,959750,15850,weekly,2022-5-19T21:00:00.000,options,put
88,1652697780000,121.15,121.45,119.25,121.2,27050,959750,15850,weekly,2022-5-19T21:00:00.000,options,put
89,1652697840000,121.55,129.15,120.9,126.2,55300,958550,15850,weekly,2022-5-19T21:00:00.000,options,put
90,1652697900000,125.7,130.0,123.1,128.75,49450,958550,15850,weekly,2022-5-19T21:00:00.000,options,put
91,1652697960000,129.65,131.7,127.7,128.4,50400,958550,15850,weekly,2022-5-19T21:00:00.000,options,put
92,1652698020000,128.15,130.95,126.3,126.9,45700,974300,15850,weekly,2022-5-19T21:00:00.000,options,put
93,1652698080000,127.1,129.8,126.0,129.05,21950,974300,15850,weekly,2022-5-19T21:00:00.000,options,put
94,1652698140000,128.8,130.3,128.55,129.0,21200,974300,15850,weekly,2022-5-19T21:00:00.000,options,put
95,1652698200000,128.3,128.75,124.65,128.1,24250,979200,15850,weekly,2022-5-19T21:00:00.000,options,put
96,1652698260000,128.3,130.5,128.3,130.5,24800,979200,15850,weekly,2022-5-19T21:00:00.000,options,put
97,1652698320000,130.55,131.05,128.35,130.15,32450,979200,15850,weekly,2022-5-19T21:00:00.000,options,put
98,1652698380000,130.4,132.3,129.55,132.3,25650,983250,15850,weekly,2022-5-19T21:00:00.000,options,put
99,1652698440000,132.2,138.2,132.2,138.2,87200,983250,15850,weekly,2022-5-19T21:00:00.000,options,put
100,1652698500000,137.6,138.8,136.2,138.2,158200,983250,15850,weekly,2022-5-19T21:00:00.000,options,put
101,1652698560000,138.8,144.5,138.35,142.15,164400,932650,15850,weekly,2022-5-19T21:00:00.000,options,put
102,1652698620000,142.0,146.7,138.3,138.85,155850,932650,15850,weekly,2022-5-19T21:00:00.000,options,put
103,1652698680000,138.45,139.2,134.05,137.35,82750,932650,15850,weekly,2022-5-19T21:00:00.000,options,put
104,1652698740000,136.8,137.0,132.65,136.6,43750,928900,15850,weekly,2022-5-19T21:00:00.000,options,put
105,1652698800000,136.45,138.4,135.05,135.9,45150,928900,15850,weekly,2022-5-19T21:00:00.000,options,put
106,1652698860000,136.25,136.35,128.6,132.8,64950,928900,15850,weekly,2022-5-19T21:00:00.000,options,put
107,1652698920000,133.0,135.1,131.6,134.0,39400,935500,15850,weekly,2022-5-19T21:00:00.000,options,put
108,1652698980000,134.0,134.8,130.4,130.4,22400,935500,15850,weekly,2022-5-19T21:00:00.000,options,put
109,1652699040000,129.8,132.95,128.2,130.3,29050,935500,15850,weekly,2022-5-19T21:00:00.000,options,put
110,1652699100000,130.3,131.65,128.75,130.75,29200,942250,15850,weekly,2022-5-19T21:00:00.000,options,put
111,1652699160000,130.5,131.55,125.4,128.85,62500,942250,15850,weekly,2022-5-19T21:00:00.000,options,put
112,1652699220000,128.45,129.75,127.65,128.3,19900,942250,15850,weekly,2022-5-19T21:00:00.000,options,put
113,1652699280000,128.8,128.8,122.85,123.4,62750,927050,15850,weekly,2022-5-19T21:00:00.000,options,put
114,1652699340000,122.9,124.2,118.9,123.65,68350,927050,15850,weekly,2022-5-19T21:00:00.000,options,put
115,1652699400000,123.7,123.85,120.25,122.7,34050,927050,15850,weekly,2022-5-19T21:00:00.000,options,put
116,1652699460000,122.85,127.0,122.85,126.5,41950,917950,15850,weekly,2022-5-19T21:00:00.000,options,put
117,1652699520000,126.45,129.55,126.2,127.05,50750,917950,15850,weekly,2022-5-19T21:00:00.000,options,put
118,1652699580000,126.85,127.45,124.25,126.9,25400,917950,15850,weekly,2022-5-19T21:00:00.000,options,put
119,1652699640000,126.8,127.65,124.7,125.0,20150,930800,15850,weekly,2022-5-19T21:00:00.000,options,put
120,1652699700000,125.0,128.3,122.9,127.95,35950,930800,15850,weekly,2022-5-19T21:00:00.000,options,put
121,1652699760000,129.0,129.65,124.45,125.65,21750,930800,15850,weekly,2022-5-19T21:00:00.000,options,put
122,1652699820000,125.65,125.65,123.15,125.05,13550,928000,15850,weekly,2022-5-19T21:00:00.000,options,put
123,1652699880000,125.95,128.7,124.0,127.65,14150,928000,15850,weekly,2022-5-19T21:00:00.000,options,put
124,1652699940000,127.0,129.1,127.0,129.05,22400,928000,15850,weekly,2022-5-19T21:00:00.000,options,put
125,1652700000000,129.0,133.05,128.35,132.35,51050,929200,15850,weekly,2022-5-19T21:00:00.000,options,put
126,1652700060000,133.35,136.6,132.2,134.7,101650,929200,15850,weekly,2022-5-19T21:00:00.000,options,put
127,1652700120000,134.5,139.0,133.85,138.85,81000,929200,15850,weekly,2022-5-19T21:00:00.000,options,put
128,1652700180000,139.0,144.2,138.85,140.55,152800,929150,15850,weekly,2022-5-19T21:00:00.000,options,put
129,1652700240000,140.7,142.15,134.9,138.4,65100,929150,15850,weekly,2022-5-19T21:00:00.000,options,put
130,1652700300000,138.35,143.25,137.4,142.75,67600,929150,15850,weekly,2022-5-19T21:00:00.000,options,put
131,1652700360000,143.3,143.3,139.7,141.85,51900,934100,15850,weekly,2022-5-19T21:00:00.000,options,put
132,1652700420000,141.85,142.9,132.7,134.5,65350,934100,15850,weekly,2022-5-19T21:00:00.000,options,put
133,1652700480000,134.65,139.6,133.8,138.8,45700,934100,15850,weekly,2022-5-19T21:00:00.000,options,put
134,1652700540000,138.2,143.95,137.85,142.75,90200,941900,15850,weekly,2022-5-19T21:00:00.000,options,put
135,1652700600000,142.55,143.0,139.25,141.15,59400,941900,15850,weekly,2022-5-19T21:00:00.000,options,put
136,1652700660000,141.3,142.6,137.7,138.0,42200,941900,15850,weekly,2022-5-19T21:00:00.000,options,put
137,1652700720000,137.7,141.05,137.7,138.85,31550,962550,15850,weekly,2022-5-19T21:00:00.000,options,put
138,1652700780000,139.0,140.7,137.15,140.2,34050,962550,15850,weekly,2022-5-19T21:00:00.000,options,put
139,1652700840000,139.6,141.55,134.5,141.25,58500,962550,15850,weekly,2022-5-19T21:00:00.000,options,put
140,1652700900000,141.6,148.75,141.05,146.45,195650,936150,15850,weekly,2022-5-19T21:00:00.000,options,put
141,1652700960000,146.45,149.4,145.4,146.1,160750,936150,15850,weekly,2022-5-19T21:00:00.000,options,put
142,1652701020000,146.95,151.4,145.65,146.05,143150,936150,15850,weekly,2022-5-19T21:00:00.000,options,put
143,1652701080000,146.15,149.15,143.0,144.75,96400,945550,15850,weekly,2022-5-19T21:00:00.000,options,put
144,1652701140000,144.5,152.45,144.5,151.15,103950,945550,15850,weekly,2022-5-19T21:00:00.000,options,put
145,1652701200000,149.9,160.0,148.05,155.95,271300,945550,15850,weekly,2022-5-19T21:00:00.000,options,put
146,1652701260000,156.8,159.0,155.5,156.85,107800,955150,15850,weekly,2022-5-19T21:00:00.000,options,put
147,1652701320000,156.75,161.95,155.6,160.2,183050,955150,15850,weekly,2022-5-19T21:00:00.000,options,put
148,1652701380000,160.55,168.45,158.3,162.6,219800,955150,15850,weekly,2022-5-19T21:00:00.000,options,put
149,1652701440000,164.0,164.95,156.05,159.15,112050,940950,15850,weekly,2022-5-19T21:00:00.000,options,put
150,1652701500000,159.15,164.85,159.15,161.4,127900,940950,15850,weekly,2022-5-19T21:00:00.000,options,put
151,1652701560000,160.8,164.1,157.3,158.1,97800,940950,15850,weekly,2022-5-19T21:00:00.000,options,put
152,1652701620000,158.0,158.75,148.85,150.5,150050,971300,15850,weekly,2022-5-19T21:00:00.000,options,put
153,1652701680000,150.35,157.85,150.0,157.85,78300,971300,15850,weekly,2022-5-19T21:00:00.000,options,put
154,1652701740000,157.35,164.45,156.95,161.35,132850,971300,15850,weekly,2022-5-19T21:00:00.000,options,put
155,1652701800000,161.4,161.6,154.85,154.85,67400,996650,15850,weekly,2022-5-19T21:00:00.000,options,put
156,1652701860000,155.0,159.7,153.3,157.55,61500,996650,15850,weekly,2022-5-19T21:00:00.000,options,put
157,1652701920000,157.55,158.15,155.55,155.9,44050,996650,15850,weekly,2022-5-19T21:00:00.000,options,put
158,1652701980000,155.65,161.55,155.55,161.1,54300,1008650,15850,weekly,2022-5-19T21:00:00.000,options,put
159,1652702040000,161.3,168.6,160.8,168.2,174850,1008650,15850,weekly,2022-5-19T21:00:00.000,options,put
160,1652702100000,166.3,168.6,161.05,161.45,151000,1008650,15850,weekly,2022-5-19T21:00:00.000,options,put
161,1652702160000,161.9,162.85,156.7,159.5,75200,1009050,15850,weekly,2022-5-19T21:00:00.000,options,put
162,1652702220000,159.0,166.0,157.8,163.85,86100,1009050,15850,weekly,2022-5-19T21:00:00.000,options,put
163,1652702280000,163.15,165.3,161.35,162.4,50150,1009050,15850,weekly,2022-5-19T21:00:00.000,options,put
164,1652702340000,162.3,166.9,162.3,166.2,57950,1024600,15850,weekly,2022-5-19T21:00:00.000,options,put
165,1652702400000,166.55,171.65,162.3,162.3,210800,1024600,15850,weekly,2022-5-19T21:00:00.000,options,put
166,1652702460000,161.85,168.6,160.9,165.3,109700,1024600,15850,weekly,2022-5-19T21:00:00.000,options,put
167,1652702520000,165.85,167.4,163.65,166.4,47600,1033550,15850,weekly,2022-5-19T21:00:00.000,options,put
168,1652702580000,166.75,170.3,166.45,169.5,110000,1033550,15850,weekly,2022-5-19T21:00:00.000,options,put
169,1652702640000,169.65,179.1,169.65,177.4,247550,1033550,15850,weekly,2022-5-19T21:00:00.000,options,put
170,1652702700000,179.25,183.5,177.1,181.35,218950,956850,15850,weekly,2022-5-19T21:00:00.000,options,put
171,1652702760000,182.0,184.55,169.7,170.0,181050,956850,15850,weekly,2022-5-19T21:00:00.000,options,put
172,1652702820000,170.65,176.55,162.85,165.15,158300,956850,15850,weekly,2022-5-19T21:00:00.000,options,put
173,1652702880000,165.5,174.7,165.5,174.55,101400,946800,15850,weekly,2022-5-19T21:00:00.000,options,put
174,1652702940000,175.0,179.0,170.8,170.8,97150,946800,15850,weekly,2022-5-19T21:00:00.000,options,put
175,1652703000000,171.45,176.1,170.7,176.1,60000,946800,15850,weekly,2022-5-19T21:00:00.000,options,put
176,1652703060000,176.2,179.4,173.25,176.05,78200,952400,15850,weekly,2022-5-19T21:00:00.000,options,put
177,1652703120000,177.1,178.0,173.35,174.75,54200,952400,15850,weekly,2022-5-19T21:00:00.000,options,put
178,1652703180000,175.0,181.0,175.0,180.75,72750,952400,15850,weekly,2022-5-19T21:00:00.000,options,put
179,1652703240000,180.55,183.2,178.05,181.7,124750,952400,15850,weekly,2022-5-19T21:00:00.000,options,put
180,1652703300000,181.9,183.75,175.75,177.1,102200,963550,15850,weekly,2022-5-19T21:00:00.000,options,put
181,1652703360000,177.0,180.15,166.55,171.8,110600,963550,15850,weekly,2022-5-19T21:00:00.000,options,put
182,1652703420000,171.95,175.0,168.8,169.45,46650,963550,15850,weekly,2022-5-19T21:00:00.000,options,put
183,1652703480000,169.45,171.15,161.95,164.65,98050,961900,15850,weekly,2022-5-19T21:00:00.000,options,put
184,1652703540000,164.1,164.8,160.75,164.6,66850,961900,15850,weekly,2022-5-19T21:00:00.000,options,put
185,1652703600000,166.0,167.7,163.45,163.7,61250,961900,15850,weekly,2022-5-19T21:00:00.000,options,put
186,1652703660000,163.2,163.3,151.3,152.2,158200,972550,15850,weekly,2022-5-19T21:00:00.000,options,put
187,1652703720000,151.95,159.75,151.45,156.35,103500,972550,15850,weekly,2022-5-19T21:00:00.000,options,put
188,1652703780000,155.55,155.9,151.4,152.65,98700,972550,15850,weekly,2022-5-19T21:00:00.000,options,put
189,1652703840000,153.65,158.0,153.1,157.15,70100,967850,15850,weekly,2022-5-19T21:00:00.000,options,put
190,1652703900000,156.85,158.3,153.55,157.6,97350,967850,15850,weekly,2022-5-19T21:00:00.000,options,put
191,1652703960000,157.8,161.2,157.65,160.65,85750,967850,15850,weekly,2022-5-19T21:00:00.000,options,put
192,1652704020000,160.3,161.4,154.7,160.5,64150,1033050,15850,weekly,2022-5-19T21:00:00.000,options,put
193,1652704080000,159.85,169.2,159.85,169.2,108000,1033050,15850,weekly,2022-5-19T21:00:00.000,options,put
194,1652704140000,169.85,171.6,165.0,169.05,89400,1033050,15850,weekly,2022-5-19T21:00:00.000,options,put
195,1652704200000,170.2,171.25,163.85,166.4,101300,1048550,15850,weekly,2022-5-19T21:00:00.000,options,put
196,1652704260000,166.4,168.75,164.0,165.6,68250,1048550,15850,weekly,2022-5-19T21:00:00.000,options,put
197,1652704320000,166.1,166.1,155.9,156.3,88950,1048550,15850,weekly,2022-5-19T21:00:00.000,options,put
198,1652704380000,156.9,157.8,151.9,151.9,92500,1048400,15850,weekly,2022-5-19T21:00:00.000,options,put
199,1652704440000,152.4,156.15,151.7,152.3,50450,1048400,15850,weekly,2022-5-19T21:00:00.000,options,put
200,1652704500000,152.0,154.65,151.4,153.65,61250,1048400,15850,weekly,2022-5-19T21:00:00.000,options,put
201,1652704560000,153.9,159.6,153.9,159.5,60650,1073150,15850,weekly,2022-5-19T21:00:00.000,options,put
202,1652704620000,159.05,168.65,158.8,165.8,111150,1073150,15850,weekly,2022-5-19T21:00:00.000,options,put
203,1652704680000,166.4,173.55,166.4,169.0,135250,1073150,15850,weekly,2022-5-19T21:00:00.000,options,put
204,1652704740000,168.0,172.9,167.3,170.45,74300,1073700,15850,weekly,2022-5-19T21:00:00.000,options,put
205,1652704800000,172.3,185.8,171.55,185.55,228750,1073700,15850,weekly,2022-5-19T21:00:00.000,options,put
206,1652704860000,187.6,193.5,182.85,188.3,228100,1073700,15850,weekly,2022-5-19T21:00:00.000,options,put
207,1652704920000,186.85,198.15,186.6,193.95,224150,970700,15850,weekly,2022-5-19T21:00:00.000,options,put
208,1652704980000,191.95,197.45,191.95,194.0,114400,970700,15850,weekly,2022-5-19T21:00:00.000,options,put
209,1652705040000,194.0,196.45,188.0,191.85,99650,970700,15850,weekly,2022-5-19T21:00:00.000,options,put
210,1652705100000,193.6,199.6,189.55,194.95,155400,902200,15850,weekly,2022-5-19T21:00:00.000,options,put
211,1652705160000,192.4,197.55,191.25,197.55,72750,902200,15850,weekly,2022-5-19T21:00:00.000,options,put
212,1652705220000,196.35,200.6,194.7,200.6,77750,902200,15850,weekly,2022-5-19T21:00:00.000,options,put
213,1652705280000,201.6,201.6,196.7,200.0,100200,862700,15850,weekly,2022-5-19T21:00:00.000,options,put
214,1652705340000,200.5,202.8,195.35,195.75,64850,862700,15850,weekly,2022-5-19T21:00:00.000,options,put
215,1652705400000,196.7,200.85,191.15,191.9,90850,862700,15850,weekly,2022-5-19T21:00:00.000,options,put
216,1652705460000,191.5,195.3,181.45,181.85,106350,830200,15850,weekly,2022-5-19T21:00:00.000,options,put
217,1652705520000,180.6,185.2,176.85,182.5,92400,830200,15850,weekly,2022-5-19T21:00:00.000,options,put
218,1652705580000,182.5,185.4,179.75,182.2,51250,830200,15850,weekly,2022-5-19T21:00:00.000,options,put
219,1652705640000,182.3,185.7,178.0,182.0,48550,822350,15850,weekly,2022-5-19T21:00:00.000,options,put
220,1652705700000,182.6,184.0,174.15,175.4,81500,822350,15850,weekly,2022-5-19T21:00:00.000,options,put
221,1652705760000,174.6,178.0,171.5,172.05,86850,822350,15850,weekly,2022-5-19T21:00:00.000,options,put
222,1652705820000,171.9,171.9,164.1,165.0,78950,819700,15850,weekly,2022-5-19T21:00:00.000,options,put
223,1652705880000,165.0,165.0,160.35,164.8,88650,819700,15850,weekly,2022-5-19T21:00:00.000,options,put
224,1652705940000,163.55,168.65,162.9,166.0,77100,819700,15850,weekly,2022-5-19T21:00:00.000,options,put
225,1652706000000,165.0,167.4,162.7,165.65,61400,848100,15850,weekly,2022-5-19T21:00:00.000,options,put
226,1652706060000,167.1,175.4,166.55,173.1,86000,848100,15850,weekly,2022-5-19T21:00:00.000,options,put
227,1652706120000,173.25,174.3,163.85,163.85,66350,848100,15850,weekly,2022-5-19T21:00:00.000,options,put
228,1652706180000,162.75,164.65,157.85,163.15,83000,864800,15850,weekly,2022-5-19T21:00:00.000,options,put
229,1652706240000,163.15,168.5,160.95,167.6,64050,864800,15850,weekly,2022-5-19T21:00:00.000,options,put
230,1652706300000,166.4,172.6,166.4,170.7,57200,864800,15850,weekly,2022-5-19T21:00:00.000,options,put
231,1652706360000,171.0,175.55,170.9,175.55,57650,885550,15850,weekly,2022-5-19T21:00:00.000,options,put
232,1652706420000,175.95,178.55,169.05,169.4,72600,885550,15850,weekly,2022-5-19T21:00:00.000,options,put
233,1652706480000,168.4,173.85,167.65,172.0,37400,885550,15850,weekly,2022-5-19T21:00:00.000,options,put
234,1652706540000,170.85,178.7,168.75,178.3,51550,896600,15850,weekly,2022-5-19T21:00:00.000,options,put
235,1652706600000,178.0,179.05,171.7,171.7,55850,896600,15850,weekly,2022-5-19T21:00:00.000,options,put
236,1652706660000,172.45,177.6,172.35,177.2,32500,896600,15850,weekly,2022-5-19T21:00:00.000,options,put
237,1652706720000,176.35,177.5,172.9,176.45,30000,888550,15850,weekly,2022-5-19T21:00:00.000,options,put
238,1652706780000,176.1,176.1,168.7,170.9,40550,888550,15850,weekly,2022-5-19T21:00:00.000,options,put
239,1652706840000,170.55,177.0,169.75,176.8,46400,888550,15850,weekly,2022-5-19T21:00:00.000,options,put
240,1652706900000,176.85,179.1,172.5,177.55,33100,889400,15850,weekly,2022-5-19T21:00:00.000,options,put
241,1652706960000,178.5,183.55,175.6,176.6,74350,889400,15850,weekly,2022-5-19T21:00:00.000,options,put
242,1652707020000,176.9,179.35,169.25,169.25,53700,889400,15850,weekly,2022-5-19T21:00:00.000,options,put
243,1652707080000,169.4,169.4,160.05,161.25,90900,875900,15850,weekly,2022-5-19T21:00:00.000,options,put
244,1652707140000,161.35,167.1,160.2,165.3,60400,875900,15850,weekly,2022-5-19T21:00:00.000,options,put
245,1652707200000,164.65,169.2,162.25,162.85,62450,875900,15850,weekly,2022-5-19T21:00:00.000,options,put
246,1652707260000,162.7,168.0,162.0,163.35,38800,898000,15850,weekly,2022-5-19T21:00:00.000,options,put
247,1652707320000,163.0,166.95,163.0,164.95,24250,898000,15850,weekly,2022-5-19T21:00:00.000,options,put
248,1652707380000,163.65,166.95,161.6,166.95,31550,898000,15850,weekly,2022-5-19T21:00:00.000,options,put
249,1652707440000,167.2,168.45,164.85,166.1,36450,905950,15850,weekly,2022-5-19T21:00:00.000,options,put
250,1652707500000,165.85,170.75,161.2,170.05,64800,905950,15850,weekly,2022-5-19T21:00:00.000,options,put
251,1652707560000,170.05,173.4,168.3,170.45,74500,905950,15850,weekly,2022-5-19T21:00:00.000,options,put
252,1652707620000,170.6,172.25,164.55,168.45,38600,923400,15850,weekly,2022-5-19T21:00:00.000,options,put
253,1652707680000,168.65,173.0,167.55,170.0,36650,923400,15850,weekly,2022-5-19T21:00:00.000,options,put
254,1652707740000,169.95,170.7,166.25,169.65,29150,923400,15850,weekly,2022-5-19T21:00:00.000,options,put
255,1652707800000,167.25,168.2,163.5,168.15,38300,921650,15850,weekly,2022-5-19T21:00:00.000,options,put
256,1652707860000,168.05,168.05,153.65,154.9,143300,921650,15850,weekly,2022-5-19T21:00:00.000,options,put
257,1652707920000,154.6,158.35,154.6,156.0,68250,921650,15850,weekly,2022-5-19T21:00:00.000,options,put
258,1652707980000,155.45,155.6,148.45,150.95,91150,909750,15850,weekly,2022-5-19T21:00:00.000,options,put
259,1652708040000,150.7,155.55,150.35,154.0,51700,909750,15850,weekly,2022-5-19T21:00:00.000,options,put
260,1652708100000,154.0,160.0,152.05,160.0,53900,909750,15850,weekly,2022-5-19T21:00:00.000,options,put
261,1652708160000,159.95,163.55,158.5,162.6,65850,923150,15850,weekly,2022-5-19T21:00:00.000,options,put
262,1652708220000,161.3,163.0,157.6,161.85,59200,923150,15850,weekly,2022-5-19T21:00:00.000,options,put
263,1652708280000,161.85,163.7,157.3,157.3,41300,923150,15850,weekly,2022-5-19T21:00:00.000,options,put
264,1652708340000,157.3,157.3,151.35,152.9,64500,933900,15850,weekly,2022-5-19T21:00:00.000,options,put
265,1652708400000,153.2,153.2,145.45,148.6,140150,933900,15850,weekly,2022-5-19T21:00:00.000,options,put
266,1652708460000,148.15,148.25,145.05,146.2,101700,933900,15850,weekly,2022-5-19T21:00:00.000,options,put
267,1652708520000,145.75,148.7,139.2,140.4,124300,964450,15850,weekly,2022-5-19T21:00:00.000,options,put
268,1652708580000,140.0,145.7,139.55,144.0,76850,964450,15850,weekly,2022-5-19T21:00:00.000,options,put
269,1652708640000,143.3,145.15,142.1,142.8,44500,964450,15850,weekly,2022-5-19T21:00:00.000,options,put
270,1652708700000,142.7,142.7,135.1,135.9,165850,976250,15850,weekly,2022-5-19T21:00:00.000,options,put
271,1652708760000,135.95,141.1,132.25,141.05,103500,976250,15850,weekly,2022-5-19T21:00:00.000,options,put
272,1652708820000,141.1,144.35,138.8,141.65,72900,976250,15850,weekly,2022-5-19T21:00:00.000,options,put
273,1652708880000,141.75,145.95,139.4,143.35,78200,987750,15850,weekly,2022-5-19T21:00:00.000,options,put
274,1652708940000,143.0,144.5,140.75,144.5,45600,987750,15850,weekly,2022-5-19T21:00:00.000,options,put
275,1652709000000,143.7,150.7,142.05,150.7,105200,987750,15850,weekly,2022-5-19T21:00:00.000,options,put
276,1652709060000,150.1,154.95,148.95,152.0,137550,1018250,15850,weekly,2022-5-19T21:00:00.000,options,put
277,1652709120000,151.7,152.9,148.4,148.5,77250,1018250,15850,weekly,2022-5-19T21:00:00.000,options,put
278,1652709180000,148.4,149.5,143.4,143.4,86600,1018250,15850,weekly,2022-5-19T21:00:00.000,options,put
279,1652709240000,143.8,144.8,136.8,136.85,96850,1030600,15850,weekly,2022-5-19T21:00:00.000,options,put
280,1652709300000,136.75,144.6,135.5,144.55,90700,1030600,15850,weekly,2022-5-19T21:00:00.000,options,put
281,1652709360000,144.05,163.8,144.05,160.5,268200,1030600,15850,weekly,2022-5-19T21:00:00.000,options,put
282,1652709420000,160.65,161.0,145.9,145.9,140800,1035350,15850,weekly,2022-5-19T21:00:00.000,options,put
283,1652709480000,145.6,145.6,137.15,140.0,133150,1035350,15850,weekly,2022-5-19T21:00:00.000,options,put
284,1652709540000,139.5,147.9,139.5,145.9,86100,1035350,15850,weekly,2022-5-19T21:00:00.000,options,put
285,1652709600000,145.1,148.7,141.7,144.85,76100,1036350,15850,weekly,2022-5-19T21:00:00.000,options,put
286,1652709660000,144.9,145.9,138.1,138.7,63650,1036350,15850,weekly,2022-5-19T21:00:00.000,options,put
287,1652709720000,138.5,143.6,137.5,141.65,71200,1036350,15850,weekly,2022-5-19T21:00:00.000,options,put
288,1652709780000,141.75,143.95,138.0,139.4,42750,1059150,15850,weekly,2022-5-19T21:00:00.000,options,put
289,1652709840000,139.35,140.6,127.5,129.7,230950,1059150,15850,weekly,2022-5-19T21:00:00.000,options,put
290,1652709900000,131.0,133.4,129.45,132.65,73000,1059150,15850,weekly,2022-5-19T21:00:00.000,options,put
291,1652709960000,131.5,132.8,129.2,129.9,77750,1047500,15850,weekly,2022-5-19T21:00:00.000,options,put
292,1652710020000,129.6,136.0,129.6,133.95,58200,1047500,15850,weekly,2022-5-19T21:00:00.000,options,put
293,1652710080000,134.3,136.5,130.6,130.6,47550,1047500,15850,weekly,2022-5-19T21:00:00.000,options,put
294,1652710140000,130.2,131.95,126.85,130.65,113150,1043700,15850,weekly,2022-5-19T21:00:00.000,options,put
295,1652710200000,130.9,139.15,130.5,139.15,93450,1043700,15850,weekly,2022-5-19T21:00:00.000,options,put
296,1652710260000,139.35,142.75,136.0,139.2,138000,1043700,15850,weekly,2022-5-19T21:00:00.000,options,put
297,1652710320000,138.95,145.7,138.7,140.75,108150,1073400,15850,weekly,2022-5-19T21:00:00.000,options,put
298,1652710380000,141.2,144.6,137.5,141.4,86400,1073400,15850,weekly,2022-5-19T21:00:00.000,options,put
299,1652710440000,140.7,143.45,140.45,142.8,51050,1073400,15850,weekly,2022-5-19T21:00:00.000,options,put
300,1652710500000,142.4,143.0,137.2,139.95,58400,1078650,15850,weekly,2022-5-19T21:00:00.000,options,put
301,1652710560000,140.2,143.25,138.4,142.0,57650,1078650,15850,weekly,2022-5-19T21:00:00.000,options,put
302,1652710620000,142.1,142.1,135.9,138.25,69350,1078650,15850,weekly,2022-5-19T21:00:00.000,options,put
303,1652710680000,138.2,143.4,137.65,143.4,52700,1091600,15850,weekly,2022-5-19T21:00:00.000,options,put
304,1652710740000,142.85,142.85,139.5,142.25,46250,1091600,15850,weekly,2022-5-19T21:00:00.000,options,put
305,1652710800000,143.0,152.95,142.4,151.5,246000,1091600,15850,weekly,2022-5-19T21:00:00.000,options,put
306,1652710860000,151.9,161.7,151.9,156.05,242600,1087550,15850,weekly,2022-5-19T21:00:00.000,options,put
307,1652710920000,155.0,155.1,139.0,141.75,155550,1087550,15850,weekly,2022-5-19T21:00:00.000,options,put
308,1652710980000,141.05,143.55,131.4,135.95,162850,1087550,15850,weekly,2022-5-19T21:00:00.000,options,put
309,1652711040000,136.5,137.95,128.8,130.85,90700,1069150,15850,weekly,2022-5-19T21:00:00.000,options,put
310,1652711100000,130.9,133.45,125.3,130.25,139350,1069150,15850,weekly,2022-5-19T21:00:00.000,options,put
311,1652711160000,129.7,132.45,126.3,129.25,85650,1069150,15850,weekly,2022-5-19T21:00:00.000,options,put
312,1652711220000,129.2,137.35,127.7,131.55,95100,1096350,15850,weekly,2022-5-19T21:00:00.000,options,put
313,1652711280000,131.35,136.55,130.35,133.8,56300,1096350,15850,weekly,2022-5-19T21:00:00.000,options,put
314,1652711340000,133.8,135.45,131.35,133.55,44300,1096350,15850,weekly,2022-5-19T21:00:00.000,options,put
315,1652711400000,133.95,134.3,130.1,131.9,33050,1100400,15850,weekly,2022-5-19T21:00:00.000,options,put
316,1652711460000,131.6,138.3,131.6,136.55,77350,1100400,15850,weekly,2022-5-19T21:00:00.000,options,put
317,1652711520000,137.7,138.0,133.15,137.15,71900,1100400,15850,weekly,2022-5-19T21:00:00.000,options,put
318,1652711580000,137.4,143.7,136.65,139.2,117550,1090550,15850,weekly,2022-5-19T21:00:00.000,options,put
319,1652711640000,139.9,141.2,135.2,140.4,60100,1090550,15850,weekly,2022-5-19T21:00:00.000,options,put
320,1652711700000,140.1,145.0,138.35,138.6,96950,1090550,15850,weekly,2022-5-19T21:00:00.000,options,put
321,1652711760000,139.2,139.5,134.4,137.85,68300,1090450,15850,weekly,2022-5-19T21:00:00.000,options,put
322,1652711820000,137.5,140.75,136.7,140.75,42200,1090450,15850,weekly,2022-5-19T21:00:00.000,options,put
323,1652711880000,140.15,141.0,135.7,135.75,30550,1090450,15850,weekly,2022-5-19T21:00:00.000,options,put
324,1652711940000,135.45,141.0,135.3,141.0,42100,1085600,15850,weekly,2022-5-19T21:00:00.000,options,put
325,1652712000000,140.45,145.8,137.4,140.0,115100,1085600,15850,weekly,2022-5-19T21:00:00.000,options,put
326,1652712060000,139.6,142.95,134.0,134.0,64500,1085600,15850,weekly,2022-5-19T21:00:00.000,options,put
327,1652712120000,133.45,136.0,130.4,131.5,86350,1063550,15850,weekly,2022-5-19T21:00:00.000,options,put
328,1652712180000,131.45,134.5,129.95,133.85,52950,1063550,15850,weekly,2022-5-19T21:00:00.000,options,put
329,1652712240000,133.95,136.35,130.55,130.95,46500,1063550,15850,weekly,2022-5-19T21:00:00.000,options,put
330,1652712300000,131.35,136.5,129.6,131.25,77150,1047800,15850,weekly,2022-5-19T21:00:00.000,options,put
331,1652712360000,131.3,143.1,127.0,142.3,158450,1047800,15850,weekly,2022-5-19T21:00:00.000,options,put
332,1652712420000,141.5,143.0,136.5,138.15,125000,1047800,15850,weekly,2022-5-19T21:00:00.000,options,put
333,1652712480000,138.2,140.0,132.65,133.8,63800,1038900,15850,weekly,2022-5-19T21:00:00.000,options,put
334,1652712540000,134.15,144.05,134.15,143.75,75500,1038900,15850,weekly,2022-5-19T21:00:00.000,options,put
335,1652712600000,143.05,147.05,138.5,146.15,120150,1038900,15850,weekly,2022-5-19T21:00:00.000,options,put
336,1652712660000,147.0,150.85,143.1,144.65,155650,1056000,15850,weekly,2022-5-19T21:00:00.000,options,put
337,1652712720000,144.15,145.05,140.1,140.2,105400,1056000,15850,weekly,2022-5-19T21:00:00.000,options,put
338,1652712780000,140.25,145.5,139.85,141.15,46300,1056000,15850,weekly,2022-5-19T21:00:00.000,options,put
339,1652712840000,141.85,144.6,140.35,141.3,50950,1056600,15850,weekly,2022-5-19T21:00:00.000,options,put
340,1652712900000,142.25,148.15,142.25,145.45,103950,1056600,15850,weekly,2022-5-19T21:00:00.000,options,put
341,1652712960000,146.0,154.3,146.0,152.55,159050,1056600,15850,weekly,2022-5-19T21:00:00.000,options,put
342,1652713020000,153.3,156.85,146.4,150.0,183350,1058350,15850,weekly,2022-5-19T21:00:00.000,options,put
343,1652713080000,150.15,156.8,149.55,152.05,123950,1058350,15850,weekly,2022-5-19T21:00:00.000,options,put
344,1652713140000,151.1,155.0,149.4,151.5,94400,1058350,15850,weekly,2022-5-19T21:00:00.000,options,put
345,1652713200000,152.0,159.0,150.7,155.85,251200,1044800,15850,weekly,2022-5-19T21:00:00.000,options,put
346,1652713260000,157.15,164.2,154.8,154.8,274900,1044800,15850,weekly,2022-5-19T21:00:00.000,options,put
347,1652713320000,154.75,157.5,144.15,155.5,210350,1044800,15850,weekly,2022-5-19T21:00:00.000,options,put
348,1652713380000,155.95,163.55,155.9,158.15,174300,1018550,15850,weekly,2022-5-19T21:00:00.000,options,put
349,1652713440000,157.75,162.6,153.45,153.45,109650,1018550,15850,weekly,2022-5-19T21:00:00.000,options,put
350,1652713500000,153.25,160.85,152.6,158.95,92200,1018550,15850,weekly,2022-5-19T21:00:00.000,options,put
351,1652713560000,158.2,160.3,154.65,157.65,69350,1003200,15850,weekly,2022-5-19T21:00:00.000,options,put
352,1652713620000,157.7,161.0,157.65,159.3,84250,1003200,15850,weekly,2022-5-19T21:00:00.000,options,put
353,1652713680000,158.65,162.0,158.4,160.65,103500,1003200,15850,weekly,2022-5-19T21:00:00.000,options,put
354,1652713740000,161.45,168.0,161.45,167.35,208350,985300,15850,weekly,2022-5-19T21:00:00.000,options,put
355,1652713800000,168.0,170.5,164.5,170.25,199300,985300,15850,weekly,2022-5-19T21:00:00.000,options,put
356,1652713860000,170.6,173.35,166.0,166.65,186450,985300,15850,weekly,2022-5-19T21:00:00.000,options,put
357,1652713920000,166.1,167.85,158.25,161.45,160600,872100,15850,weekly,2022-5-19T21:00:00.000,options,put
358,1652713980000,161.65,164.35,160.05,161.9,77700,872100,15850,weekly,2022-5-19T21:00:00.000,options,put
359,1652714040000,161.75,168.45,161.4,166.75,94750,872100,15850,weekly,2022-5-19T21:00:00.000,options,put
360,1652714100000,167.6,169.45,161.45,164.8,126450,854950,15850,weekly,2022-5-19T21:00:00.000,options,put
361,1652714160000,164.8,167.1,159.8,159.8,75700,854950,15850,weekly,2022-5-19T21:00:00.000,options,put
362,1652714220000,159.1,159.1,148.65,152.55,199300,854950,15850,weekly,2022-5-19T21:00:00.000,options,put
363,1652714280000,152.0,155.0,147.8,147.8,118850,823100,15850,weekly,2022-5-19T21:00:00.000,options,put
364,1652714340000,147.2,149.35,144.3,146.7,122000,823100,15850,weekly,2022-5-19T21:00:00.000,options,put
365,1652714400000,146.45,151.75,145.85,149.1,114900,823100,15850,weekly,2022-5-19T21:00:00.000,options,put
366,1652714460000,149.65,150.9,147.55,147.85,65050,822400,15850,weekly,2022-5-19T21:00:00.000,options,put
367,1652714520000,147.9,148.55,144.6,146.3,83100,822400,15850,weekly,2022-5-19T21:00:00.000,options,put
368,1652714580000,145.85,148.4,143.15,146.95,149050,822400,15850,weekly,2022-5-19T21:00:00.000,options,put
369,1652714640000,146.9,147.75,145.0,147.3,94750,751350,15850,weekly,2022-5-19T21:00:00.000,options,put
370,1652714700000,146.65,148.95,146.05,148.25,97950,751350,15850,weekly,2022-5-19T21:00:00.000,options,put
371,1652714760000,148.3,149.0,146.75,147.8,81800,751350,15850,weekly,2022-5-19T21:00:00.000,options,put
372,1652714820000,147.8,148.95,145.55,145.65,81900,715100,15850,weekly,2022-5-19T21:00:00.000,options,put
373,1652714880000,145.95,149.45,145.75,148.4,113900,715100,15850,weekly,2022-5-19T21:00:00.000,options,put
374,1652714940000,148.7,148.7,142.0,142.0,187250,715100,15850,weekly,2022-5-19T21:00:00.000,options,put
