,timestamp,open,high,low,close,volume,open_interest,strike,expiry_type,expiry,instrument,contract_type
0,1584075000000,184.95,184.95,184.95,184.95,75,,8900,weekly,2020-3-19T21:00:00.000,options,put
1,1584076860000,229.15,234.6,225.15,228.75,6450,,8900,weekly,2020-3-19T21:00:00.000,options,put
2,1584076920000,229.4,258.35,225.9,254.15,8400,,8900,weekly,2020-3-19T21:00:00.000,options,put
3,1584076980000,254.2,265.6,249.3,264.05,8100,,8900,weekly,2020-3-19T21:00:00.000,options,put
4,1584077040000,267.35,287.35,258.85,277.8,17025,,8900,weekly,2020-3-19T21:00:00.000,options,put
5,1584077100000,282.0,311.25,275.25,309.45,10350,,8900,weekly,2020-3-19T21:00:00.000,options,put
6,1584077160000,304.25,352.2,304.25,352.2,8175,,8900,weekly,2020-3-19T21:00:00.000,options,put
7,1584077220000,352.25,352.25,300.0,304.65,8550,,8900,weekly,2020-3-19T21:00:00.000,options,put
8,1584077280000,300.0,314.95,285.0,314.95,17175,,8900,weekly,2020-3-19T21:00:00.000,options,put
9,1584077340000,307.3,345.75,307.3,341.6,12375,,8900,weekly,2020-3-19T21:00:00.000,options,put
10,1584077400000,347.55,350.0,313.0,324.65,13425,,8900,weekly,2020-3-19T21:00:00.000,options,put
11,1584077460000,331.55,335.9,300.0,300.1,5325,,8900,weekly,2020-3-19T21:00:00.000,options,put
12,1584077520000,301.3,307.15,290.0,300.0,9075,,8900,weekly,2020-3-19T21:00:00.000,options,put
13,1584077580000,294.95,304.15,285.0,297.1,4800,,8900,weekly,2020-3-19T21:00:00.000,options,put
14,1584077640000,300.85,304.6,296.35,299.3,10425,,8900,weekly,2020-3-19T21:00:00.000,options,put
15,1584077700000,296.1,296.1,274.05,290.0,6000,,8900,weekly,2020-3-19T21:00:00.000,options,put
16,1584077760000,289.9,294.6,279.6,279.6,4950,,8900,weekly,2020-3-19T21:00:00.000,options,put
17,1584077820000,279.6,279.6,262.95,264.8,3375,,8900,weekly,2020-3-19T21:00:00.000,options,put
18,1584077880000,264.8,266.7,253.15,266.7,5025,,8900,weekly,2020-3-19T21:00:00.000,options,put
19,1584077940000,261.5,263.9,252.0,256.5,3150,,8900,weekly,2020-3-19T21:00:00.000,options,put
20,1584078000000,260.35,271.35,256.4,271.0,4425,,8900,weekly,2020-3-19T21:00:00.000,options,put
21,1584078060000,273.1,291.8,273.1,282.65,5775,,8900,weekly,2020-3-19T21:00:00.000,options,put
22,1584078120000,284.95,285.0,258.6,258.6,4200,,8900,weekly,2020-3-19T21:00:00.000,options,put
23,1584078180000,271.1,285.0,271.1,285.0,1500,,8900,weekly,2020-3-19T21:00:00.000,options,put
24,1584078240000,285.0,287.45,264.6,269.35,4275,,8900,weekly,2020-3-19T21:00:00.000,options,put
25,1584078300000,273.35,295.0,272.8,291.0,4050,,8900,weekly,2020-3-19T21:00:00.000,options,put
26,1584078360000,292.8,296.0,277.3,290.1,4725,,8900,weekly,2020-3-19T21:00:00.000,options,put
27,1584078420000,289.75,298.65,280.25,292.25,4350,,8900,weekly,2020-3-19T21:00:00.000,options,put
28,1584078480000,293.45,301.4,292.0,297.65,7125,,8900,weekly,2020-3-19T21:00:00.000,options,put
29,1584078540000,296.45,302.45,287.2,289.2,4725,,8900,weekly,2020-3-19T21:00:00.000,options,put
30,1584078600000,289.3,291.6,265.85,266.85,4125,,8900,weekly,2020-3-19T21:00:00.000,options,put
31,1584078660000,268.95,282.35,263.2,277.8,3000,,8900,weekly,2020-3-19T21:00:00.000,options,put
32,1584078720000,281.3,282.6,268.25,268.25,4050,,8900,weekly,2020-3-19T21:00:00.000,options,put
33,1584078780000,267.85,269.45,261.1,268.05,3825,,8900,weekly,2020-3-19T21:00:00.000,options,put
34,1584078840000,267.3,269.85,263.6,263.6,1650,,8900,weekly,2020-3-19T21:00:00.000,options,put
35,1584078900000,260.0,275.85,257.85,272.7,2700,,8900,weekly,2020-3-19T21:00:00.000,options,put
36,1584078960000,275.0,275.4,258.1,275.4,1800,,8900,weekly,2020-3-19T21:00:00.000,options,put
37,1584079020000,275.4,275.4,260.05,274.75,1725,,8900,weekly,2020-3-19T21:00:00.000,options,put
38,1584079080000,268.5,268.5,260.1,260.1,1950,,8900,weekly,2020-3-19T21:00:00.000,options,put
39,1584079140000,265.0,269.3,264.55,264.55,1425,,8900,weekly,2020-3-19T21:00:00.000,options,put
40,1584079200000,264.0,267.8,260.0,263.6,1650,,8900,weekly,2020-3-19T21:00:00.000,options,put
41,1584079260000,263.6,273.0,263.6,269.8,4875,,8900,weekly,2020-3-19T21:00:00.000,options,put
42,1584079320000,264.2,281.15,264.2,268.1,5400,,8900,weekly,2020-3-19T21:00:00.000,options,put
43,1584079380000,266.15,277.9,265.45,270.0,3450,,8900,weekly,2020-3-19T21:00:00.000,options,put
44,1584079440000,270.75,280.0,270.75,274.65,2025,,8900,weekly,2020-3-19T21:00:00.000,options,put
45,1584079500000,274.05,277.2,273.9,277.2,1050,,8900,weekly,2020-3-19T21:00:00.000,options,put
46,1584079560000,277.2,281.85,265.0,274.0,1950,,8900,weekly,2020-3-19T21:00:00.000,options,put
47,1584079620000,273.6,288.15,273.5,287.7,2550,,8900,weekly,2020-3-19T21:00:00.000,options,put
48,1584079680000,282.75,291.2,275.0,275.0,4800,,8900,weekly,2020-3-19T21:00:00.000,options,put
49,1584079740000,275.0,276.3,268.6,271.75,2250,,8900,weekly,2020-3-19T21:00:00.000,options,put
50,1584079800000,271.75,280.6,271.75,274.85,2850,,8900,weekly,2020-3-19T21:00:00.000,options,put
51,1584079860000,274.85,285.0,274.05,281.15,5175,,8900,weekly,2020-3-19T21:00:00.000,options,put
52,1584079920000,280.7,280.7,272.95,272.95,3150,,8900,weekly,2020-3-19T21:00:00.000,options,put
53,1584079980000,273.3,282.65,273.3,282.65,2250,,8900,weekly,2020-3-19T21:00:00.000,options,put
54,1584080040000,282.65,282.65,276.0,278.3,3900,,8900,weekly,2020-3-19T21:00:00.000,options,put
55,1584080100000,277.65,282.0,275.35,277.4,1350,,8900,weekly,2020-3-19T21:00:00.000,options,put
56,1584080160000,277.4,283.6,277.3,280.3,3000,,8900,weekly,2020-3-19T21:00:00.000,options,put
57,1584080220000,281.45,282.9,270.0,270.05,4500,,8900,weekly,2020-3-19T21:00:00.000,options,put
58,1584080280000,271.65,283.65,271.05,280.55,2925,,8900,weekly,2020-3-19T21:00:00.000,options,put
59,1584080340000,279.2,282.15,277.65,281.0,1575,,8900,weekly,2020-3-19T21:00:00.000,options,put
60,1584080400000,281.75,281.75,273.9,276.3,2250,,8900,weekly,2020-3-19T21:00:00.000,options,put
61,1584080460000,277.4,278.35,271.7,271.7,4275,,8900,weekly,2020-3-19T21:00:00.000,options,put
62,1584080520000,271.7,271.7,264.1,264.1,5400,,8900,weekly,2020-3-19T21:00:00.000,options,put
63,1584080580000,263.1,263.1,249.15,251.25,9525,,8900,weekly,2020-3-19T21:00:00.000,options,put
64,1584080640000,250.0,259.6,248.3,257.0,2400,,8900,weekly,2020-3-19T21:00:00.000,options,put
65,1584080700000,255.15,255.15,238.5,238.5,4350,,8900,weekly,2020-3-19T21:00:00.000,options,put
66,1584080760000,238.4,240.75,231.9,240.75,3450,,8900,weekly,2020-3-19T21:00:00.000,options,put
67,1584080820000,240.0,247.8,233.5,247.8,4425,,8900,weekly,2020-3-19T21:00:00.000,options,put
68,1584080880000,247.8,247.8,226.55,226.55,4425,,8900,weekly,2020-3-19T21:00:00.000,options,put
69,1584080940000,226.0,226.4,206.75,208.75,7200,,8900,weekly,2020-3-19T21:00:00.000,options,put
70,1584081000000,209.1,229.55,209.1,228.05,3675,,8900,weekly,2020-3-19T21:00:00.000,options,put
71,1584081060000,228.05,228.7,222.1,225.3,3750,,8900,weekly,2020-3-19T21:00:00.000,options,put
72,1584081120000,225.3,232.35,225.3,229.8,2925,,8900,weekly,2020-3-19T21:00:00.000,options,put
73,1584081180000,229.25,229.25,220.25,221.65,5775,,8900,weekly,2020-3-19T21:00:00.000,options,put
74,1584081240000,221.0,221.0,213.85,218.1,3225,,8900,weekly,2020-3-19T21:00:00.000,options,put
75,1584081300000,218.1,221.35,203.0,203.0,4425,,8900,weekly,2020-3-19T21:00:00.000,options,put
76,1584081360000,202.05,203.65,193.15,200.7,6450,,8900,weekly,2020-3-19T21:00:00.000,options,put
77,1584081420000,201.8,201.8,190.8,195.35,5925,,8900,weekly,2020-3-19T21:00:00.000,options,put
78,1584081480000,195.35,196.35,181.2,193.2,6750,,8900,weekly,2020-3-19T21:00:00.000,options,put
79,1584081540000,192.7,192.7,178.0,178.75,5700,,8900,weekly,2020-3-19T21:00:00.000,options,put
80,1584081600000,176.0,192.25,175.5,191.4,4875,,8900,weekly,2020-3-19T21:00:00.000,options,put
81,1584081660000,193.9,206.65,193.9,200.55,7350,,8900,weekly,2020-3-19T21:00:00.000,options,put
82,1584081720000,200.0,200.45,185.15,193.95,3825,,8900,weekly,2020-3-19T21:00:00.000,options,put
83,1584081780000,193.95,203.3,193.3,194.45,3750,,8900,weekly,2020-3-19T21:00:00.000,options,put
84,1584081840000,194.2,202.15,194.2,196.75,1725,,8900,weekly,2020-3-19T21:00:00.000,options,put
85,1584081900000,196.75,198.3,189.0,196.05,3450,,8900,weekly,2020-3-19T21:00:00.000,options,put
86,1584081960000,196.05,198.2,185.75,188.35,4200,,8900,weekly,2020-3-19T21:00:00.000,options,put
87,1584082020000,188.0,188.0,167.85,169.0,8850,,8900,weekly,2020-3-19T21:00:00.000,options,put
88,1584082080000,169.0,174.05,158.0,163.25,16500,,8900,weekly,2020-3-19T21:00:00.000,options,put
89,1584082140000,165.25,167.35,160.0,164.7,6825,,8900,weekly,2020-3-19T21:00:00.000,options,put
90,1584082200000,164.75,170.65,164.4,169.3,3675,,8900,weekly,2020-3-19T21:00:00.000,options,put
91,1584082260000,169.25,177.9,169.25,177.9,6300,,8900,weekly,2020-3-19T21:00:00.000,options,put
92,1584082320000,176.4,179.15,172.25,175.75,6300,,8900,weekly,2020-3-19T21:00:00.000,options,put
93,1584082380000,178.0,181.6,172.2,173.9,4800,,8900,weekly,2020-3-19T21:00:00.000,options,put
94,1584082440000,172.45,173.3,167.7,173.3,3525,,8900,weekly,2020-3-19T21:00:00.000,options,put
95,1584082500000,173.4,173.8,162.85,162.85,3525,,8900,weekly,2020-3-19T21:00:00.000,options,put
96,1584082560000,165.6,171.75,164.9,166.65,1950,,8900,weekly,2020-3-19T21:00:00.000,options,put
97,1584082620000,167.8,167.8,149.4,151.3,8175,,8900,weekly,2020-3-19T21:00:00.000,options,put
98,1584082680000,151.3,154.05,140.4,152.2,12600,,8900,weekly,2020-3-19T21:00:00.000,options,put
99,1584082740000,152.2,154.15,143.5,154.15,3300,,8900,weekly,2020-3-19T21:00:00.000,options,put
100,1584082800000,153.0,157.65,150.1,150.1,5175,,8900,weekly,2020-3-19T21:00:00.000,options,put
101,1584082860000,145.6,148.35,139.8,140.95,4425,,8900,weekly,2020-3-19T21:00:00.000,options,put
102,1584082920000,142.0,149.5,142.0,146.3,5625,,8900,weekly,2020-3-19T21:00:00.000,options,put
103,1584082980000,149.45,150.0,136.3,136.3,3525,,8900,weekly,2020-3-19T21:00:00.000,options,put
104,1584083040000,137.7,137.7,132.65,134.55,9675,,8900,weekly,2020-3-19T21:00:00.000,options,put
105,1584083100000,134.5,136.15,112.85,117.75,14550,,8900,weekly,2020-3-19T21:00:00.000,options,put
106,1584083160000,118.3,118.3,102.2,115.85,13500,,8900,weekly,2020-3-19T21:00:00.000,options,put
107,1584083220000,115.75,129.3,115.35,128.9,3675,,8900,weekly,2020-3-19T21:00:00.000,options,put
108,1584083280000,129.05,131.9,125.45,130.5,14100,,8900,weekly,2020-3-19T21:00:00.000,options,put
109,1584083340000,130.3,145.05,130.3,143.1,29100,,8900,weekly,2020-3-19T21:00:00.000,options,put
110,1584083400000,141.6,149.1,140.55,147.4,9075,,8900,weekly,2020-3-19T21:00:00.000,options,put
111,1584083460000,147.05,147.05,137.75,137.9,9075,,8900,weekly,2020-3-19T21:00:00.000,options,put
112,1584083520000,138.95,154.7,137.3,154.6,5550,,8900,weekly,2020-3-19T21:00:00.000,options,put
113,1584083580000,154.7,154.7,147.4,151.0,5550,,8900,weekly,2020-3-19T21:00:00.000,options,put
114,1584083640000,150.0,151.0,132.75,134.85,8100,,8900,weekly,2020-3-19T21:00:00.000,options,put
115,1584083700000,135.3,139.35,131.05,131.05,4200,,8900,weekly,2020-3-19T21:00:00.000,options,put
116,1584083760000,131.05,131.5,126.1,126.7,3825,,8900,weekly,2020-3-19T21:00:00.000,options,put
117,1584083820000,125.45,138.0,125.45,130.1,5025,,8900,weekly,2020-3-19T21:00:00.000,options,put
118,1584083880000,133.45,137.05,130.85,133.95,1725,,8900,weekly,2020-3-19T21:00:00.000,options,put
119,1584083940000,133.7,133.8,126.0,126.0,2850,,8900,weekly,2020-3-19T21:00:00.000,options,put
120,1584084000000,126.6,130.4,125.0,125.0,4650,,8900,weekly,2020-3-19T21:00:00.000,options,put
121,1584084060000,128.4,128.4,124.95,126.6,3975,,8900,weekly,2020-3-19T21:00:00.000,options,put
122,1584084120000,125.85,133.9,125.8,128.9,4350,,8900,weekly,2020-3-19T21:00:00.000,options,put
123,1584084180000,128.7,128.7,123.6,124.45,7500,,8900,weekly,2020-3-19T21:00:00.000,options,put
124,1584084240000,123.35,126.3,118.8,121.35,10125,,8900,weekly,2020-3-19T21:00:00.000,options,put
125,1584084300000,121.35,121.35,117.05,117.85,6525,,8900,weekly,2020-3-19T21:00:00.000,options,put
126,1584084360000,118.1,120.2,114.25,120.2,21525,,8900,weekly,2020-3-19T21:00:00.000,options,put
127,1584084420000,120.35,124.6,118.75,121.25,9300,,8900,weekly,2020-3-19T21:00:00.000,options,put
128,1584084480000,122.0,122.0,108.3,108.3,8550,,8900,weekly,2020-3-19T21:00:00.000,options,put
129,1584084540000,107.55,108.2,100.45,104.65,17925,,8900,weekly,2020-3-19T21:00:00.000,options,put
130,1584084600000,105.0,110.4,101.7,104.55,14025,,8900,weekly,2020-3-19T21:00:00.000,options,put
131,1584084660000,102.5,104.95,100.8,101.05,7650,,8900,weekly,2020-3-19T21:00:00.000,options,put
132,1584084720000,102.8,108.2,100.9,100.9,10725,,8900,weekly,2020-3-19T21:00:00.000,options,put
133,1584084780000,100.9,101.35,89.9,91.4,16425,,8900,weekly,2020-3-19T21:00:00.000,options,put
134,1584084840000,92.7,103.75,92.7,100.0,14325,,8900,weekly,2020-3-19T21:00:00.000,options,put
135,1584084900000,100.0,101.35,94.75,98.45,31425,,8900,weekly,2020-3-19T21:00:00.000,options,put
136,1584084960000,98.45,99.9,84.3,88.05,37500,,8900,weekly,2020-3-19T21:00:00.000,options,put
137,1584085020000,88.05,89.7,80.05,80.3,20100,,8900,weekly,2020-3-19T21:00:00.000,options,put
138,1584085080000,81.05,86.75,80.75,82.0,13575,,8900,weekly,2020-3-19T21:00:00.000,options,put
139,1584085140000,84.5,85.95,72.0,75.85,17925,,8900,weekly,2020-3-19T21:00:00.000,options,put
140,1584085200000,76.7,82.75,75.35,82.75,23850,,8900,weekly,2020-3-19T21:00:00.000,options,put
141,1584085260000,82.75,90.0,82.75,87.7,12450,,8900,weekly,2020-3-19T21:00:00.000,options,put
142,1584085320000,87.65,101.15,87.5,95.0,28200,,8900,weekly,2020-3-19T21:00:00.000,options,put
143,1584085380000,96.2,101.3,91.4,94.85,8400,,8900,weekly,2020-3-19T21:00:00.000,options,put
144,1584085440000,95.85,96.2,87.6,90.0,21075,,8900,weekly,2020-3-19T21:00:00.000,options,put
145,1584085500000,90.0,91.9,84.2,88.95,11550,,8900,weekly,2020-3-19T21:00:00.000,options,put
146,1584085560000,89.15,92.8,88.05,92.8,5625,,8900,weekly,2020-3-19T21:00:00.000,options,put
147,1584085620000,92.1,92.65,87.9,91.4,3225,,8900,weekly,2020-3-19T21:00:00.000,options,put
148,1584085680000,91.65,93.35,87.7,91.25,10125,,8900,weekly,2020-3-19T21:00:00.000,options,put
149,1584085740000,93.25,96.4,91.7,95.0,3975,,8900,weekly,2020-3-19T21:00:00.000,options,put
150,1584085800000,93.65,94.55,91.65,91.65,3375,,8900,weekly,2020-3-19T21:00:00.000,options,put
151,1584085860000,91.4,91.4,88.65,90.0,8100,,8900,weekly,2020-3-19T21:00:00.000,options,put
152,1584085920000,90.0,92.3,89.95,89.95,8250,,8900,weekly,2020-3-19T21:00:00.000,options,put
153,1584085980000,89.8,90.7,86.7,86.9,3900,,8900,weekly,2020-3-19T21:00:00.000,options,put
154,1584086040000,86.7,91.0,86.5,90.45,3450,,8900,weekly,2020-3-19T21:00:00.000,options,put
155,1584086100000,90.45,91.0,90.0,90.8,6450,,8900,weekly,2020-3-19T21:00:00.000,options,put
156,1584086160000,90.8,94.45,90.5,94.45,10800,,8900,weekly,2020-3-19T21:00:00.000,options,put
157,1584086220000,95.0,98.9,94.75,98.9,4050,,8900,weekly,2020-3-19T21:00:00.000,options,put
158,1584086280000,99.6,106.8,96.75,102.15,12525,,8900,weekly,2020-3-19T21:00:00.000,options,put
159,1584086340000,102.0,102.0,92.1,92.1,5700,,8900,weekly,2020-3-19T21:00:00.000,options,put
160,1584086400000,92.05,97.95,92.05,93.5,3375,,8900,weekly,2020-3-19T21:00:00.000,options,put
161,1584086460000,93.4,93.7,90.45,93.7,5550,,8900,weekly,2020-3-19T21:00:00.000,options,put
162,1584086520000,93.7,93.7,87.6,88.1,13200,,8900,weekly,2020-3-19T21:00:00.000,options,put
163,1584086580000,89.05,89.65,85.05,85.45,10800,,8900,weekly,2020-3-19T21:00:00.000,options,put
164,1584086640000,87.0,87.5,80.75,82.75,12375,,8900,weekly,2020-3-19T21:00:00.000,options,put
165,1584086700000,85.4,88.95,83.25,87.05,10425,,8900,weekly,2020-3-19T21:00:00.000,options,put
166,1584086760000,87.35,88.25,84.0,85.75,4350,,8900,weekly,2020-3-19T21:00:00.000,options,put
167,1584086820000,85.75,88.2,82.0,88.2,7950,,8900,weekly,2020-3-19T21:00:00.000,options,put
168,1584086880000,88.35,94.2,87.75,91.75,4350,,8900,weekly,2020-3-19T21:00:00.000,options,put
169,1584086940000,93.25,96.75,91.8,93.1,7575,,8900,weekly,2020-3-19T21:00:00.000,options,put
170,1584087000000,93.2,97.2,90.0,97.2,5550,,8900,weekly,2020-3-19T21:00:00.000,options,put
171,1584087060000,95.5,97.05,93.3,96.7,15975,,8900,weekly,2020-3-19T21:00:00.000,options,put
172,1584087120000,96.5,102.15,96.5,99.35,16125,,8900,weekly,2020-3-19T21:00:00.000,options,put
173,1584087180000,100.0,104.3,99.9,103.0,6600,,8900,weekly,2020-3-19T21:00:00.000,options,put
174,1584087240000,101.25,103.0,97.25,103.0,9600,,8900,weekly,2020-3-19T21:00:00.000,options,put
175,1584087300000,103.0,111.15,101.75,110.8,15825,,8900,weekly,2020-3-19T21:00:00.000,options,put
176,1584087360000,111.65,115.95,110.05,115.95,11925,,8900,weekly,2020-3-19T21:00:00.000,options,put
177,1584087420000,116.65,120.0,112.25,118.8,9450,,8900,weekly,2020-3-19T21:00:00.000,options,put
178,1584087480000,118.8,124.65,115.0,122.7,9000,,8900,weekly,2020-3-19T21:00:00.000,options,put
179,1584087540000,122.1,123.7,107.35,109.6,16050,,8900,weekly,2020-3-19T21:00:00.000,options,put
180,1584087600000,109.5,109.5,103.3,107.25,8325,,8900,weekly,2020-3-19T21:00:00.000,options,put
181,1584087660000,108.75,122.95,108.75,120.05,6225,,8900,weekly,2020-3-19T21:00:00.000,options,put
182,1584087720000,122.1,122.1,115.0,115.25,5400,,8900,weekly,2020-3-19T21:00:00.000,options,put
183,1584087780000,115.0,121.4,114.35,118.0,4950,,8900,weekly,2020-3-19T21:00:00.000,options,put
184,1584087840000,117.7,117.9,107.65,110.0,8775,,8900,weekly,2020-3-19T21:00:00.000,options,put
185,1584087900000,110.35,118.8,108.4,116.0,5100,,8900,weekly,2020-3-19T21:00:00.000,options,put
186,1584087960000,115.1,117.65,115.1,115.4,3300,,8900,weekly,2020-3-19T21:00:00.000,options,put
187,1584088020000,114.65,115.3,112.55,113.1,5325,,8900,weekly,2020-3-19T21:00:00.000,options,put
188,1584088080000,113.1,115.9,112.35,112.35,2625,,8900,weekly,2020-3-19T21:00:00.000,options,put
189,1584088140000,111.75,118.05,110.75,114.2,5925,,8900,weekly,2020-3-19T21:00:00.000,options,put
190,1584088200000,115.85,124.7,115.85,124.7,18150,,8900,weekly,2020-3-19T21:00:00.000,options,put
191,1584088260000,124.55,125.4,119.85,120.65,8625,,8900,weekly,2020-3-19T21:00:00.000,options,put
192,1584088320000,121.0,121.0,110.1,116.75,9975,,8900,weekly,2020-3-19T21:00:00.000,options,put
193,1584088380000,116.95,119.95,115.5,118.3,3450,,8900,weekly,2020-3-19T21:00:00.000,options,put
194,1584088440000,118.6,120.95,117.8,117.8,6075,,8900,weekly,2020-3-19T21:00:00.000,options,put
195,1584088500000,118.6,120.85,111.95,112.6,5925,,8900,weekly,2020-3-19T21:00:00.000,options,put
196,1584088560000,115.0,118.7,113.4,115.5,5025,,8900,weekly,2020-3-19T21:00:00.000,options,put
197,1584088620000,117.05,118.8,112.5,112.5,3075,,8900,weekly,2020-3-19T21:00:00.000,options,put
198,1584088680000,112.6,116.0,111.25,114.1,4050,,8900,weekly,2020-3-19T21:00:00.000,options,put
199,1584088740000,112.25,112.75,106.65,112.75,7875,,8900,weekly,2020-3-19T21:00:00.000,options,put
200,1584088800000,113.25,117.9,113.25,117.75,3225,,8900,weekly,2020-3-19T21:00:00.000,options,put
201,1584088860000,117.8,119.0,108.6,109.8,3750,,8900,weekly,2020-3-19T21:00:00.000,options,put
202,1584088920000,110.55,117.0,110.55,116.75,3675,,8900,weekly,2020-3-19T21:00:00.000,options,put
203,1584088980000,115.9,116.15,112.55,114.0,4350,,8900,weekly,2020-3-19T21:00:00.000,options,put
204,1584089040000,113.8,115.3,110.3,115.3,4575,,8900,weekly,2020-3-19T21:00:00.000,options,put
205,1584089100000,115.55,120.0,113.5,119.55,6750,,8900,weekly,2020-3-19T21:00:00.000,options,put
206,1584089160000,119.85,132.4,119.75,129.6,21675,,8900,weekly,2020-3-19T21:00:00.000,options,put
207,1584089220000,129.6,129.6,117.95,122.5,10425,,8900,weekly,2020-3-19T21:00:00.000,options,put
208,1584089280000,121.5,133.8,120.1,130.1,18075,,8900,weekly,2020-3-19T21:00:00.000,options,put
209,1584089340000,129.8,134.8,128.0,133.35,8475,,8900,weekly,2020-3-19T21:00:00.000,options,put
210,1584089400000,133.3,138.9,128.85,131.15,20925,,8900,weekly,2020-3-19T21:00:00.000,options,put
211,1584089460000,130.6,132.0,124.45,127.2,16425,,8900,weekly,2020-3-19T21:00:00.000,options,put
212,1584089520000,127.2,127.5,113.75,116.05,19200,,8900,weekly,2020-3-19T21:00:00.000,options,put
213,1584089580000,116.55,129.35,116.55,129.0,17100,,8900,weekly,2020-3-19T21:00:00.000,options,put
214,1584089640000,128.7,134.4,126.45,134.4,6975,,8900,weekly,2020-3-19T21:00:00.000,options,put
215,1584089700000,134.2,140.0,134.05,136.9,20775,,8900,weekly,2020-3-19T21:00:00.000,options,put
216,1584089760000,135.05,141.0,134.4,136.25,15075,,8900,weekly,2020-3-19T21:00:00.000,options,put
217,1584089820000,136.25,140.35,130.9,139.45,7725,,8900,weekly,2020-3-19T21:00:00.000,options,put
218,1584089880000,139.45,147.3,139.15,147.3,18000,,8900,weekly,2020-3-19T21:00:00.000,options,put
219,1584089940000,147.3,151.2,141.2,142.95,47175,,8900,weekly,2020-3-19T21:00:00.000,options,put
220,1584090000000,143.85,155.75,143.75,155.75,49800,,8900,weekly,2020-3-19T21:00:00.000,options,put
221,1584090060000,155.2,176.3,154.0,175.35,52650,,8900,weekly,2020-3-19T21:00:00.000,options,put
222,1584090120000,175.55,181.9,166.8,181.9,23700,,8900,weekly,2020-3-19T21:00:00.000,options,put
223,1584090180000,181.4,183.9,170.55,180.4,22050,,8900,weekly,2020-3-19T21:00:00.000,options,put
224,1584090240000,180.9,197.35,179.75,196.05,19725,,8900,weekly,2020-3-19T21:00:00.000,options,put
225,1584090300000,195.55,195.55,172.15,172.15,28575,,8900,weekly,2020-3-19T21:00:00.000,options,put
226,1584090360000,170.0,173.5,154.3,166.55,27450,,8900,weekly,2020-3-19T21:00:00.000,options,put
227,1584090420000,166.55,180.9,165.8,179.45,7425,,8900,weekly,2020-3-19T21:00:00.000,options,put
228,1584090480000,178.0,178.5,170.1,170.35,34050,,8900,weekly,2020-3-19T21:00:00.000,options,put
229,1584090540000,170.35,170.35,160.0,164.65,15750,,8900,weekly,2020-3-19T21:00:00.000,options,put
230,1584090600000,164.3,166.1,146.3,149.0,15000,,8900,weekly,2020-3-19T21:00:00.000,options,put
231,1584090660000,149.2,149.2,137.5,141.8,13650,,8900,weekly,2020-3-19T21:00:00.000,options,put
232,1584090720000,141.05,148.15,139.4,145.15,8325,,8900,weekly,2020-3-19T21:00:00.000,options,put
233,1584090780000,143.85,146.65,136.3,145.3,12600,,8900,weekly,2020-3-19T21:00:00.000,options,put
234,1584090840000,143.25,143.25,127.85,131.2,12450,,8900,weekly,2020-3-19T21:00:00.000,options,put
235,1584090900000,131.2,138.55,129.8,138.55,7425,,8900,weekly,2020-3-19T21:00:00.000,options,put
236,1584090960000,138.55,142.2,137.15,140.45,4500,,8900,weekly,2020-3-19T21:00:00.000,options,put
237,1584091020000,140.7,140.7,134.1,139.2,6075,,8900,weekly,2020-3-19T21:00:00.000,options,put
238,1584091080000,139.2,151.0,139.2,148.1,8325,,8900,weekly,2020-3-19T21:00:00.000,options,put
239,1584091140000,149.15,155.45,149.15,151.1,5925,,8900,weekly,2020-3-19T21:00:00.000,options,put
240,1584091200000,152.0,158.35,152.0,154.3,8325,,8900,weekly,2020-3-19T21:00:00.000,options,put
241,1584091260000,153.75,156.75,137.85,137.85,7275,,8900,weekly,2020-3-19T21:00:00.000,options,put
242,1584091320000,138.0,138.0,129.55,133.0,11325,,8900,weekly,2020-3-19T21:00:00.000,options,put
243,1584091380000,132.35,133.15,123.1,124.6,16875,,8900,weekly,2020-3-19T21:00:00.000,options,put
244,1584091440000,123.25,134.7,123.0,129.45,17025,,8900,weekly,2020-3-19T21:00:00.000,options,put
245,1584091500000,129.4,133.95,125.0,125.0,5700,,8900,weekly,2020-3-19T21:00:00.000,options,put
246,1584091560000,125.0,129.85,123.6,128.85,7500,,8900,weekly,2020-3-19T21:00:00.000,options,put
247,1584091620000,129.55,129.55,125.3,128.95,9450,,8900,weekly,2020-3-19T21:00:00.000,options,put
248,1584091680000,126.0,129.2,118.6,118.65,5700,,8900,weekly,2020-3-19T21:00:00.000,options,put
249,1584091740000,118.65,120.9,106.65,111.6,21600,,8900,weekly,2020-3-19T21:00:00.000,options,put
250,1584091800000,111.6,127.35,111.6,125.85,18600,,8900,weekly,2020-3-19T21:00:00.000,options,put
251,1584091860000,125.65,139.55,125.65,135.0,17475,,8900,weekly,2020-3-19T21:00:00.000,options,put
252,1584091920000,135.0,135.0,123.4,124.0,7950,,8900,weekly,2020-3-19T21:00:00.000,options,put
253,1584091980000,124.0,131.95,123.35,131.8,9225,,8900,weekly,2020-3-19T21:00:00.000,options,put
254,1584092040000,132.8,139.9,131.7,135.0,10800,,8900,weekly,2020-3-19T21:00:00.000,options,put
255,1584092100000,135.0,135.0,130.7,131.25,4800,,8900,weekly,2020-3-19T21:00:00.000,options,put
256,1584092160000,131.65,132.85,117.8,125.6,9375,,8900,weekly,2020-3-19T21:00:00.000,options,put
257,1584092220000,126.75,130.7,125.6,128.5,4425,,8900,weekly,2020-3-19T21:00:00.000,options,put
258,1584092280000,128.55,135.75,128.55,134.05,9900,,8900,weekly,2020-3-19T21:00:00.000,options,put
259,1584092340000,134.05,134.95,125.0,125.0,14700,,8900,weekly,2020-3-19T21:00:00.000,options,put
260,1584092400000,125.0,130.1,123.45,126.65,7275,,8900,weekly,2020-3-19T21:00:00.000,options,put
261,1584092460000,126.9,131.55,125.8,129.0,3000,,8900,weekly,2020-3-19T21:00:00.000,options,put
262,1584092520000,129.0,132.8,128.2,130.95,15450,,8900,weekly,2020-3-19T21:00:00.000,options,put
263,1584092580000,132.0,132.0,117.1,117.1,8400,,8900,weekly,2020-3-19T21:00:00.000,options,put
264,1584092640000,118.3,131.7,118.3,122.55,14025,,8900,weekly,2020-3-19T21:00:00.000,options,put
265,1584092700000,120.7,124.95,118.0,124.95,17775,,8900,weekly,2020-3-19T21:00:00.000,options,put
266,1584092760000,124.45,129.2,124.05,126.15,3900,,8900,weekly,2020-3-19T21:00:00.000,options,put
267,1584092820000,126.15,129.0,125.0,128.55,9375,,8900,weekly,2020-3-19T21:00:00.000,options,put
268,1584092880000,129.4,129.7,123.5,125.35,13275,,8900,weekly,2020-3-19T21:00:00.000,options,put
269,1584092940000,125.35,130.0,125.35,130.0,8625,,8900,weekly,2020-3-19T21:00:00.000,options,put
270,1584093000000,130.0,130.0,126.6,128.65,7050,,8900,weekly,2020-3-19T21:00:00.000,options,put
271,1584093060000,128.85,129.75,125.45,126.75,7575,,8900,weekly,2020-3-19T21:00:00.000,options,put
272,1584093120000,126.8,128.3,125.5,126.55,6075,,8900,weekly,2020-3-19T21:00:00.000,options,put
273,1584093180000,128.0,129.0,125.2,125.2,16575,,8900,weekly,2020-3-19T21:00:00.000,options,put
274,1584093240000,126.8,126.8,120.5,121.85,10200,,8900,weekly,2020-3-19T21:00:00.000,options,put
275,1584093300000,121.8,122.65,116.95,117.1,18750,,8900,weekly,2020-3-19T21:00:00.000,options,put
276,1584093360000,117.1,118.2,114.3,115.05,12075,,8900,weekly,2020-3-19T21:00:00.000,options,put
277,1584093420000,115.7,119.35,111.7,116.1,26250,,8900,weekly,2020-3-19T21:00:00.000,options,put
278,1584093480000,115.05,117.4,113.85,117.4,11700,,8900,weekly,2020-3-19T21:00:00.000,options,put
