,timestamp,open,high,low,close,volume,open_interest,strike,expiry_type,expiry,instrument,contract_type
0,1546833480000,936.65,936.65,936.65,936.65,20,,26500,weekly,2019-1-17T21:00:00.000,options,call
1,1546833540000,936.65,936.65,936.65,936.65,0,,26500,weekly,2019-1-17T21:00:00.000,options,call
2,1546833600000,936.65,936.65,936.65,936.65,0,,26500,weekly,2019-1-17T21:00:00.000,options,call
3,1546833660000,936.65,936.65,936.65,936.65,0,,26500,weekly,2019-1-17T21:00:00.000,options,call
4,1546833720000,936.65,936.65,936.65,936.65,0,,26500,weekly,2019-1-17T21:00:00.000,options,call
5,1546833780000,936.65,936.65,936.65,936.65,0,,26500,weekly,2019-1-17T21:00:00.000,options,call
6,1546833840000,936.65,936.65,936.65,936.65,0,,26500,weekly,2019-1-17T21:00:00.000,options,call
7,1546833900000,936.65,936.65,936.65,936.65,0,,26500,weekly,2019-1-17T21:00:00.000,options,call
8,1546833960000,936.65,936.65,936.65,936.65,0,,26500,weekly,2019-1-17T21:00:00.000,options,call
9,1546834020000,936.65,936.65,936.65,936.65,0,,26500,weekly,2019-1-17T21:00:00.000,options,call
10,1546834080000,936.65,936.65,936.65,936.65,0,,26500,weekly,2019-1-17T21:00:00.000,options,call
11,1546834140000,936.65,936.65,936.65,936.65,0,,26500,weekly,2019-1-17T21:00:00.000,options,call
12,1546834200000,936.65,936.65,936.65,936.65,0,,26500,weekly,2019-1-17T21:00:00.000,options,call
13,1546834260000,936.65,936.65,936.65,936.65,0,,26500,weekly,2019-1-17T21:00:00.000,options,call
14,1546834320000,936.65,936.65,936.65,936.65,0,,26500,weekly,2019-1-17T21:00:00.000,options,call
15,1546834380000,936.65,936.65,936.65,936.65,0,,26500,weekly,2019-1-17T21:00:00.000,options,call
16,1546834440000,936.65,936.65,936.65,936.65,0,,26500,weekly,2019-1-17T21:00:00.000,options,call
17,1546834500000,936.65,936.65,936.65,936.65,0,,26500,weekly,2019-1-17T21:00:00.000,options,call
18,1546834560000,936.65,936.65,936.65,936.65,0,,26500,weekly,2019-1-17T21:00:00.000,options,call
19,1546834620000,936.65,936.65,936.65,936.65,0,,26500,weekly,2019-1-17T21:00:00.000,options,call
20,1546834680000,936.65,936.65,936.65,936.65,0,,26500,weekly,2019-1-17T21:00:00.000,options,call
21,1546834740000,936.65,936.65,936.65,936.65,0,,26500,weekly,2019-1-17T21:00:00.000,options,call
22,1546834800000,936.65,936.65,936.65,936.65,0,,26500,weekly,2019-1-17T21:00:00.000,options,call
23,1546834860000,936.65,936.65,936.65,936.65,0,,26500,weekly,2019-1-17T21:00:00.000,options,call
24,1546834920000,936.65,936.65,936.65,936.65,0,,26500,weekly,2019-1-17T21:00:00.000,options,call
25,1546834980000,936.65,936.65,936.65,936.65,0,,26500,weekly,2019-1-17T21:00:00.000,options,call
26,1546835040000,936.65,936.65,936.65,936.65,0,,26500,weekly,2019-1-17T21:00:00.000,options,call
27,1546835100000,936.65,936.65,936.65,936.65,0,,26500,weekly,2019-1-17T21:00:00.000,options,call
28,1546835160000,936.65,936.65,936.65,936.65,0,,26500,weekly,2019-1-17T21:00:00.000,options,call
29,1546835220000,936.65,936.65,936.65,936.65,0,,26500,weekly,2019-1-17T21:00:00.000,options,call
30,1546835280000,936.65,936.65,936.65,936.65,0,,26500,weekly,2019-1-17T21:00:00.000,options,call
31,1546835340000,936.65,936.65,936.65,936.65,0,,26500,weekly,2019-1-17T21:00:00.000,options,call
32,1546835400000,936.65,936.65,936.65,936.65,0,,26500,weekly,2019-1-17T21:00:00.000,options,call
33,1546835460000,936.65,936.65,936.65,936.65,0,,26500,weekly,2019-1-17T21:00:00.000,options,call
34,1546835520000,936.65,936.65,936.65,936.65,0,,26500,weekly,2019-1-17T21:00:00.000,options,call
35,1546835580000,936.65,936.65,936.65,936.65,0,,26500,weekly,2019-1-17T21:00:00.000,options,call
36,1546835640000,936.65,936.65,936.65,936.65,0,,26500,weekly,2019-1-17T21:00:00.000,options,call
37,1546835700000,936.65,936.65,936.65,936.65,0,,26500,weekly,2019-1-17T21:00:00.000,options,call
38,1546835760000,936.65,936.65,936.65,936.65,0,,26500,weekly,2019-1-17T21:00:00.000,options,call
39,1546835820000,936.65,936.65,936.65,936.65,0,,26500,weekly,2019-1-17T21:00:00.000,options,call
40,1546835880000,936.65,936.65,936.65,936.65,0,,26500,weekly,2019-1-17T21:00:00.000,options,call
41,1546835940000,936.65,936.65,936.65,936.65,0,,26500,weekly,2019-1-17T21:00:00.000,options,call
42,1546836000000,936.65,936.65,936.65,936.65,0,,26500,weekly,2019-1-17T21:00:00.000,options,call
43,1546836060000,936.65,936.65,936.65,936.65,0,,26500,weekly,2019-1-17T21:00:00.000,options,call
44,1546836120000,936.65,936.65,936.65,936.65,0,,26500,weekly,2019-1-17T21:00:00.000,options,call
45,1546836180000,936.65,936.65,936.65,936.65,0,,26500,weekly,2019-1-17T21:00:00.000,options,call
46,1546836240000,936.65,936.65,936.65,936.65,0,,26500,weekly,2019-1-17T21:00:00.000,options,call
47,1546836300000,936.65,936.65,936.65,936.65,0,,26500,weekly,2019-1-17T21:00:00.000,options,call
48,1546836360000,936.65,936.65,936.65,936.65,0,,26500,weekly,2019-1-17T21:00:00.000,options,call
49,1546836420000,936.65,936.65,936.65,936.65,0,,26500,weekly,2019-1-17T21:00:00.000,options,call
50,1546836480000,936.65,936.65,936.65,936.65,0,,26500,weekly,2019-1-17T21:00:00.000,options,call
51,1546836540000,936.65,936.65,936.65,936.65,0,,26500,weekly,2019-1-17T21:00:00.000,options,call
52,1546836600000,936.65,936.65,936.65,936.65,0,,26500,weekly,2019-1-17T21:00:00.000,options,call
53,1546836660000,936.65,936.65,936.65,936.65,0,,26500,weekly,2019-1-17T21:00:00.000,options,call
54,1546836720000,936.65,936.65,936.65,936.65,0,,26500,weekly,2019-1-17T21:00:00.000,options,call
55,1546836780000,936.65,936.65,936.65,936.65,0,,26500,weekly,2019-1-17T21:00:00.000,options,call
56,1546836840000,936.65,936.65,936.65,936.65,0,,26500,weekly,2019-1-17T21:00:00.000,options,call
57,1546836900000,936.65,936.65,936.65,936.65,0,,26500,weekly,2019-1-17T21:00:00.000,options,call
58,1546836960000,936.65,936.65,936.65,936.65,0,,26500,weekly,2019-1-17T21:00:00.000,options,call
59,1546837020000,936.65,936.65,936.65,936.65,0,,26500,weekly,2019-1-17T21:00:00.000,options,call
60,1546837080000,936.65,936.65,936.65,936.65,0,,26500,weekly,2019-1-17T21:00:00.000,options,call
61,1546837140000,936.65,936.65,936.65,936.65,0,,26500,weekly,2019-1-17T21:00:00.000,options,call
62,1546837200000,936.65,936.65,936.65,936.65,0,,26500,weekly,2019-1-17T21:00:00.000,options,call
63,1546837260000,936.65,936.65,936.65,936.65,0,,26500,weekly,2019-1-17T21:00:00.000,options,call
64,1546837320000,936.65,936.65,936.65,936.65,0,,26500,weekly,2019-1-17T21:00:00.000,options,call
65,1546837380000,936.65,936.65,936.65,936.65,0,,26500,weekly,2019-1-17T21:00:00.000,options,call
66,1546837440000,936.65,936.65,936.65,936.65,0,,26500,weekly,2019-1-17T21:00:00.000,options,call
67,1546837500000,936.65,936.65,936.65,936.65,0,,26500,weekly,2019-1-17T21:00:00.000,options,call
68,1546837560000,936.65,936.65,936.65,936.65,0,,26500,weekly,2019-1-17T21:00:00.000,options,call
69,1546837620000,936.65,936.65,936.65,936.65,0,,26500,weekly,2019-1-17T21:00:00.000,options,call
70,1546837680000,936.65,936.65,936.65,936.65,0,,26500,weekly,2019-1-17T21:00:00.000,options,call
71,1546837740000,936.65,936.65,936.65,936.65,0,,26500,weekly,2019-1-17T21:00:00.000,options,call
72,1546837800000,936.65,936.65,936.65,936.65,0,,26500,weekly,2019-1-17T21:00:00.000,options,call
73,1546837860000,936.65,936.65,936.65,936.65,0,,26500,weekly,2019-1-17T21:00:00.000,options,call
74,1546837920000,936.65,936.65,936.65,936.65,0,,26500,weekly,2019-1-17T21:00:00.000,options,call
75,1546837980000,936.65,936.65,936.65,936.65,0,,26500,weekly,2019-1-17T21:00:00.000,options,call
76,1546838040000,936.65,936.65,936.65,936.65,0,,26500,weekly,2019-1-17T21:00:00.000,options,call
77,1546838100000,936.65,936.65,936.65,936.65,0,,26500,weekly,2019-1-17T21:00:00.000,options,call
78,1546838160000,936.65,936.65,936.65,936.65,0,,26500,weekly,2019-1-17T21:00:00.000,options,call
79,1546838220000,936.65,936.65,936.65,936.65,0,,26500,weekly,2019-1-17T21:00:00.000,options,call
80,1546838280000,936.65,936.65,936.65,936.65,0,,26500,weekly,2019-1-17T21:00:00.000,options,call
81,1546838340000,936.65,936.65,936.65,936.65,0,,26500,weekly,2019-1-17T21:00:00.000,options,call
82,1546838400000,936.65,936.65,936.65,936.65,0,,26500,weekly,2019-1-17T21:00:00.000,options,call
83,1546838460000,936.65,936.65,936.65,936.65,0,,26500,weekly,2019-1-17T21:00:00.000,options,call
84,1546838520000,936.65,936.65,936.65,936.65,0,,26500,weekly,2019-1-17T21:00:00.000,options,call
85,1546838580000,936.65,936.65,936.65,936.65,0,,26500,weekly,2019-1-17T21:00:00.000,options,call
86,1546838640000,936.65,936.65,936.65,936.65,0,,26500,weekly,2019-1-17T21:00:00.000,options,call
87,1546838700000,936.65,936.65,936.65,936.65,0,,26500,weekly,2019-1-17T21:00:00.000,options,call
88,1546838760000,936.65,936.65,936.65,936.65,0,,26500,weekly,2019-1-17T21:00:00.000,options,call
89,1546838820000,936.65,936.65,936.65,936.65,0,,26500,weekly,2019-1-17T21:00:00.000,options,call
90,1546838880000,936.65,936.65,936.65,936.65,0,,26500,weekly,2019-1-17T21:00:00.000,options,call
91,1546838940000,936.65,936.65,936.65,936.65,0,,26500,weekly,2019-1-17T21:00:00.000,options,call
92,1546839000000,936.65,936.65,936.65,936.65,0,,26500,weekly,2019-1-17T21:00:00.000,options,call
93,1546839060000,936.65,936.65,936.65,936.65,0,,26500,weekly,2019-1-17T21:00:00.000,options,call
94,1546839120000,936.65,936.65,936.65,936.65,0,,26500,weekly,2019-1-17T21:00:00.000,options,call
95,1546839180000,936.65,936.65,936.65,936.65,0,,26500,weekly,2019-1-17T21:00:00.000,options,call
96,1546839240000,936.65,936.65,936.65,936.65,0,,26500,weekly,2019-1-17T21:00:00.000,options,call
97,1546839300000,936.65,936.65,936.65,936.65,0,,26500,weekly,2019-1-17T21:00:00.000,options,call
98,1546839360000,936.65,936.65,936.65,936.65,0,,26500,weekly,2019-1-17T21:00:00.000,options,call
99,1546839420000,936.65,936.65,936.65,936.65,0,,26500,weekly,2019-1-17T21:00:00.000,options,call
100,1546839480000,936.65,936.65,936.65,936.65,0,,26500,weekly,2019-1-17T21:00:00.000,options,call
101,1546839540000,936.65,936.65,936.65,936.65,0,,26500,weekly,2019-1-17T21:00:00.000,options,call
102,1546839600000,936.65,936.65,936.65,936.65,0,,26500,weekly,2019-1-17T21:00:00.000,options,call
103,1546839660000,936.65,936.65,936.65,936.65,0,,26500,weekly,2019-1-17T21:00:00.000,options,call
104,1546839720000,936.65,936.65,936.65,936.65,0,,26500,weekly,2019-1-17T21:00:00.000,options,call
105,1546839780000,936.65,936.65,936.65,936.65,0,,26500,weekly,2019-1-17T21:00:00.000,options,call
106,1546839840000,936.65,936.65,936.65,936.65,0,,26500,weekly,2019-1-17T21:00:00.000,options,call
107,1546839900000,936.65,936.65,936.65,936.65,0,,26500,weekly,2019-1-17T21:00:00.000,options,call
108,1546839960000,936.65,936.65,936.65,936.65,0,,26500,weekly,2019-1-17T21:00:00.000,options,call
109,1546840020000,936.65,936.65,936.65,936.65,0,,26500,weekly,2019-1-17T21:00:00.000,options,call
110,1546840080000,936.65,936.65,936.65,936.65,0,,26500,weekly,2019-1-17T21:00:00.000,options,call
111,1546840140000,936.65,936.65,936.65,936.65,0,,26500,weekly,2019-1-17T21:00:00.000,options,call
112,1546840200000,936.65,936.65,936.65,936.65,0,,26500,weekly,2019-1-17T21:00:00.000,options,call
113,1546840260000,936.65,936.65,936.65,936.65,0,,26500,weekly,2019-1-17T21:00:00.000,options,call
114,1546840320000,936.65,936.65,936.65,936.65,0,,26500,weekly,2019-1-17T21:00:00.000,options,call
115,1546840380000,936.65,936.65,936.65,936.65,0,,26500,weekly,2019-1-17T21:00:00.000,options,call
116,1546840440000,936.65,936.65,936.65,936.65,0,,26500,weekly,2019-1-17T21:00:00.000,options,call
117,1546840500000,936.65,936.65,936.65,936.65,0,,26500,weekly,2019-1-17T21:00:00.000,options,call
118,1546840560000,936.65,936.65,936.65,936.65,0,,26500,weekly,2019-1-17T21:00:00.000,options,call
119,1546840620000,936.65,936.65,936.65,936.65,0,,26500,weekly,2019-1-17T21:00:00.000,options,call
120,1546840680000,936.65,936.65,936.65,936.65,0,,26500,weekly,2019-1-17T21:00:00.000,options,call
121,1546840740000,936.65,936.65,936.65,936.65,0,,26500,weekly,2019-1-17T21:00:00.000,options,call
122,1546840800000,936.65,936.65,936.65,936.65,0,,26500,weekly,2019-1-17T21:00:00.000,options,call
123,1546840860000,936.65,936.65,936.65,936.65,0,,26500,weekly,2019-1-17T21:00:00.000,options,call
124,1546840920000,936.65,936.65,936.65,936.65,0,,26500,weekly,2019-1-17T21:00:00.000,options,call
125,1546840980000,936.65,936.65,936.65,936.65,0,,26500,weekly,2019-1-17T21:00:00.000,options,call
126,1546841040000,936.65,936.65,936.65,936.65,0,,26500,weekly,2019-1-17T21:00:00.000,options,call
127,1546841100000,936.65,936.65,936.65,936.65,0,,26500,weekly,2019-1-17T21:00:00.000,options,call
128,1546841160000,936.65,936.65,936.65,936.65,0,,26500,weekly,2019-1-17T21:00:00.000,options,call
129,1546841220000,936.65,936.65,936.65,936.65,0,,26500,weekly,2019-1-17T21:00:00.000,options,call
130,1546841280000,936.65,936.65,936.65,936.65,0,,26500,weekly,2019-1-17T21:00:00.000,options,call
131,1546841340000,936.65,936.65,936.65,936.65,0,,26500,weekly,2019-1-17T21:00:00.000,options,call
132,1546841400000,936.65,936.65,936.65,936.65,0,,26500,weekly,2019-1-17T21:00:00.000,options,call
133,1546841460000,936.65,936.65,936.65,936.65,0,,26500,weekly,2019-1-17T21:00:00.000,options,call
134,1546841520000,936.65,936.65,936.65,936.65,0,,26500,weekly,2019-1-17T21:00:00.000,options,call
135,1546841580000,936.65,936.65,936.65,936.65,0,,26500,weekly,2019-1-17T21:00:00.000,options,call
136,1546841640000,936.65,936.65,936.65,936.65,0,,26500,weekly,2019-1-17T21:00:00.000,options,call
137,1546841700000,936.65,936.65,936.65,936.65,0,,26500,weekly,2019-1-17T21:00:00.000,options,call
138,1546841760000,936.65,936.65,936.65,936.65,0,,26500,weekly,2019-1-17T21:00:00.000,options,call
139,1546841820000,936.65,936.65,936.65,936.65,0,,26500,weekly,2019-1-17T21:00:00.000,options,call
140,1546841880000,936.65,936.65,936.65,936.65,0,,26500,weekly,2019-1-17T21:00:00.000,options,call
141,1546841940000,936.65,936.65,936.65,936.65,0,,26500,weekly,2019-1-17T21:00:00.000,options,call
142,1546842000000,936.65,936.65,936.65,936.65,0,,26500,weekly,2019-1-17T21:00:00.000,options,call
143,1546842060000,936.65,936.65,936.65,936.65,0,,26500,weekly,2019-1-17T21:00:00.000,options,call
144,1546842120000,936.65,936.65,936.65,936.65,0,,26500,weekly,2019-1-17T21:00:00.000,options,call
145,1546842180000,936.65,936.65,936.65,936.65,0,,26500,weekly,2019-1-17T21:00:00.000,options,call
146,1546842240000,936.65,936.65,936.65,936.65,0,,26500,weekly,2019-1-17T21:00:00.000,options,call
147,1546842300000,936.65,936.65,936.65,936.65,0,,26500,weekly,2019-1-17T21:00:00.000,options,call
148,1546842360000,936.65,936.65,936.65,936.65,0,,26500,weekly,2019-1-17T21:00:00.000,options,call
149,1546842420000,936.65,950.0,936.65,950.0,20,,26500,weekly,2019-1-17T21:00:00.000,options,call
150,1546842480000,950.0,950.0,950.0,950.0,0,,26500,weekly,2019-1-17T21:00:00.000,options,call
151,1546842540000,950.0,950.0,950.0,950.0,0,,26500,weekly,2019-1-17T21:00:00.000,options,call
152,1546842600000,950.0,950.0,950.0,950.0,0,,26500,weekly,2019-1-17T21:00:00.000,options,call
153,1546842660000,950.0,950.0,950.0,950.0,0,,26500,weekly,2019-1-17T21:00:00.000,options,call
154,1546842720000,950.0,950.0,950.0,950.0,0,,26500,weekly,2019-1-17T21:00:00.000,options,call
155,1546842780000,950.0,950.0,950.0,950.0,0,,26500,weekly,2019-1-17T21:00:00.000,options,call
156,1546842840000,950.0,950.0,950.0,950.0,0,,26500,weekly,2019-1-17T21:00:00.000,options,call
157,1546842900000,950.0,950.0,950.0,950.0,0,,26500,weekly,2019-1-17T21:00:00.000,options,call
158,1546842960000,950.0,950.0,950.0,950.0,0,,26500,weekly,2019-1-17T21:00:00.000,options,call
159,1546843020000,950.0,950.0,950.0,950.0,0,,26500,weekly,2019-1-17T21:00:00.000,options,call
160,1546843080000,950.0,950.0,950.0,950.0,0,,26500,weekly,2019-1-17T21:00:00.000,options,call
161,1546843140000,950.0,950.0,950.0,950.0,0,,26500,weekly,2019-1-17T21:00:00.000,options,call
162,1546843200000,950.0,950.0,950.0,950.0,0,,26500,weekly,2019-1-17T21:00:00.000,options,call
163,1546843260000,950.0,950.0,950.0,950.0,0,,26500,weekly,2019-1-17T21:00:00.000,options,call
164,1546843320000,950.0,950.0,950.0,950.0,0,,26500,weekly,2019-1-17T21:00:00.000,options,call
165,1546843380000,950.0,950.0,950.0,950.0,0,,26500,weekly,2019-1-17T21:00:00.000,options,call
166,1546843440000,950.0,950.0,950.0,950.0,0,,26500,weekly,2019-1-17T21:00:00.000,options,call
167,1546843500000,950.0,950.0,950.0,950.0,0,,26500,weekly,2019-1-17T21:00:00.000,options,call
168,1546843560000,950.0,950.0,950.0,950.0,0,,26500,weekly,2019-1-17T21:00:00.000,options,call
169,1546843620000,950.0,950.0,950.0,950.0,0,,26500,weekly,2019-1-17T21:00:00.000,options,call
170,1546843680000,950.0,950.0,950.0,950.0,0,,26500,weekly,2019-1-17T21:00:00.000,options,call
171,1546843740000,950.0,950.0,950.0,950.0,0,,26500,weekly,2019-1-17T21:00:00.000,options,call
172,1546843800000,950.0,950.0,950.0,950.0,0,,26500,weekly,2019-1-17T21:00:00.000,options,call
173,1546843860000,950.0,950.0,950.0,950.0,0,,26500,weekly,2019-1-17T21:00:00.000,options,call
174,1546843920000,950.0,950.0,950.0,950.0,0,,26500,weekly,2019-1-17T21:00:00.000,options,call
175,1546843980000,950.0,950.0,950.0,950.0,0,,26500,weekly,2019-1-17T21:00:00.000,options,call
176,1546844040000,950.0,950.0,950.0,950.0,0,,26500,weekly,2019-1-17T21:00:00.000,options,call
177,1546844100000,950.0,950.0,950.0,950.0,0,,26500,weekly,2019-1-17T21:00:00.000,options,call
178,1546844160000,950.0,950.0,950.0,950.0,0,,26500,weekly,2019-1-17T21:00:00.000,options,call
179,1546844220000,950.0,950.0,950.0,950.0,0,,26500,weekly,2019-1-17T21:00:00.000,options,call
180,1546844280000,950.0,950.0,950.0,950.0,0,,26500,weekly,2019-1-17T21:00:00.000,options,call
181,1546844340000,950.0,950.0,950.0,950.0,0,,26500,weekly,2019-1-17T21:00:00.000,options,call
182,1546844400000,950.0,950.0,950.0,950.0,0,,26500,weekly,2019-1-17T21:00:00.000,options,call
183,1546844460000,950.0,950.0,950.0,950.0,0,,26500,weekly,2019-1-17T21:00:00.000,options,call
184,1546844520000,950.0,950.0,950.0,950.0,0,,26500,weekly,2019-1-17T21:00:00.000,options,call
185,1546844580000,950.0,950.0,950.0,950.0,0,,26500,weekly,2019-1-17T21:00:00.000,options,call
186,1546844640000,950.0,950.0,950.0,950.0,0,,26500,weekly,2019-1-17T21:00:00.000,options,call
187,1546844700000,950.0,950.0,950.0,950.0,0,,26500,weekly,2019-1-17T21:00:00.000,options,call
188,1546844760000,950.0,950.0,950.0,950.0,0,,26500,weekly,2019-1-17T21:00:00.000,options,call
189,1546844820000,950.0,950.0,950.0,950.0,0,,26500,weekly,2019-1-17T21:00:00.000,options,call
190,1546844880000,950.0,950.0,950.0,950.0,0,,26500,weekly,2019-1-17T21:00:00.000,options,call
191,1546844940000,950.0,950.0,950.0,950.0,0,,26500,weekly,2019-1-17T21:00:00.000,options,call
192,1546845000000,950.0,950.0,950.0,950.0,0,,26500,weekly,2019-1-17T21:00:00.000,options,call
193,1546845060000,950.0,950.0,950.0,950.0,0,,26500,weekly,2019-1-17T21:00:00.000,options,call
194,1546845120000,950.0,950.0,950.0,950.0,0,,26500,weekly,2019-1-17T21:00:00.000,options,call
195,1546845180000,950.0,950.0,950.0,950.0,0,,26500,weekly,2019-1-17T21:00:00.000,options,call
196,1546845240000,950.0,950.0,950.0,950.0,0,,26500,weekly,2019-1-17T21:00:00.000,options,call
197,1546845300000,950.0,950.0,950.0,950.0,0,,26500,weekly,2019-1-17T21:00:00.000,options,call
198,1546845360000,950.0,950.0,950.0,950.0,0,,26500,weekly,2019-1-17T21:00:00.000,options,call
199,1546845420000,950.0,950.0,950.0,950.0,0,,26500,weekly,2019-1-17T21:00:00.000,options,call
200,1546845480000,950.0,950.0,950.0,950.0,0,,26500,weekly,2019-1-17T21:00:00.000,options,call
201,1546845540000,950.0,950.0,950.0,950.0,0,,26500,weekly,2019-1-17T21:00:00.000,options,call
202,1546845600000,950.0,950.0,950.0,950.0,0,,26500,weekly,2019-1-17T21:00:00.000,options,call
203,1546845660000,950.0,950.0,950.0,950.0,0,,26500,weekly,2019-1-17T21:00:00.000,options,call
204,1546845720000,950.0,950.0,950.0,950.0,0,,26500,weekly,2019-1-17T21:00:00.000,options,call
205,1546845780000,950.0,950.0,950.0,950.0,0,,26500,weekly,2019-1-17T21:00:00.000,options,call
206,1546845840000,950.0,950.0,950.0,950.0,0,,26500,weekly,2019-1-17T21:00:00.000,options,call
207,1546845900000,950.0,950.0,950.0,950.0,0,,26500,weekly,2019-1-17T21:00:00.000,options,call
208,1546845960000,950.0,950.0,950.0,950.0,0,,26500,weekly,2019-1-17T21:00:00.000,options,call
209,1546846020000,950.0,950.0,950.0,950.0,0,,26500,weekly,2019-1-17T21:00:00.000,options,call
210,1546846080000,950.0,950.0,950.0,950.0,0,,26500,weekly,2019-1-17T21:00:00.000,options,call
211,1546846140000,950.0,950.0,950.0,950.0,0,,26500,weekly,2019-1-17T21:00:00.000,options,call
212,1546846200000,950.0,950.0,950.0,950.0,0,,26500,weekly,2019-1-17T21:00:00.000,options,call
213,1546846260000,950.0,950.0,950.0,950.0,0,,26500,weekly,2019-1-17T21:00:00.000,options,call
214,1546846320000,950.0,950.0,950.0,950.0,0,,26500,weekly,2019-1-17T21:00:00.000,options,call
215,1546846380000,950.0,950.0,950.0,950.0,0,,26500,weekly,2019-1-17T21:00:00.000,options,call
216,1546846440000,950.0,950.0,950.0,950.0,0,,26500,weekly,2019-1-17T21:00:00.000,options,call
217,1546846500000,950.0,950.0,950.0,950.0,0,,26500,weekly,2019-1-17T21:00:00.000,options,call
218,1546846560000,950.0,950.0,950.0,950.0,0,,26500,weekly,2019-1-17T21:00:00.000,options,call
219,1546846620000,950.0,950.0,950.0,950.0,0,,26500,weekly,2019-1-17T21:00:00.000,options,call
220,1546846680000,950.0,950.0,950.0,950.0,0,,26500,weekly,2019-1-17T21:00:00.000,options,call
221,1546846740000,950.0,950.0,950.0,950.0,0,,26500,weekly,2019-1-17T21:00:00.000,options,call
222,1546846800000,950.0,950.0,950.0,950.0,0,,26500,weekly,2019-1-17T21:00:00.000,options,call
223,1546846860000,950.0,950.0,950.0,950.0,0,,26500,weekly,2019-1-17T21:00:00.000,options,call
224,1546846920000,950.0,950.0,950.0,950.0,0,,26500,weekly,2019-1-17T21:00:00.000,options,call
225,1546846980000,950.0,950.0,950.0,950.0,0,,26500,weekly,2019-1-17T21:00:00.000,options,call
226,1546847040000,950.0,950.0,950.0,950.0,0,,26500,weekly,2019-1-17T21:00:00.000,options,call
227,1546847100000,950.0,950.0,950.0,950.0,0,,26500,weekly,2019-1-17T21:00:00.000,options,call
228,1546847160000,950.0,950.0,950.0,950.0,0,,26500,weekly,2019-1-17T21:00:00.000,options,call
229,1546847220000,950.0,950.0,950.0,950.0,0,,26500,weekly,2019-1-17T21:00:00.000,options,call
230,1546847280000,950.0,950.0,950.0,950.0,0,,26500,weekly,2019-1-17T21:00:00.000,options,call
231,1546847340000,950.0,950.0,950.0,950.0,0,,26500,weekly,2019-1-17T21:00:00.000,options,call
232,1546847400000,950.0,950.0,950.0,950.0,0,,26500,weekly,2019-1-17T21:00:00.000,options,call
233,1546847460000,950.0,950.0,950.0,950.0,0,,26500,weekly,2019-1-17T21:00:00.000,options,call
234,1546847520000,950.0,950.0,950.0,950.0,0,,26500,weekly,2019-1-17T21:00:00.000,options,call
235,1546847580000,950.0,950.0,950.0,950.0,0,,26500,weekly,2019-1-17T21:00:00.000,options,call
236,1546847640000,950.0,950.0,950.0,950.0,0,,26500,weekly,2019-1-17T21:00:00.000,options,call
237,1546847700000,950.0,950.0,950.0,950.0,0,,26500,weekly,2019-1-17T21:00:00.000,options,call
238,1546847760000,950.0,950.0,950.0,950.0,0,,26500,weekly,2019-1-17T21:00:00.000,options,call
239,1546847820000,950.0,950.0,950.0,950.0,0,,26500,weekly,2019-1-17T21:00:00.000,options,call
240,1546847880000,950.0,950.0,950.0,950.0,0,,26500,weekly,2019-1-17T21:00:00.000,options,call
241,1546847940000,950.0,950.0,950.0,950.0,0,,26500,weekly,2019-1-17T21:00:00.000,options,call
242,1546848000000,950.0,950.0,950.0,950.0,0,,26500,weekly,2019-1-17T21:00:00.000,options,call
243,1546848060000,950.0,950.0,950.0,950.0,0,,26500,weekly,2019-1-17T21:00:00.000,options,call
244,1546848120000,950.0,950.0,950.0,950.0,0,,26500,weekly,2019-1-17T21:00:00.000,options,call
245,1546848180000,950.0,950.0,950.0,950.0,0,,26500,weekly,2019-1-17T21:00:00.000,options,call
246,1546848240000,950.0,950.0,950.0,950.0,0,,26500,weekly,2019-1-17T21:00:00.000,options,call
247,1546848300000,950.0,950.0,950.0,950.0,0,,26500,weekly,2019-1-17T21:00:00.000,options,call
248,1546848360000,950.0,950.0,950.0,950.0,0,,26500,weekly,2019-1-17T21:00:00.000,options,call
249,1546848420000,950.0,950.0,950.0,950.0,0,,26500,weekly,2019-1-17T21:00:00.000,options,call
250,1546848480000,950.0,950.0,950.0,950.0,0,,26500,weekly,2019-1-17T21:00:00.000,options,call
251,1546848540000,950.0,950.0,950.0,950.0,0,,26500,weekly,2019-1-17T21:00:00.000,options,call
252,1546848600000,950.0,950.0,950.0,950.0,0,,26500,weekly,2019-1-17T21:00:00.000,options,call
253,1546848660000,950.0,950.0,950.0,950.0,0,,26500,weekly,2019-1-17T21:00:00.000,options,call
254,1546848720000,950.0,950.0,950.0,950.0,0,,26500,weekly,2019-1-17T21:00:00.000,options,call
255,1546848780000,950.0,950.0,950.0,950.0,0,,26500,weekly,2019-1-17T21:00:00.000,options,call
256,1546848840000,950.0,950.0,950.0,950.0,0,,26500,weekly,2019-1-17T21:00:00.000,options,call
257,1546848900000,950.0,950.0,950.0,950.0,0,,26500,weekly,2019-1-17T21:00:00.000,options,call
258,1546848960000,950.0,950.0,950.0,950.0,0,,26500,weekly,2019-1-17T21:00:00.000,options,call
259,1546849020000,950.0,950.0,950.0,950.0,0,,26500,weekly,2019-1-17T21:00:00.000,options,call
260,1546849080000,950.0,950.0,950.0,950.0,0,,26500,weekly,2019-1-17T21:00:00.000,options,call
261,1546849140000,950.0,950.0,950.0,950.0,0,,26500,weekly,2019-1-17T21:00:00.000,options,call
262,1546849200000,950.0,950.0,950.0,950.0,0,,26500,weekly,2019-1-17T21:00:00.000,options,call
263,1546849260000,950.0,950.0,950.0,950.0,0,,26500,weekly,2019-1-17T21:00:00.000,options,call
264,1546849320000,950.0,950.0,950.0,950.0,0,,26500,weekly,2019-1-17T21:00:00.000,options,call
265,1546849380000,950.0,950.0,950.0,950.0,0,,26500,weekly,2019-1-17T21:00:00.000,options,call
266,1546849440000,950.0,950.0,950.0,950.0,0,,26500,weekly,2019-1-17T21:00:00.000,options,call
267,1546849500000,950.0,950.0,950.0,950.0,0,,26500,weekly,2019-1-17T21:00:00.000,options,call
268,1546849560000,950.0,950.0,950.0,950.0,0,,26500,weekly,2019-1-17T21:00:00.000,options,call
269,1546849620000,950.0,950.0,950.0,950.0,0,,26500,weekly,2019-1-17T21:00:00.000,options,call
270,1546849680000,950.0,950.0,950.0,950.0,0,,26500,weekly,2019-1-17T21:00:00.000,options,call
271,1546849740000,950.0,950.0,950.0,950.0,0,,26500,weekly,2019-1-17T21:00:00.000,options,call
272,1546849800000,950.0,950.0,950.0,950.0,0,,26500,weekly,2019-1-17T21:00:00.000,options,call
273,1546849860000,950.0,950.0,950.0,950.0,0,,26500,weekly,2019-1-17T21:00:00.000,options,call
274,1546849920000,950.0,950.0,950.0,950.0,0,,26500,weekly,2019-1-17T21:00:00.000,options,call
275,1546849980000,950.0,950.0,950.0,950.0,0,,26500,weekly,2019-1-17T21:00:00.000,options,call
276,1546850040000,950.0,950.0,950.0,950.0,0,,26500,weekly,2019-1-17T21:00:00.000,options,call
277,1546850100000,950.0,950.0,950.0,950.0,0,,26500,weekly,2019-1-17T21:00:00.000,options,call
278,1546850160000,950.0,950.0,950.0,950.0,0,,26500,weekly,2019-1-17T21:00:00.000,options,call
279,1546850220000,950.0,950.0,950.0,950.0,0,,26500,weekly,2019-1-17T21:00:00.000,options,call
280,1546850280000,950.0,950.0,950.0,950.0,0,,26500,weekly,2019-1-17T21:00:00.000,options,call
281,1546850340000,950.0,950.0,950.0,950.0,0,,26500,weekly,2019-1-17T21:00:00.000,options,call
282,1546850400000,950.0,950.0,950.0,950.0,0,,26500,weekly,2019-1-17T21:00:00.000,options,call
283,1546850460000,950.0,950.0,950.0,950.0,0,,26500,weekly,2019-1-17T21:00:00.000,options,call
284,1546850520000,950.0,950.0,950.0,950.0,0,,26500,weekly,2019-1-17T21:00:00.000,options,call
285,1546850580000,950.0,950.0,950.0,950.0,0,,26500,weekly,2019-1-17T21:00:00.000,options,call
286,1546850640000,950.0,950.0,950.0,950.0,0,,26500,weekly,2019-1-17T21:00:00.000,options,call
287,1546850700000,950.0,950.0,950.0,950.0,0,,26500,weekly,2019-1-17T21:00:00.000,options,call
288,1546850760000,950.0,950.0,950.0,950.0,0,,26500,weekly,2019-1-17T21:00:00.000,options,call
289,1546850820000,950.0,950.0,950.0,950.0,0,,26500,weekly,2019-1-17T21:00:00.000,options,call
290,1546850880000,950.0,950.0,950.0,950.0,0,,26500,weekly,2019-1-17T21:00:00.000,options,call
291,1546850940000,950.0,950.0,950.0,950.0,0,,26500,weekly,2019-1-17T21:00:00.000,options,call
292,1546851000000,950.0,950.0,950.0,950.0,0,,26500,weekly,2019-1-17T21:00:00.000,options,call
293,1546851060000,950.0,950.0,950.0,950.0,0,,26500,weekly,2019-1-17T21:00:00.000,options,call
294,1546851120000,950.0,950.0,950.0,950.0,0,,26500,weekly,2019-1-17T21:00:00.000,options,call
295,1546851180000,950.0,950.0,950.0,950.0,0,,26500,weekly,2019-1-17T21:00:00.000,options,call
296,1546851240000,950.0,950.0,950.0,950.0,0,,26500,weekly,2019-1-17T21:00:00.000,options,call
297,1546851300000,950.0,950.0,950.0,950.0,0,,26500,weekly,2019-1-17T21:00:00.000,options,call
298,1546851360000,950.0,950.0,950.0,950.0,0,,26500,weekly,2019-1-17T21:00:00.000,options,call
299,1546851420000,950.0,950.0,950.0,950.0,0,,26500,weekly,2019-1-17T21:00:00.000,options,call
300,1546851480000,950.0,950.0,950.0,950.0,0,,26500,weekly,2019-1-17T21:00:00.000,options,call
301,1546851540000,950.0,950.0,950.0,950.0,0,,26500,weekly,2019-1-17T21:00:00.000,options,call
302,1546851600000,950.0,950.0,950.0,950.0,0,,26500,weekly,2019-1-17T21:00:00.000,options,call
303,1546851660000,950.0,950.0,950.0,950.0,0,,26500,weekly,2019-1-17T21:00:00.000,options,call
304,1546851720000,950.0,950.0,950.0,950.0,0,,26500,weekly,2019-1-17T21:00:00.000,options,call
305,1546851780000,950.0,950.0,950.0,950.0,0,,26500,weekly,2019-1-17T21:00:00.000,options,call
306,1546851840000,950.0,950.0,950.0,950.0,0,,26500,weekly,2019-1-17T21:00:00.000,options,call
307,1546851900000,950.0,950.0,950.0,950.0,0,,26500,weekly,2019-1-17T21:00:00.000,options,call
308,1546851960000,950.0,950.0,950.0,950.0,0,,26500,weekly,2019-1-17T21:00:00.000,options,call
309,1546852020000,950.0,950.0,950.0,950.0,0,,26500,weekly,2019-1-17T21:00:00.000,options,call
310,1546852080000,950.0,950.0,950.0,950.0,0,,26500,weekly,2019-1-17T21:00:00.000,options,call
311,1546852140000,950.0,950.0,950.0,950.0,0,,26500,weekly,2019-1-17T21:00:00.000,options,call
312,1546852200000,950.0,950.0,950.0,950.0,0,,26500,weekly,2019-1-17T21:00:00.000,options,call
313,1546852260000,950.0,950.0,950.0,950.0,0,,26500,weekly,2019-1-17T21:00:00.000,options,call
314,1546852320000,950.0,950.0,950.0,950.0,0,,26500,weekly,2019-1-17T21:00:00.000,options,call
315,1546852380000,950.0,950.0,950.0,950.0,0,,26500,weekly,2019-1-17T21:00:00.000,options,call
316,1546852440000,950.0,950.0,950.0,950.0,0,,26500,weekly,2019-1-17T21:00:00.000,options,call
317,1546852500000,950.0,950.0,920.0,920.0,20,,26500,weekly,2019-1-17T21:00:00.000,options,call
318,1546852560000,920.0,920.0,920.0,920.0,0,,26500,weekly,2019-1-17T21:00:00.000,options,call
319,1546852620000,920.0,920.0,920.0,920.0,0,,26500,weekly,2019-1-17T21:00:00.000,options,call
320,1546852680000,920.0,920.0,920.0,920.0,0,,26500,weekly,2019-1-17T21:00:00.000,options,call
321,1546852740000,920.0,920.0,920.0,920.0,0,,26500,weekly,2019-1-17T21:00:00.000,options,call
322,1546852800000,920.0,920.0,920.0,920.0,0,,26500,weekly,2019-1-17T21:00:00.000,options,call
323,1546852860000,920.0,920.0,920.0,920.0,0,,26500,weekly,2019-1-17T21:00:00.000,options,call
324,1546852920000,920.0,920.0,920.0,920.0,0,,26500,weekly,2019-1-17T21:00:00.000,options,call
325,1546852980000,920.0,920.0,920.0,920.0,0,,26500,weekly,2019-1-17T21:00:00.000,options,call
326,1546853040000,920.0,920.0,920.0,920.0,0,,26500,weekly,2019-1-17T21:00:00.000,options,call
327,1546853100000,920.0,920.0,920.0,920.0,0,,26500,weekly,2019-1-17T21:00:00.000,options,call
328,1546853160000,920.0,920.0,920.0,920.0,0,,26500,weekly,2019-1-17T21:00:00.000,options,call
329,1546853220000,920.0,920.0,920.0,920.0,0,,26500,weekly,2019-1-17T21:00:00.000,options,call
330,1546853280000,920.0,920.0,920.0,920.0,0,,26500,weekly,2019-1-17T21:00:00.000,options,call
331,1546853340000,920.0,920.0,920.0,920.0,0,,26500,weekly,2019-1-17T21:00:00.000,options,call
332,1546853400000,920.0,920.0,920.0,920.0,0,,26500,weekly,2019-1-17T21:00:00.000,options,call
333,1546853460000,920.0,920.0,920.0,920.0,0,,26500,weekly,2019-1-17T21:00:00.000,options,call
334,1546853520000,920.0,920.0,920.0,920.0,0,,26500,weekly,2019-1-17T21:00:00.000,options,call
335,1546853580000,920.0,920.0,920.0,920.0,0,,26500,weekly,2019-1-17T21:00:00.000,options,call
336,1546853640000,920.0,920.0,920.0,920.0,0,,26500,weekly,2019-1-17T21:00:00.000,options,call
337,1546853700000,920.0,920.0,920.0,920.0,0,,26500,weekly,2019-1-17T21:00:00.000,options,call
338,1546853760000,920.0,920.0,920.0,920.0,0,,26500,weekly,2019-1-17T21:00:00.000,options,call
339,1546853820000,920.0,920.0,920.0,920.0,0,,26500,weekly,2019-1-17T21:00:00.000,options,call
340,1546853880000,920.0,920.0,920.0,920.0,0,,26500,weekly,2019-1-17T21:00:00.000,options,call
341,1546853940000,920.0,920.0,920.0,920.0,0,,26500,weekly,2019-1-17T21:00:00.000,options,call
342,1546854000000,920.0,920.0,920.0,920.0,0,,26500,weekly,2019-1-17T21:00:00.000,options,call
343,1546854060000,920.0,920.0,920.0,920.0,0,,26500,weekly,2019-1-17T21:00:00.000,options,call
344,1546854120000,920.0,920.0,920.0,920.0,0,,26500,weekly,2019-1-17T21:00:00.000,options,call
345,1546854180000,920.0,920.0,920.0,920.0,0,,26500,weekly,2019-1-17T21:00:00.000,options,call
346,1546854240000,920.0,920.0,920.0,920.0,0,,26500,weekly,2019-1-17T21:00:00.000,options,call
347,1546854300000,920.0,920.0,920.0,920.0,0,,26500,weekly,2019-1-17T21:00:00.000,options,call
348,1546854360000,920.0,920.0,920.0,920.0,0,,26500,weekly,2019-1-17T21:00:00.000,options,call
349,1546854420000,920.0,920.0,920.0,920.0,0,,26500,weekly,2019-1-17T21:00:00.000,options,call
350,1546854480000,920.0,920.0,920.0,920.0,0,,26500,weekly,2019-1-17T21:00:00.000,options,call
351,1546854540000,920.0,920.0,920.0,920.0,0,,26500,weekly,2019-1-17T21:00:00.000,options,call
352,1546854600000,920.0,920.0,920.0,920.0,0,,26500,weekly,2019-1-17T21:00:00.000,options,call
353,1546854660000,920.0,920.0,920.0,920.0,0,,26500,weekly,2019-1-17T21:00:00.000,options,call
354,1546854720000,920.0,920.0,920.0,920.0,0,,26500,weekly,2019-1-17T21:00:00.000,options,call
355,1546854780000,920.0,920.0,920.0,920.0,0,,26500,weekly,2019-1-17T21:00:00.000,options,call
356,1546854840000,920.0,920.0,920.0,920.0,0,,26500,weekly,2019-1-17T21:00:00.000,options,call
357,1546854900000,920.0,920.0,920.0,920.0,0,,26500,weekly,2019-1-17T21:00:00.000,options,call
358,1546854960000,920.0,920.0,920.0,920.0,0,,26500,weekly,2019-1-17T21:00:00.000,options,call
359,1546855020000,920.0,920.0,920.0,920.0,0,,26500,weekly,2019-1-17T21:00:00.000,options,call
360,1546855080000,920.0,920.0,920.0,920.0,0,,26500,weekly,2019-1-17T21:00:00.000,options,call
361,1546855140000,920.0,920.0,920.0,920.0,0,,26500,weekly,2019-1-17T21:00:00.000,options,call
