,timestamp,open,high,low,close,volume,open_interest,strike,expiry_type,expiry,instrument,contract_type
0,1560503700000,39.0,39.0,24.25,30.5,103125,,12000,weekly,2019-6-20T21:00:00.000,options,call
1,1560503760000,30.6,30.7,29.15,29.45,88050,,12000,weekly,2019-6-20T21:00:00.000,options,call
2,1560503820000,29.3,29.3,27.25,27.95,84825,,12000,weekly,2019-6-20T21:00:00.000,options,call
3,1560503880000,28.0,29.55,28.0,29.25,125325,,12000,weekly,2019-6-20T21:00:00.000,options,call
4,1560503940000,29.4,29.95,27.75,27.75,147000,,12000,weekly,2019-6-20T21:00:00.000,options,call
5,1560504000000,28.35,30.4,27.35,28.15,172125,,12000,weekly,2019-6-20T21:00:00.000,options,call
6,1560504060000,28.15,28.6,26.2,26.9,145200,,12000,weekly,2019-6-20T21:00:00.000,options,call
7,1560504120000,26.8,27.0,24.7,25.5,151425,,12000,weekly,2019-6-20T21:00:00.000,options,call
8,1560504180000,25.9,26.45,24.5,24.65,124200,,12000,weekly,2019-6-20T21:00:00.000,options,call
9,1560504240000,25.0,25.0,23.6,24.5,129675,,12000,weekly,2019-6-20T21:00:00.000,options,call
10,1560504300000,24.5,25.2,24.0,24.35,82575,,12000,weekly,2019-6-20T21:00:00.000,options,call
11,1560504360000,24.35,25.2,24.35,24.6,65175,,12000,weekly,2019-6-20T21:00:00.000,options,call
12,1560504420000,24.4,24.7,23.0,24.5,109800,,12000,weekly,2019-6-20T21:00:00.000,options,call
13,1560504480000,24.5,24.85,23.95,24.85,73800,,12000,weekly,2019-6-20T21:00:00.000,options,call
14,1560504540000,24.85,24.9,22.5,22.9,112350,,12000,weekly,2019-6-20T21:00:00.000,options,call
15,1560504600000,22.5,22.85,22.1,22.75,86850,,12000,weekly,2019-6-20T21:00:00.000,options,call
16,1560504660000,22.95,23.0,21.6,22.8,91050,,12000,weekly,2019-6-20T21:00:00.000,options,call
17,1560504720000,22.8,22.9,22.05,22.75,61950,,12000,weekly,2019-6-20T21:00:00.000,options,call
18,1560504780000,22.6,23.0,21.55,22.4,117375,,12000,weekly,2019-6-20T21:00:00.000,options,call
19,1560504840000,22.55,23.3,22.25,23.3,64425,,12000,weekly,2019-6-20T21:00:00.000,options,call
20,1560504900000,23.05,23.45,22.5,22.85,93450,,12000,weekly,2019-6-20T21:00:00.000,options,call
21,1560504960000,22.85,23.3,22.7,23.25,86175,,12000,weekly,2019-6-20T21:00:00.000,options,call
22,1560505020000,23.3,23.7,23.1,23.45,65100,,12000,weekly,2019-6-20T21:00:00.000,options,call
23,1560505080000,23.55,23.55,22.55,22.75,52800,,12000,weekly,2019-6-20T21:00:00.000,options,call
24,1560505140000,22.45,23.15,22.45,22.85,38325,,12000,weekly,2019-6-20T21:00:00.000,options,call
25,1560505200000,22.85,23.35,22.85,23.05,43950,,12000,weekly,2019-6-20T21:00:00.000,options,call
26,1560505260000,23.0,23.15,22.5,22.6,57450,,12000,weekly,2019-6-20T21:00:00.000,options,call
27,1560505320000,22.5,22.5,21.35,21.9,102975,,12000,weekly,2019-6-20T21:00:00.000,options,call
28,1560505380000,21.95,22.1,21.15,21.4,46500,,12000,weekly,2019-6-20T21:00:00.000,options,call
29,1560505440000,21.25,21.25,20.1,20.5,106275,,12000,weekly,2019-6-20T21:00:00.000,options,call
30,1560505500000,20.45,20.75,19.55,20.75,139500,,12000,weekly,2019-6-20T21:00:00.000,options,call
31,1560505560000,20.65,21.4,20.65,20.9,63750,,12000,weekly,2019-6-20T21:00:00.000,options,call
32,1560505620000,20.9,21.5,20.7,21.2,41400,,12000,weekly,2019-6-20T21:00:00.000,options,call
33,1560505680000,21.0,21.45,20.7,20.75,27000,,12000,weekly,2019-6-20T21:00:00.000,options,call
34,1560505740000,20.6,21.3,20.45,21.3,41100,,12000,weekly,2019-6-20T21:00:00.000,options,call
35,1560505800000,21.3,21.5,20.95,20.95,45075,,12000,weekly,2019-6-20T21:00:00.000,options,call
36,1560505860000,21.0,21.5,21.0,21.45,37950,,12000,weekly,2019-6-20T21:00:00.000,options,call
37,1560505920000,21.5,21.55,20.7,20.7,34125,,12000,weekly,2019-6-20T21:00:00.000,options,call
38,1560505980000,20.6,21.15,20.5,21.05,39750,,12000,weekly,2019-6-20T21:00:00.000,options,call
39,1560506040000,20.95,21.5,20.75,20.95,40650,,12000,weekly,2019-6-20T21:00:00.000,options,call
40,1560506100000,21.2,21.75,20.95,21.7,40500,,12000,weekly,2019-6-20T21:00:00.000,options,call
41,1560506160000,21.7,22.35,21.6,22.05,87075,,12000,weekly,2019-6-20T21:00:00.000,options,call
42,1560506220000,22.05,22.4,22.0,22.15,66375,,12000,weekly,2019-6-20T21:00:00.000,options,call
43,1560506280000,22.3,22.4,21.5,21.7,47775,,12000,weekly,2019-6-20T21:00:00.000,options,call
44,1560506340000,21.6,21.8,21.15,21.4,30975,,12000,weekly,2019-6-20T21:00:00.000,options,call
45,1560506400000,21.25,22.3,21.25,22.3,44250,,12000,weekly,2019-6-20T21:00:00.000,options,call
46,1560506460000,22.35,22.75,22.15,22.2,46350,,12000,weekly,2019-6-20T21:00:00.000,options,call
47,1560506520000,22.55,22.6,22.0,22.25,37275,,12000,weekly,2019-6-20T21:00:00.000,options,call
48,1560506580000,22.25,22.25,21.6,21.75,35475,,12000,weekly,2019-6-20T21:00:00.000,options,call
49,1560506640000,21.6,22.0,21.4,21.75,35475,,12000,weekly,2019-6-20T21:00:00.000,options,call
50,1560506700000,21.8,22.1,21.5,21.5,23850,,12000,weekly,2019-6-20T21:00:00.000,options,call
51,1560506760000,21.6,21.6,20.65,21.25,68100,,12000,weekly,2019-6-20T21:00:00.000,options,call
52,1560506820000,21.25,21.3,20.75,21.1,29625,,12000,weekly,2019-6-20T21:00:00.000,options,call
53,1560506880000,21.15,21.9,21.15,21.6,33000,,12000,weekly,2019-6-20T21:00:00.000,options,call
54,1560506940000,21.65,21.85,21.15,21.15,20250,,12000,weekly,2019-6-20T21:00:00.000,options,call
55,1560507000000,21.1,22.1,21.1,22.0,39225,,12000,weekly,2019-6-20T21:00:00.000,options,call
56,1560507060000,22.0,22.2,21.4,21.95,15375,,12000,weekly,2019-6-20T21:00:00.000,options,call
57,1560507120000,22.0,22.3,21.95,22.0,25200,,12000,weekly,2019-6-20T21:00:00.000,options,call
58,1560507180000,22.0,22.9,22.0,22.9,45900,,12000,weekly,2019-6-20T21:00:00.000,options,call
59,1560507240000,22.75,22.9,22.45,22.55,47325,,12000,weekly,2019-6-20T21:00:00.000,options,call
60,1560507300000,22.65,23.3,22.65,23.15,73875,,12000,weekly,2019-6-20T21:00:00.000,options,call
61,1560507360000,23.05,23.2,22.4,22.5,36600,,12000,weekly,2019-6-20T21:00:00.000,options,call
62,1560507420000,22.6,23.35,22.55,22.75,32100,,12000,weekly,2019-6-20T21:00:00.000,options,call
63,1560507480000,22.75,23.0,22.6,22.7,25200,,12000,weekly,2019-6-20T21:00:00.000,options,call
64,1560507540000,22.55,22.75,22.15,22.6,30375,,12000,weekly,2019-6-20T21:00:00.000,options,call
65,1560507600000,22.55,22.7,22.1,22.1,22800,,12000,weekly,2019-6-20T21:00:00.000,options,call
66,1560507660000,22.15,22.5,22.0,22.5,18225,,12000,weekly,2019-6-20T21:00:00.000,options,call
67,1560507720000,22.45,22.6,21.9,21.9,23250,,12000,weekly,2019-6-20T21:00:00.000,options,call
68,1560507780000,22.25,23.05,21.9,23.05,37200,,12000,weekly,2019-6-20T21:00:00.000,options,call
69,1560507840000,23.1,23.85,22.75,23.3,78000,,12000,weekly,2019-6-20T21:00:00.000,options,call
70,1560507900000,23.1,23.4,22.6,22.8,45450,,12000,weekly,2019-6-20T21:00:00.000,options,call
71,1560507960000,22.75,23.05,22.5,22.65,27525,,12000,weekly,2019-6-20T21:00:00.000,options,call
72,1560508020000,22.75,23.0,22.6,22.9,28275,,12000,weekly,2019-6-20T21:00:00.000,options,call
73,1560508080000,22.9,23.1,22.4,22.45,30000,,12000,weekly,2019-6-20T21:00:00.000,options,call
74,1560508140000,22.4,22.4,22.0,22.1,27675,,12000,weekly,2019-6-20T21:00:00.000,options,call
75,1560508200000,22.15,22.15,21.35,21.35,42450,,12000,weekly,2019-6-20T21:00:00.000,options,call
76,1560508260000,21.45,21.55,21.05,21.3,53250,,12000,weekly,2019-6-20T21:00:00.000,options,call
77,1560508320000,21.3,21.6,21.05,21.1,35400,,12000,weekly,2019-6-20T21:00:00.000,options,call
78,1560508380000,21.1,21.35,20.5,21.25,51075,,12000,weekly,2019-6-20T21:00:00.000,options,call
79,1560508440000,21.25,21.55,20.85,21.4,27825,,12000,weekly,2019-6-20T21:00:00.000,options,call
80,1560508500000,21.35,21.5,21.0,21.5,33000,,12000,weekly,2019-6-20T21:00:00.000,options,call
81,1560508560000,21.65,21.7,21.4,21.7,18375,,12000,weekly,2019-6-20T21:00:00.000,options,call
82,1560508620000,21.55,21.65,21.05,21.25,22275,,12000,weekly,2019-6-20T21:00:00.000,options,call
83,1560508680000,21.1,21.2,20.65,21.2,32850,,12000,weekly,2019-6-20T21:00:00.000,options,call
84,1560508740000,21.35,21.4,20.6,21.1,31650,,12000,weekly,2019-6-20T21:00:00.000,options,call
85,1560508800000,21.1,21.1,20.75,20.85,19875,,12000,weekly,2019-6-20T21:00:00.000,options,call
86,1560508860000,21.0,21.4,21.0,21.3,15300,,12000,weekly,2019-6-20T21:00:00.000,options,call
87,1560508920000,21.3,21.75,21.05,21.7,22125,,12000,weekly,2019-6-20T21:00:00.000,options,call
88,1560508980000,21.65,21.65,20.65,20.85,29250,,12000,weekly,2019-6-20T21:00:00.000,options,call
89,1560509040000,20.75,21.45,20.7,21.45,14175,,12000,weekly,2019-6-20T21:00:00.000,options,call
90,1560509100000,21.5,21.6,20.9,21.1,15900,,12000,weekly,2019-6-20T21:00:00.000,options,call
91,1560509160000,21.1,21.1,20.5,20.5,26250,,12000,weekly,2019-6-20T21:00:00.000,options,call
92,1560509220000,20.6,21.0,20.55,20.7,17550,,12000,weekly,2019-6-20T21:00:00.000,options,call
93,1560509280000,20.7,21.15,20.15,20.2,62400,,12000,weekly,2019-6-20T21:00:00.000,options,call
94,1560509340000,20.2,20.5,20.1,20.5,56475,,12000,weekly,2019-6-20T21:00:00.000,options,call
95,1560509400000,20.5,20.7,20.3,20.4,38625,,12000,weekly,2019-6-20T21:00:00.000,options,call
96,1560509460000,20.5,20.5,20.05,20.4,37200,,12000,weekly,2019-6-20T21:00:00.000,options,call
97,1560509520000,20.35,20.85,20.25,20.65,24525,,12000,weekly,2019-6-20T21:00:00.000,options,call
98,1560509580000,20.45,20.8,20.4,20.75,22875,,12000,weekly,2019-6-20T21:00:00.000,options,call
99,1560509640000,20.7,20.9,20.35,20.35,21000,,12000,weekly,2019-6-20T21:00:00.000,options,call
100,1560509700000,20.3,20.4,20.05,20.15,27000,,12000,weekly,2019-6-20T21:00:00.000,options,call
101,1560509760000,20.25,20.55,20.25,20.55,14475,,12000,weekly,2019-6-20T21:00:00.000,options,call
102,1560509820000,20.35,20.9,20.3,20.55,17400,,12000,weekly,2019-6-20T21:00:00.000,options,call
103,1560509880000,20.55,20.9,20.55,20.85,21300,,12000,weekly,2019-6-20T21:00:00.000,options,call
104,1560509940000,20.9,21.15,20.05,20.05,82950,,12000,weekly,2019-6-20T21:00:00.000,options,call
105,1560510000000,19.9,20.45,19.8,20.25,59325,,12000,weekly,2019-6-20T21:00:00.000,options,call
106,1560510060000,20.4,20.55,20.0,20.5,24600,,12000,weekly,2019-6-20T21:00:00.000,options,call
107,1560510120000,20.35,20.7,20.25,20.45,11025,,12000,weekly,2019-6-20T21:00:00.000,options,call
108,1560510180000,20.6,20.8,20.5,20.7,10275,,12000,weekly,2019-6-20T21:00:00.000,options,call
109,1560510240000,20.8,20.85,20.65,20.7,4725,,12000,weekly,2019-6-20T21:00:00.000,options,call
110,1560510300000,20.75,20.75,20.25,20.4,19875,,12000,weekly,2019-6-20T21:00:00.000,options,call
111,1560510360000,20.25,20.35,19.8,20.1,33750,,12000,weekly,2019-6-20T21:00:00.000,options,call
112,1560510420000,20.1,20.45,20.05,20.45,16650,,12000,weekly,2019-6-20T21:00:00.000,options,call
113,1560510480000,20.3,20.6,20.1,20.1,26175,,12000,weekly,2019-6-20T21:00:00.000,options,call
114,1560510540000,20.1,20.1,19.45,19.6,37950,,12000,weekly,2019-6-20T21:00:00.000,options,call
115,1560510600000,19.6,20.15,19.6,20.05,45675,,12000,weekly,2019-6-20T21:00:00.000,options,call
116,1560510660000,20.1,20.4,19.95,20.25,26100,,12000,weekly,2019-6-20T21:00:00.000,options,call
117,1560510720000,20.35,20.35,20.05,20.3,22050,,12000,weekly,2019-6-20T21:00:00.000,options,call
118,1560510780000,20.2,20.25,19.9,20.2,18900,,12000,weekly,2019-6-20T21:00:00.000,options,call
119,1560510840000,20.35,20.35,19.8,19.8,12225,,12000,weekly,2019-6-20T21:00:00.000,options,call
120,1560510900000,19.6,19.6,18.85,19.4,83025,,12000,weekly,2019-6-20T21:00:00.000,options,call
121,1560510960000,19.45,19.7,19.0,19.0,33075,,12000,weekly,2019-6-20T21:00:00.000,options,call
122,1560511020000,18.95,19.15,18.05,18.05,102300,,12000,weekly,2019-6-20T21:00:00.000,options,call
123,1560511080000,18.15,18.65,18.0,18.65,78600,,12000,weekly,2019-6-20T21:00:00.000,options,call
124,1560511140000,18.7,18.85,18.6,18.7,79350,,12000,weekly,2019-6-20T21:00:00.000,options,call
125,1560511200000,18.75,19.2,18.55,19.15,113325,,12000,weekly,2019-6-20T21:00:00.000,options,call
126,1560511260000,19.1,19.1,18.8,18.95,27375,,12000,weekly,2019-6-20T21:00:00.000,options,call
127,1560511320000,18.95,19.1,18.6,18.65,60000,,12000,weekly,2019-6-20T21:00:00.000,options,call
128,1560511380000,18.6,18.65,18.25,18.65,50475,,12000,weekly,2019-6-20T21:00:00.000,options,call
129,1560511440000,18.4,18.6,18.25,18.6,17550,,12000,weekly,2019-6-20T21:00:00.000,options,call
130,1560511500000,18.55,18.95,18.35,18.95,22950,,12000,weekly,2019-6-20T21:00:00.000,options,call
131,1560511560000,18.95,19.2,18.65,19.0,62175,,12000,weekly,2019-6-20T21:00:00.000,options,call
132,1560511620000,19.1,19.1,18.85,19.05,15525,,12000,weekly,2019-6-20T21:00:00.000,options,call
133,1560511680000,18.95,19.1,18.75,19.1,24600,,12000,weekly,2019-6-20T21:00:00.000,options,call
134,1560511740000,19.1,19.2,19.0,19.0,34725,,12000,weekly,2019-6-20T21:00:00.000,options,call
135,1560511800000,18.95,19.0,18.45,18.75,35100,,12000,weekly,2019-6-20T21:00:00.000,options,call
136,1560511860000,18.7,18.8,18.5,18.7,19875,,12000,weekly,2019-6-20T21:00:00.000,options,call
137,1560511920000,18.75,19.2,18.6,19.0,27300,,12000,weekly,2019-6-20T21:00:00.000,options,call
138,1560511980000,19.0,19.2,18.9,18.9,17025,,12000,weekly,2019-6-20T21:00:00.000,options,call
139,1560512040000,18.9,19.25,18.6,19.1,22650,,12000,weekly,2019-6-20T21:00:00.000,options,call
140,1560512100000,19.1,19.1,18.5,18.75,36600,,12000,weekly,2019-6-20T21:00:00.000,options,call
141,1560512160000,18.85,19.15,18.75,19.1,32325,,12000,weekly,2019-6-20T21:00:00.000,options,call
142,1560512220000,19.0,19.1,18.75,19.05,20700,,12000,weekly,2019-6-20T21:00:00.000,options,call
143,1560512280000,19.0,19.0,18.65,18.65,17325,,12000,weekly,2019-6-20T21:00:00.000,options,call
144,1560512340000,18.75,18.75,18.2,18.4,26700,,12000,weekly,2019-6-20T21:00:00.000,options,call
145,1560512400000,18.55,19.0,18.45,18.75,10875,,12000,weekly,2019-6-20T21:00:00.000,options,call
146,1560512460000,18.75,18.75,18.3,18.45,14775,,12000,weekly,2019-6-20T21:00:00.000,options,call
147,1560512520000,18.5,18.5,18.05,18.4,24675,,12000,weekly,2019-6-20T21:00:00.000,options,call
148,1560512580000,18.5,18.5,18.2,18.35,10425,,12000,weekly,2019-6-20T21:00:00.000,options,call
149,1560512640000,18.4,18.5,18.1,18.15,9675,,12000,weekly,2019-6-20T21:00:00.000,options,call
150,1560512700000,18.15,18.45,18.15,18.35,8550,,12000,weekly,2019-6-20T21:00:00.000,options,call
151,1560512760000,18.5,18.5,17.2,17.5,115875,,12000,weekly,2019-6-20T21:00:00.000,options,call
152,1560512820000,17.65,17.85,16.5,16.8,170775,,12000,weekly,2019-6-20T21:00:00.000,options,call
153,1560512880000,16.8,17.35,16.75,17.1,60975,,12000,weekly,2019-6-20T21:00:00.000,options,call
154,1560512940000,17.0,17.25,16.85,17.1,30900,,12000,weekly,2019-6-20T21:00:00.000,options,call
155,1560513000000,17.1,17.1,16.35,16.65,36225,,12000,weekly,2019-6-20T21:00:00.000,options,call
156,1560513060000,16.7,17.0,16.5,17.0,39900,,12000,weekly,2019-6-20T21:00:00.000,options,call
157,1560513120000,16.9,17.3,16.9,17.3,42900,,12000,weekly,2019-6-20T21:00:00.000,options,call
158,1560513180000,17.35,17.6,17.35,17.6,21300,,12000,weekly,2019-6-20T21:00:00.000,options,call
159,1560513240000,17.55,17.6,17.15,17.4,23700,,12000,weekly,2019-6-20T21:00:00.000,options,call
160,1560513300000,17.6,17.65,17.35,17.45,19950,,12000,weekly,2019-6-20T21:00:00.000,options,call
161,1560513360000,17.55,17.65,16.9,17.0,29850,,12000,weekly,2019-6-20T21:00:00.000,options,call
162,1560513420000,16.95,17.15,16.75,17.05,14625,,12000,weekly,2019-6-20T21:00:00.000,options,call
163,1560513480000,17.1,17.5,17.1,17.2,33375,,12000,weekly,2019-6-20T21:00:00.000,options,call
164,1560513540000,17.25,17.5,16.8,16.8,33150,,12000,weekly,2019-6-20T21:00:00.000,options,call
165,1560513600000,16.95,17.0,16.65,17.0,27300,,12000,weekly,2019-6-20T21:00:00.000,options,call
166,1560513660000,17.0,17.3,16.9,17.2,15600,,12000,weekly,2019-6-20T21:00:00.000,options,call
167,1560513720000,17.2,17.55,17.15,17.45,29325,,12000,weekly,2019-6-20T21:00:00.000,options,call
168,1560513780000,17.35,17.5,17.2,17.35,11925,,12000,weekly,2019-6-20T21:00:00.000,options,call
169,1560513840000,17.35,17.5,17.1,17.4,17250,,12000,weekly,2019-6-20T21:00:00.000,options,call
170,1560513900000,17.3,17.35,16.9,17.1,40575,,12000,weekly,2019-6-20T21:00:00.000,options,call
171,1560513960000,17.1,17.45,17.1,17.35,21450,,12000,weekly,2019-6-20T21:00:00.000,options,call
172,1560514020000,17.4,17.4,16.95,17.4,31275,,12000,weekly,2019-6-20T21:00:00.000,options,call
173,1560514080000,17.4,18.45,17.4,18.45,82500,,12000,weekly,2019-6-20T21:00:00.000,options,call
174,1560514140000,18.35,19.0,18.25,19.0,64050,,12000,weekly,2019-6-20T21:00:00.000,options,call
175,1560514200000,19.05,19.05,18.4,18.8,41475,,12000,weekly,2019-6-20T21:00:00.000,options,call
176,1560514260000,18.85,19.5,18.8,18.9,92025,,12000,weekly,2019-6-20T21:00:00.000,options,call
177,1560514320000,18.95,19.25,18.95,19.0,21300,,12000,weekly,2019-6-20T21:00:00.000,options,call
178,1560514380000,18.85,19.0,18.4,19.0,28875,,12000,weekly,2019-6-20T21:00:00.000,options,call
179,1560514440000,19.1,19.35,18.85,18.9,21150,,12000,weekly,2019-6-20T21:00:00.000,options,call
180,1560514500000,18.95,19.05,18.75,18.8,17025,,12000,weekly,2019-6-20T21:00:00.000,options,call
181,1560514560000,18.85,18.95,18.65,18.75,22650,,12000,weekly,2019-6-20T21:00:00.000,options,call
182,1560514620000,18.7,18.7,18.3,18.65,41925,,12000,weekly,2019-6-20T21:00:00.000,options,call
183,1560514680000,18.6,18.6,17.25,17.75,47625,,12000,weekly,2019-6-20T21:00:00.000,options,call
184,1560514740000,17.75,18.5,17.75,18.5,16125,,12000,weekly,2019-6-20T21:00:00.000,options,call
185,1560514800000,18.5,19.1,18.4,19.1,58350,,12000,weekly,2019-6-20T21:00:00.000,options,call
186,1560514860000,19.05,19.95,18.95,19.9,69000,,12000,weekly,2019-6-20T21:00:00.000,options,call
187,1560514920000,19.6,20.8,19.5,20.3,102450,,12000,weekly,2019-6-20T21:00:00.000,options,call
188,1560514980000,20.05,20.1,19.5,20.1,46050,,12000,weekly,2019-6-20T21:00:00.000,options,call
189,1560515040000,20.0,20.3,19.5,20.15,43275,,12000,weekly,2019-6-20T21:00:00.000,options,call
190,1560515100000,20.2,20.4,19.9,20.2,39225,,12000,weekly,2019-6-20T21:00:00.000,options,call
191,1560515160000,20.2,20.2,19.45,19.65,44100,,12000,weekly,2019-6-20T21:00:00.000,options,call
192,1560515220000,19.75,20.8,19.75,20.05,41625,,12000,weekly,2019-6-20T21:00:00.000,options,call
193,1560515280000,20.05,21.05,19.75,20.9,47100,,12000,weekly,2019-6-20T21:00:00.000,options,call
194,1560515340000,21.0,21.4,20.65,21.0,78000,,12000,weekly,2019-6-20T21:00:00.000,options,call
195,1560515400000,20.7,21.3,20.15,21.1,83025,,12000,weekly,2019-6-20T21:00:00.000,options,call
196,1560515460000,21.05,21.35,20.3,20.35,53550,,12000,weekly,2019-6-20T21:00:00.000,options,call
197,1560515520000,20.3,20.95,20.3,20.7,46350,,12000,weekly,2019-6-20T21:00:00.000,options,call
198,1560515580000,20.65,20.85,20.25,20.55,26850,,12000,weekly,2019-6-20T21:00:00.000,options,call
199,1560515640000,20.65,20.7,19.75,20.1,30375,,12000,weekly,2019-6-20T21:00:00.000,options,call
200,1560515700000,20.15,20.35,19.9,20.15,18675,,12000,weekly,2019-6-20T21:00:00.000,options,call
201,1560515760000,20.35,20.65,20.2,20.35,20325,,12000,weekly,2019-6-20T21:00:00.000,options,call
202,1560515820000,20.5,20.5,19.95,20.25,25275,,12000,weekly,2019-6-20T21:00:00.000,options,call
203,1560515880000,20.15,20.2,19.05,19.2,44175,,12000,weekly,2019-6-20T21:00:00.000,options,call
204,1560515940000,19.4,19.45,18.45,18.5,46875,,12000,weekly,2019-6-20T21:00:00.000,options,call
205,1560516000000,18.65,18.85,18.4,18.65,25500,,12000,weekly,2019-6-20T21:00:00.000,options,call
206,1560516060000,18.8,19.25,18.8,19.15,32850,,12000,weekly,2019-6-20T21:00:00.000,options,call
207,1560516120000,19.05,19.05,18.85,19.0,16125,,12000,weekly,2019-6-20T21:00:00.000,options,call
208,1560516180000,19.0,19.3,18.5,19.25,20100,,12000,weekly,2019-6-20T21:00:00.000,options,call
209,1560516240000,19.15,19.25,18.75,18.85,12825,,12000,weekly,2019-6-20T21:00:00.000,options,call
210,1560516300000,18.9,19.6,18.5,19.4,27525,,12000,weekly,2019-6-20T21:00:00.000,options,call
211,1560516360000,19.45,20.15,19.35,19.95,17925,,12000,weekly,2019-6-20T21:00:00.000,options,call
212,1560516420000,19.8,20.6,19.8,20.55,38325,,12000,weekly,2019-6-20T21:00:00.000,options,call
213,1560516480000,20.6,20.65,20.2,20.2,38100,,12000,weekly,2019-6-20T21:00:00.000,options,call
214,1560516540000,20.2,21.1,20.2,20.9,48150,,12000,weekly,2019-6-20T21:00:00.000,options,call
215,1560516600000,20.9,20.9,20.25,20.35,27825,,12000,weekly,2019-6-20T21:00:00.000,options,call
216,1560516660000,20.4,20.45,19.0,19.15,41025,,12000,weekly,2019-6-20T21:00:00.000,options,call
217,1560516720000,19.2,19.65,19.2,19.5,13350,,12000,weekly,2019-6-20T21:00:00.000,options,call
218,1560516780000,19.45,19.75,18.85,19.1,30825,,12000,weekly,2019-6-20T21:00:00.000,options,call
219,1560516840000,19.1,19.3,18.85,19.0,13800,,12000,weekly,2019-6-20T21:00:00.000,options,call
220,1560516900000,19.15,19.65,19.1,19.5,20775,,12000,weekly,2019-6-20T21:00:00.000,options,call
221,1560516960000,19.3,20.25,19.3,20.25,12600,,12000,weekly,2019-6-20T21:00:00.000,options,call
222,1560517020000,20.25,21.0,19.95,20.55,57825,,12000,weekly,2019-6-20T21:00:00.000,options,call
223,1560517080000,20.8,20.85,20.2,20.3,23850,,12000,weekly,2019-6-20T21:00:00.000,options,call
224,1560517140000,20.2,20.2,19.85,20.05,27225,,12000,weekly,2019-6-20T21:00:00.000,options,call
225,1560517200000,20.15,20.35,19.1,19.6,37125,,12000,weekly,2019-6-20T21:00:00.000,options,call
226,1560517260000,19.8,20.85,19.65,20.0,40950,,12000,weekly,2019-6-20T21:00:00.000,options,call
227,1560517320000,20.15,20.5,19.85,20.2,32925,,12000,weekly,2019-6-20T21:00:00.000,options,call
228,1560517380000,19.9,20.15,19.5,19.55,19875,,12000,weekly,2019-6-20T21:00:00.000,options,call
229,1560517440000,19.0,19.6,19.0,19.55,29025,,12000,weekly,2019-6-20T21:00:00.000,options,call
230,1560517500000,19.7,20.05,19.65,20.05,12000,,12000,weekly,2019-6-20T21:00:00.000,options,call
231,1560517560000,20.2,20.2,18.85,19.6,49125,,12000,weekly,2019-6-20T21:00:00.000,options,call
232,1560517620000,19.5,19.55,17.4,17.95,120300,,12000,weekly,2019-6-20T21:00:00.000,options,call
233,1560517680000,18.1,18.45,17.85,18.1,62400,,12000,weekly,2019-6-20T21:00:00.000,options,call
234,1560517740000,18.3,18.6,17.1,17.8,77100,,12000,weekly,2019-6-20T21:00:00.000,options,call
235,1560517800000,17.7,18.65,17.65,18.5,45375,,12000,weekly,2019-6-20T21:00:00.000,options,call
236,1560517860000,18.3,18.6,17.85,18.3,25350,,12000,weekly,2019-6-20T21:00:00.000,options,call
237,1560517920000,18.15,18.6,17.9,18.25,30525,,12000,weekly,2019-6-20T21:00:00.000,options,call
238,1560517980000,18.05,18.5,17.9,18.1,20175,,12000,weekly,2019-6-20T21:00:00.000,options,call
239,1560518040000,18.05,18.6,17.95,18.05,31800,,12000,weekly,2019-6-20T21:00:00.000,options,call
240,1560518100000,17.4,18.0,17.4,17.85,54900,,12000,weekly,2019-6-20T21:00:00.000,options,call
241,1560518160000,17.9,18.1,17.1,17.35,48150,,12000,weekly,2019-6-20T21:00:00.000,options,call
242,1560518220000,17.35,17.6,16.9,17.55,71775,,12000,weekly,2019-6-20T21:00:00.000,options,call
243,1560518280000,17.5,18.35,17.5,18.05,49875,,12000,weekly,2019-6-20T21:00:00.000,options,call
244,1560518340000,18.05,18.2,17.8,18.0,16125,,12000,weekly,2019-6-20T21:00:00.000,options,call
245,1560518400000,18.05,18.05,17.2,17.4,18900,,12000,weekly,2019-6-20T21:00:00.000,options,call
246,1560518460000,17.45,18.0,17.45,17.9,21225,,12000,weekly,2019-6-20T21:00:00.000,options,call
247,1560518520000,17.9,18.0,17.75,17.9,16350,,12000,weekly,2019-6-20T21:00:00.000,options,call
248,1560518580000,17.8,18.15,17.65,18.15,12150,,12000,weekly,2019-6-20T21:00:00.000,options,call
249,1560518640000,18.1,18.6,17.85,18.25,29025,,12000,weekly,2019-6-20T21:00:00.000,options,call
250,1560518700000,18.3,18.55,18.05,18.2,12900,,12000,weekly,2019-6-20T21:00:00.000,options,call
251,1560518760000,18.3,19.0,18.3,18.65,19500,,12000,weekly,2019-6-20T21:00:00.000,options,call
252,1560518820000,18.55,18.95,18.4,18.6,24225,,12000,weekly,2019-6-20T21:00:00.000,options,call
253,1560518880000,18.65,19.3,18.5,19.1,36150,,12000,weekly,2019-6-20T21:00:00.000,options,call
254,1560518940000,19.05,19.2,18.65,18.85,20700,,12000,weekly,2019-6-20T21:00:00.000,options,call
255,1560519000000,18.8,18.9,18.65,18.7,10200,,12000,weekly,2019-6-20T21:00:00.000,options,call
256,1560519060000,18.8,19.05,18.5,18.8,20100,,12000,weekly,2019-6-20T21:00:00.000,options,call
257,1560519120000,18.9,18.95,17.95,18.3,39000,,12000,weekly,2019-6-20T21:00:00.000,options,call
258,1560519180000,18.35,18.75,18.05,18.75,18225,,12000,weekly,2019-6-20T21:00:00.000,options,call
259,1560519240000,18.7,18.8,17.7,17.75,16350,,12000,weekly,2019-6-20T21:00:00.000,options,call
260,1560519300000,17.95,18.1,17.5,18.0,23175,,12000,weekly,2019-6-20T21:00:00.000,options,call
261,1560519360000,17.95,18.2,17.9,18.0,13200,,12000,weekly,2019-6-20T21:00:00.000,options,call
262,1560519420000,17.9,18.0,17.55,17.6,20550,,12000,weekly,2019-6-20T21:00:00.000,options,call
263,1560519480000,17.5,17.9,17.2,17.9,33600,,12000,weekly,2019-6-20T21:00:00.000,options,call
264,1560519540000,17.95,18.25,17.75,18.15,23700,,12000,weekly,2019-6-20T21:00:00.000,options,call
265,1560519600000,18.2,19.0,18.1,18.8,31800,,12000,weekly,2019-6-20T21:00:00.000,options,call
266,1560519660000,18.85,19.0,18.55,18.6,21825,,12000,weekly,2019-6-20T21:00:00.000,options,call
267,1560519720000,18.65,20.35,18.65,20.15,75150,,12000,weekly,2019-6-20T21:00:00.000,options,call
268,1560519780000,20.15,20.15,19.5,19.75,58050,,12000,weekly,2019-6-20T21:00:00.000,options,call
269,1560519840000,19.7,19.75,19.25,19.45,19200,,12000,weekly,2019-6-20T21:00:00.000,options,call
270,1560519900000,19.35,19.4,18.8,19.0,19125,,12000,weekly,2019-6-20T21:00:00.000,options,call
271,1560519960000,19.0,19.2,18.8,18.8,8475,,12000,weekly,2019-6-20T21:00:00.000,options,call
272,1560520020000,18.5,18.8,18.1,18.25,30225,,12000,weekly,2019-6-20T21:00:00.000,options,call
273,1560520080000,18.25,18.65,18.2,18.6,15075,,12000,weekly,2019-6-20T21:00:00.000,options,call
274,1560520140000,18.55,18.55,17.8,17.8,35400,,12000,weekly,2019-6-20T21:00:00.000,options,call
275,1560520200000,17.95,17.95,16.9,17.05,62475,,12000,weekly,2019-6-20T21:00:00.000,options,call
276,1560520260000,17.2,17.2,15.9,16.6,120750,,12000,weekly,2019-6-20T21:00:00.000,options,call
277,1560520320000,16.8,17.2,16.6,17.0,42000,,12000,weekly,2019-6-20T21:00:00.000,options,call
278,1560520380000,17.0,17.05,16.65,16.85,48525,,12000,weekly,2019-6-20T21:00:00.000,options,call
279,1560520440000,16.85,17.05,16.4,16.85,22350,,12000,weekly,2019-6-20T21:00:00.000,options,call
280,1560520500000,16.8,16.95,16.6,16.65,30750,,12000,weekly,2019-6-20T21:00:00.000,options,call
281,1560520560000,16.7,16.8,16.1,16.75,37650,,12000,weekly,2019-6-20T21:00:00.000,options,call
282,1560520620000,16.85,16.95,16.5,16.85,16275,,12000,weekly,2019-6-20T21:00:00.000,options,call
283,1560520680000,16.95,18.4,16.95,18.1,71850,,12000,weekly,2019-6-20T21:00:00.000,options,call
284,1560520740000,17.95,18.25,17.7,17.8,31875,,12000,weekly,2019-6-20T21:00:00.000,options,call
285,1560520800000,17.75,17.75,17.15,17.25,9150,,12000,weekly,2019-6-20T21:00:00.000,options,call
286,1560520860000,17.25,17.7,17.05,17.7,22725,,12000,weekly,2019-6-20T21:00:00.000,options,call
287,1560520920000,17.65,17.75,17.0,17.0,24975,,12000,weekly,2019-6-20T21:00:00.000,options,call
288,1560520980000,17.1,18.2,17.05,17.95,35400,,12000,weekly,2019-6-20T21:00:00.000,options,call
289,1560521040000,17.95,18.05,17.65,17.8,23025,,12000,weekly,2019-6-20T21:00:00.000,options,call
290,1560521100000,17.75,17.8,16.85,17.15,42600,,12000,weekly,2019-6-20T21:00:00.000,options,call
291,1560521160000,17.15,17.35,16.8,17.1,19725,,12000,weekly,2019-6-20T21:00:00.000,options,call
292,1560521220000,17.25,17.4,17.0,17.2,7875,,12000,weekly,2019-6-20T21:00:00.000,options,call
293,1560521280000,17.3,17.95,17.3,17.5,16575,,12000,weekly,2019-6-20T21:00:00.000,options,call
294,1560521340000,17.4,17.4,16.95,17.05,16875,,12000,weekly,2019-6-20T21:00:00.000,options,call
295,1560521400000,17.1,17.25,16.55,17.15,37650,,12000,weekly,2019-6-20T21:00:00.000,options,call
296,1560521460000,17.4,17.65,17.3,17.65,15975,,12000,weekly,2019-6-20T21:00:00.000,options,call
297,1560521520000,17.6,17.6,16.9,17.05,13725,,12000,weekly,2019-6-20T21:00:00.000,options,call
298,1560521580000,16.95,17.4,16.8,17.25,16425,,12000,weekly,2019-6-20T21:00:00.000,options,call
299,1560521640000,17.15,17.95,17.1,17.65,51075,,12000,weekly,2019-6-20T21:00:00.000,options,call
300,1560521700000,17.8,18.1,17.4,17.45,20025,,12000,weekly,2019-6-20T21:00:00.000,options,call
301,1560521760000,17.4,17.55,17.0,17.45,24750,,12000,weekly,2019-6-20T21:00:00.000,options,call
302,1560521820000,17.3,17.4,16.5,16.8,32100,,12000,weekly,2019-6-20T21:00:00.000,options,call
303,1560521880000,16.8,17.4,16.8,17.25,14625,,12000,weekly,2019-6-20T21:00:00.000,options,call
304,1560521940000,17.1,18.1,17.0,17.45,40725,,12000,weekly,2019-6-20T21:00:00.000,options,call
305,1560522000000,17.4,18.4,17.4,17.95,48600,,12000,weekly,2019-6-20T21:00:00.000,options,call
306,1560522060000,18.0,18.2,16.75,16.75,26475,,12000,weekly,2019-6-20T21:00:00.000,options,call
307,1560522120000,16.9,17.15,16.3,16.7,63900,,12000,weekly,2019-6-20T21:00:00.000,options,call
308,1560522180000,16.5,17.0,16.4,16.9,28800,,12000,weekly,2019-6-20T21:00:00.000,options,call
309,1560522240000,16.9,17.3,16.55,17.2,17175,,12000,weekly,2019-6-20T21:00:00.000,options,call
310,1560522300000,17.3,17.4,16.4,16.8,28125,,12000,weekly,2019-6-20T21:00:00.000,options,call
311,1560522360000,16.8,17.0,16.5,16.5,20475,,12000,weekly,2019-6-20T21:00:00.000,options,call
312,1560522420000,16.75,17.35,16.65,17.15,33000,,12000,weekly,2019-6-20T21:00:00.000,options,call
313,1560522480000,17.3,17.55,17.05,17.3,30450,,12000,weekly,2019-6-20T21:00:00.000,options,call
314,1560522540000,17.25,17.3,16.7,16.7,24600,,12000,weekly,2019-6-20T21:00:00.000,options,call
315,1560522600000,16.75,18.65,16.75,18.45,81825,,12000,weekly,2019-6-20T21:00:00.000,options,call
316,1560522660000,18.2,18.35,17.65,17.85,63600,,12000,weekly,2019-6-20T21:00:00.000,options,call
317,1560522720000,17.7,18.15,17.35,18.1,37200,,12000,weekly,2019-6-20T21:00:00.000,options,call
318,1560522780000,18.05,18.2,17.35,17.45,45450,,12000,weekly,2019-6-20T21:00:00.000,options,call
319,1560522840000,17.5,18.0,17.35,17.85,30450,,12000,weekly,2019-6-20T21:00:00.000,options,call
320,1560522900000,17.8,17.95,17.1,17.2,29775,,12000,weekly,2019-6-20T21:00:00.000,options,call
321,1560522960000,17.25,18.3,17.25,18.25,36300,,12000,weekly,2019-6-20T21:00:00.000,options,call
322,1560523020000,18.25,19.05,18.1,18.2,56700,,12000,weekly,2019-6-20T21:00:00.000,options,call
323,1560523080000,18.1,18.25,17.1,17.1,50775,,12000,weekly,2019-6-20T21:00:00.000,options,call
324,1560523140000,17.05,17.3,16.35,16.6,77550,,12000,weekly,2019-6-20T21:00:00.000,options,call
325,1560523200000,16.55,17.05,16.45,17.05,50700,,12000,weekly,2019-6-20T21:00:00.000,options,call
326,1560523260000,16.9,17.25,16.8,17.05,15225,,12000,weekly,2019-6-20T21:00:00.000,options,call
327,1560523320000,17.1,17.4,16.7,16.7,16425,,12000,weekly,2019-6-20T21:00:00.000,options,call
328,1560523380000,16.75,17.2,16.75,17.1,15825,,12000,weekly,2019-6-20T21:00:00.000,options,call
329,1560523440000,17.1,18.8,17.1,18.35,66600,,12000,weekly,2019-6-20T21:00:00.000,options,call
330,1560523500000,18.3,20.3,18.3,20.05,116025,,12000,weekly,2019-6-20T21:00:00.000,options,call
331,1560523560000,20.0,20.8,19.75,20.0,164325,,12000,weekly,2019-6-20T21:00:00.000,options,call
332,1560523620000,20.1,20.4,19.8,19.9,71925,,12000,weekly,2019-6-20T21:00:00.000,options,call
333,1560523680000,20.0,20.0,18.85,19.15,59775,,12000,weekly,2019-6-20T21:00:00.000,options,call
334,1560523740000,19.1,19.75,19.05,19.35,43875,,12000,weekly,2019-6-20T21:00:00.000,options,call
335,1560523800000,19.6,19.95,19.3,19.8,54750,,12000,weekly,2019-6-20T21:00:00.000,options,call
336,1560523860000,19.75,19.75,18.55,18.65,56250,,12000,weekly,2019-6-20T21:00:00.000,options,call
337,1560523920000,18.6,19.1,18.55,18.55,37500,,12000,weekly,2019-6-20T21:00:00.000,options,call
338,1560523980000,19.0,19.0,17.5,18.0,50850,,12000,weekly,2019-6-20T21:00:00.000,options,call
339,1560524040000,18.1,18.5,17.9,18.0,21900,,12000,weekly,2019-6-20T21:00:00.000,options,call
340,1560524100000,18.0,18.55,18.0,18.45,21900,,12000,weekly,2019-6-20T21:00:00.000,options,call
341,1560524160000,18.5,19.25,18.5,18.85,46050,,12000,weekly,2019-6-20T21:00:00.000,options,call
342,1560524220000,18.75,19.65,18.75,19.55,23850,,12000,weekly,2019-6-20T21:00:00.000,options,call
343,1560524280000,19.7,19.8,19.0,19.25,69600,,12000,weekly,2019-6-20T21:00:00.000,options,call
344,1560524340000,19.3,20.4,19.3,19.8,67950,,12000,weekly,2019-6-20T21:00:00.000,options,call
345,1560524400000,19.35,20.85,18.4,20.4,124050,,12000,weekly,2019-6-20T21:00:00.000,options,call
346,1560524460000,20.55,20.6,19.1,19.25,76575,,12000,weekly,2019-6-20T21:00:00.000,options,call
347,1560524520000,19.45,19.45,17.2,17.3,97350,,12000,weekly,2019-6-20T21:00:00.000,options,call
348,1560524580000,17.8,18.25,16.6,16.6,78000,,12000,weekly,2019-6-20T21:00:00.000,options,call
349,1560524640000,16.75,17.15,15.8,17.15,136275,,12000,weekly,2019-6-20T21:00:00.000,options,call
350,1560524700000,17.1,17.1,15.5,16.35,118950,,12000,weekly,2019-6-20T21:00:00.000,options,call
351,1560524760000,16.4,16.7,16.0,16.55,46725,,12000,weekly,2019-6-20T21:00:00.000,options,call
352,1560524820000,16.4,16.55,15.5,15.7,80100,,12000,weekly,2019-6-20T21:00:00.000,options,call
353,1560524880000,15.6,15.65,14.35,14.85,238200,,12000,weekly,2019-6-20T21:00:00.000,options,call
354,1560524940000,14.8,14.85,14.05,14.5,114150,,12000,weekly,2019-6-20T21:00:00.000,options,call
355,1560525000000,14.5,14.55,12.9,13.05,222225,,12000,weekly,2019-6-20T21:00:00.000,options,call
356,1560525060000,12.9,13.55,12.75,13.5,169050,,12000,weekly,2019-6-20T21:00:00.000,options,call
357,1560525120000,13.3,13.4,11.25,12.25,273675,,12000,weekly,2019-6-20T21:00:00.000,options,call
358,1560525180000,12.35,12.8,11.85,12.3,221175,,12000,weekly,2019-6-20T21:00:00.000,options,call
359,1560525240000,12.3,12.65,11.95,11.95,114675,,12000,weekly,2019-6-20T21:00:00.000,options,call
360,1560525300000,11.95,12.25,11.5,11.55,140250,,12000,weekly,2019-6-20T21:00:00.000,options,call
361,1560525360000,11.55,12.0,11.25,12.0,163800,,12000,weekly,2019-6-20T21:00:00.000,options,call
362,1560525420000,11.95,12.8,11.95,12.6,140700,,12000,weekly,2019-6-20T21:00:00.000,options,call
363,1560525480000,12.6,12.85,12.4,12.6,107775,,12000,weekly,2019-6-20T21:00:00.000,options,call
364,1560525540000,12.45,13.05,12.45,12.75,76650,,12000,weekly,2019-6-20T21:00:00.000,options,call
365,1560525600000,12.8,13.0,12.7,12.9,120600,,12000,weekly,2019-6-20T21:00:00.000,options,call
366,1560525660000,12.8,12.9,12.5,12.5,69675,,12000,weekly,2019-6-20T21:00:00.000,options,call
367,1560525720000,12.5,12.8,12.4,12.4,111825,,12000,weekly,2019-6-20T21:00:00.000,options,call
368,1560525780000,12.45,12.65,12.25,12.6,77475,,12000,weekly,2019-6-20T21:00:00.000,options,call
369,1560525840000,12.55,12.8,12.55,12.65,56475,,12000,weekly,2019-6-20T21:00:00.000,options,call
370,1560525900000,12.7,12.85,12.6,12.7,95850,,12000,weekly,2019-6-20T21:00:00.000,options,call
371,1560525960000,12.7,13.0,12.7,13.0,71775,,12000,weekly,2019-6-20T21:00:00.000,options,call
372,1560526020000,12.95,13.0,12.65,12.8,101325,,12000,weekly,2019-6-20T21:00:00.000,options,call
373,1560526080000,12.9,12.9,12.4,12.45,92775,,12000,weekly,2019-6-20T21:00:00.000,options,call
374,1560526140000,12.45,12.45,11.9,12.0,83325,,12000,weekly,2019-6-20T21:00:00.000,options,call
375,1560526200000,12.45,13.9,11.9,13.9,0,,12000,weekly,2019-6-20T21:00:00.000,options,call
