,timestamp,open,high,low,close,volume,open_interest,strike,expiry_type,expiry,instrument,contract_type
0,1605152700000,805.7,960.95,805.7,960.95,50,,28100,weekly,2020-11-19T21:00:00.000,options,call
1,1605153180000,960.95,960.95,843.0,843.0,100,,28100,weekly,2020-11-19T21:00:00.000,options,call
2,1605153240000,843.0,843.0,823.65,840.0,200,,28100,weekly,2020-11-19T21:00:00.000,options,call
3,1605153300000,840.0,840.0,821.0,821.0,50,,28100,weekly,2020-11-19T21:00:00.000,options,call
4,1605153480000,821.0,821.0,821.0,821.0,25,,28100,weekly,2020-11-19T21:00:00.000,options,call
5,1605153660000,825.0,825.0,825.0,825.0,25,,28100,weekly,2020-11-19T21:00:00.000,options,call
6,1605153780000,825.0,831.9,825.0,825.0,75,,28100,weekly,2020-11-19T21:00:00.000,options,call
7,1605153840000,825.0,825.0,812.9,812.9,25,,28100,weekly,2020-11-19T21:00:00.000,options,call
8,1605153900000,812.9,812.9,806.65,806.65,25,,28100,weekly,2020-11-19T21:00:00.000,options,call
9,1605153960000,769.35,769.35,769.35,769.35,50,,28100,weekly,2020-11-19T21:00:00.000,options,call
10,1605154140000,769.35,769.35,748.25,748.25,50,,28100,weekly,2020-11-19T21:00:00.000,options,call
11,1605154320000,747.55,747.55,735.85,735.85,50,,28100,weekly,2020-11-19T21:00:00.000,options,call
12,1605154440000,730.7,730.7,730.7,730.7,25,,28100,weekly,2020-11-19T21:00:00.000,options,call
13,1605154500000,730.7,757.95,730.7,757.95,25,,28100,weekly,2020-11-19T21:00:00.000,options,call
14,1605154560000,757.95,758.75,757.95,758.75,25,,28100,weekly,2020-11-19T21:00:00.000,options,call
15,1605154620000,758.75,779.0,758.75,779.0,25,,28100,weekly,2020-11-19T21:00:00.000,options,call
16,1605154800000,779.0,779.0,760.85,760.85,25,,28100,weekly,2020-11-19T21:00:00.000,options,call
17,1605154860000,760.85,777.55,760.85,777.55,25,,28100,weekly,2020-11-19T21:00:00.000,options,call
18,1605154920000,777.55,788.25,777.55,788.25,25,,28100,weekly,2020-11-19T21:00:00.000,options,call
19,1605155040000,788.25,788.25,763.35,763.35,50,,28100,weekly,2020-11-19T21:00:00.000,options,call
20,1605155100000,763.35,771.3,763.35,771.3,25,,28100,weekly,2020-11-19T21:00:00.000,options,call
21,1605155280000,771.3,782.25,771.3,782.25,25,,28100,weekly,2020-11-19T21:00:00.000,options,call
22,1605155340000,782.25,808.2,782.25,808.2,150,,28100,weekly,2020-11-19T21:00:00.000,options,call
23,1605155460000,808.2,808.2,804.55,806.4,1025,,28100,weekly,2020-11-19T21:00:00.000,options,call
24,1605155520000,806.4,806.4,800.4,800.4,500,,28100,weekly,2020-11-19T21:00:00.000,options,call
25,1605155580000,800.4,800.4,773.8,773.8,50,,28100,weekly,2020-11-19T21:00:00.000,options,call
26,1605155640000,773.8,773.8,750.0,750.0,75,,28100,weekly,2020-11-19T21:00:00.000,options,call
27,1605155700000,750.0,750.0,744.0,744.0,1000,,28100,weekly,2020-11-19T21:00:00.000,options,call
28,1605155940000,744.0,744.0,737.7,737.7,25,,28100,weekly,2020-11-19T21:00:00.000,options,call
29,1605156000000,737.7,754.25,737.7,754.25,25,,28100,weekly,2020-11-19T21:00:00.000,options,call
30,1605156180000,754.25,777.6,754.25,777.6,25,,28100,weekly,2020-11-19T21:00:00.000,options,call
31,1605156240000,777.6,795.05,777.6,795.05,50,,28100,weekly,2020-11-19T21:00:00.000,options,call
32,1605156300000,795.05,795.05,777.35,777.35,50,,28100,weekly,2020-11-19T21:00:00.000,options,call
33,1605156360000,777.35,784.8,777.35,778.75,1600,,28100,weekly,2020-11-19T21:00:00.000,options,call
34,1605156420000,784.45,790.1,784.45,790.1,100,,28100,weekly,2020-11-19T21:00:00.000,options,call
35,1605156480000,790.1,821.85,790.1,813.75,175,,28100,weekly,2020-11-19T21:00:00.000,options,call
36,1605156540000,813.75,813.75,798.95,798.95,75,,28100,weekly,2020-11-19T21:00:00.000,options,call
37,1605156600000,798.95,812.95,798.95,812.95,125,,28100,weekly,2020-11-19T21:00:00.000,options,call
38,1605156660000,812.95,812.95,789.5,789.5,275,,28100,weekly,2020-11-19T21:00:00.000,options,call
39,1605156720000,784.1,789.5,784.1,786.8,100,,28100,weekly,2020-11-19T21:00:00.000,options,call
40,1605156780000,786.8,786.8,778.05,779.6,25,,28100,weekly,2020-11-19T21:00:00.000,options,call
41,1605156840000,779.6,779.6,761.95,765.1,150,,28100,weekly,2020-11-19T21:00:00.000,options,call
42,1605156900000,765.1,778.4,765.1,778.4,25,,28100,weekly,2020-11-19T21:00:00.000,options,call
43,1605157200000,778.4,778.4,752.2,752.95,1625,,28100,weekly,2020-11-19T21:00:00.000,options,call
44,1605157260000,760.2,760.2,760.2,760.2,25,,28100,weekly,2020-11-19T21:00:00.000,options,call
45,1605157380000,760.2,766.15,760.2,766.15,25,,28100,weekly,2020-11-19T21:00:00.000,options,call
46,1605157440000,766.15,775.2,766.15,775.2,25,,28100,weekly,2020-11-19T21:00:00.000,options,call
47,1605157560000,775.2,775.2,767.75,767.75,50,,28100,weekly,2020-11-19T21:00:00.000,options,call
48,1605157620000,767.75,767.75,763.95,763.95,100,,28100,weekly,2020-11-19T21:00:00.000,options,call
49,1605157680000,763.95,763.95,758.45,758.45,50,,28100,weekly,2020-11-19T21:00:00.000,options,call
50,1605157740000,758.45,758.45,750.0,750.0,75,,28100,weekly,2020-11-19T21:00:00.000,options,call
51,1605157800000,750.0,769.35,750.0,769.35,100,,28100,weekly,2020-11-19T21:00:00.000,options,call
52,1605157860000,769.35,769.35,763.5,763.5,200,,28100,weekly,2020-11-19T21:00:00.000,options,call
53,1605157920000,765.0,769.35,765.0,769.35,50,,28100,weekly,2020-11-19T21:00:00.000,options,call
54,1605158040000,776.8,776.8,776.8,776.8,50,,28100,weekly,2020-11-19T21:00:00.000,options,call
55,1605158160000,776.8,778.85,776.8,778.85,25,,28100,weekly,2020-11-19T21:00:00.000,options,call
56,1605158400000,778.85,787.6,778.85,787.6,50,,28100,weekly,2020-11-19T21:00:00.000,options,call
57,1605158460000,787.6,791.35,787.6,791.35,50,,28100,weekly,2020-11-19T21:00:00.000,options,call
58,1605158520000,791.35,792.8,791.35,791.35,75,,28100,weekly,2020-11-19T21:00:00.000,options,call
59,1605158580000,791.35,794.15,778.0,794.15,50,,28100,weekly,2020-11-19T21:00:00.000,options,call
60,1605158640000,794.15,794.15,781.1,781.1,75,,28100,weekly,2020-11-19T21:00:00.000,options,call
61,1605158700000,781.1,781.1,781.1,781.1,50,,28100,weekly,2020-11-19T21:00:00.000,options,call
62,1605158760000,781.1,781.1,777.2,777.2,25,,28100,weekly,2020-11-19T21:00:00.000,options,call
63,1605158820000,777.2,777.2,776.9,776.9,25,,28100,weekly,2020-11-19T21:00:00.000,options,call
64,1605158880000,776.9,776.9,765.4,765.4,25,,28100,weekly,2020-11-19T21:00:00.000,options,call
65,1605158940000,765.4,770.0,765.4,770.0,25,,28100,weekly,2020-11-19T21:00:00.000,options,call
66,1605159000000,770.0,770.0,767.75,767.75,25,,28100,weekly,2020-11-19T21:00:00.000,options,call
67,1605159060000,767.75,783.35,767.75,781.55,50,,28100,weekly,2020-11-19T21:00:00.000,options,call
68,1605159120000,781.8,781.8,781.8,781.8,50,,28100,weekly,2020-11-19T21:00:00.000,options,call
69,1605159180000,785.25,803.35,784.35,789.15,225,,28100,weekly,2020-11-19T21:00:00.000,options,call
70,1605159240000,789.15,797.1,789.15,797.1,25,,28100,weekly,2020-11-19T21:00:00.000,options,call
71,1605159300000,797.1,797.1,787.9,792.7,150,,28100,weekly,2020-11-19T21:00:00.000,options,call
72,1605159420000,792.7,792.7,769.0,771.35,150,,28100,weekly,2020-11-19T21:00:00.000,options,call
73,1605159480000,771.35,779.8,771.0,771.0,25,,28100,weekly,2020-11-19T21:00:00.000,options,call
74,1605159540000,771.0,771.0,771.0,771.0,25,,28100,weekly,2020-11-19T21:00:00.000,options,call
75,1605159600000,771.0,783.4,771.0,783.4,175,,28100,weekly,2020-11-19T21:00:00.000,options,call
76,1605159720000,783.4,783.4,773.7,773.7,25,,28100,weekly,2020-11-19T21:00:00.000,options,call
77,1605159780000,773.7,776.5,770.0,770.0,50,,28100,weekly,2020-11-19T21:00:00.000,options,call
78,1605159840000,770.0,775.5,770.0,775.5,25,,28100,weekly,2020-11-19T21:00:00.000,options,call
79,1605159960000,775.5,775.5,758.2,758.2,75,,28100,weekly,2020-11-19T21:00:00.000,options,call
80,1605160020000,758.2,758.2,742.5,742.5,50,,28100,weekly,2020-11-19T21:00:00.000,options,call
81,1605160260000,742.5,746.6,742.5,746.6,25,,28100,weekly,2020-11-19T21:00:00.000,options,call
82,1605160500000,746.6,749.25,746.6,749.25,25,,28100,weekly,2020-11-19T21:00:00.000,options,call
83,1605160680000,749.25,768.0,749.25,763.55,50,,28100,weekly,2020-11-19T21:00:00.000,options,call
84,1605160740000,763.55,772.8,763.55,772.8,25,,28100,weekly,2020-11-19T21:00:00.000,options,call
85,1605160860000,784.05,784.05,784.05,784.05,25,,28100,weekly,2020-11-19T21:00:00.000,options,call
86,1605160980000,784.05,784.05,765.3,765.3,25,,28100,weekly,2020-11-19T21:00:00.000,options,call
87,1605161100000,765.3,765.3,765.3,765.3,25,,28100,weekly,2020-11-19T21:00:00.000,options,call
88,1605161280000,765.3,778.7,765.3,776.1,275,,28100,weekly,2020-11-19T21:00:00.000,options,call
89,1605161460000,776.1,776.1,765.9,765.9,25,,28100,weekly,2020-11-19T21:00:00.000,options,call
90,1605161580000,758.65,758.65,758.65,758.65,25,,28100,weekly,2020-11-19T21:00:00.000,options,call
91,1605161640000,758.65,758.65,752.0,752.55,100,,28100,weekly,2020-11-19T21:00:00.000,options,call
92,1605161700000,752.55,752.55,738.95,738.95,25,,28100,weekly,2020-11-19T21:00:00.000,options,call
93,1605161940000,738.95,756.9,738.95,756.9,25,,28100,weekly,2020-11-19T21:00:00.000,options,call
94,1605162000000,756.9,756.9,744.35,744.35,50,,28100,weekly,2020-11-19T21:00:00.000,options,call
95,1605162060000,744.35,744.35,739.05,740.2,100,,28100,weekly,2020-11-19T21:00:00.000,options,call
96,1605162120000,740.2,740.2,719.8,719.8,125,,28100,weekly,2020-11-19T21:00:00.000,options,call
97,1605162180000,719.8,719.8,716.7,716.7,25,,28100,weekly,2020-11-19T21:00:00.000,options,call
98,1605162240000,716.7,726.3,716.7,726.3,50,,28100,weekly,2020-11-19T21:00:00.000,options,call
99,1605162300000,726.3,726.3,700.0,702.15,225,,28100,weekly,2020-11-19T21:00:00.000,options,call
100,1605162420000,702.15,727.65,702.15,727.65,50,,28100,weekly,2020-11-19T21:00:00.000,options,call
101,1605162540000,727.65,727.65,727.55,727.55,25,,28100,weekly,2020-11-19T21:00:00.000,options,call
102,1605162660000,731.15,731.15,731.15,731.15,25,,28100,weekly,2020-11-19T21:00:00.000,options,call
103,1605162780000,726.25,731.15,726.25,726.25,25,,28100,weekly,2020-11-19T21:00:00.000,options,call
104,1605162840000,726.25,726.25,712.6,712.6,50,,28100,weekly,2020-11-19T21:00:00.000,options,call
105,1605162960000,712.6,713.7,709.4,713.7,75,,28100,weekly,2020-11-19T21:00:00.000,options,call
106,1605163380000,713.7,713.8,713.7,713.8,25,,28100,weekly,2020-11-19T21:00:00.000,options,call
107,1605163500000,713.8,713.8,683.05,683.05,100,,28100,weekly,2020-11-19T21:00:00.000,options,call
108,1605163560000,683.05,683.05,653.65,653.65,400,,28100,weekly,2020-11-19T21:00:00.000,options,call
109,1605163680000,653.65,655.5,653.65,655.5,25,,28100,weekly,2020-11-19T21:00:00.000,options,call
110,1605163740000,655.5,655.5,638.4,639.15,225,,28100,weekly,2020-11-19T21:00:00.000,options,call
111,1605163800000,639.15,665.65,639.15,664.6,75,,28100,weekly,2020-11-19T21:00:00.000,options,call
112,1605163860000,664.6,664.6,664.15,664.15,25,,28100,weekly,2020-11-19T21:00:00.000,options,call
113,1605163920000,664.15,664.15,661.9,661.9,25,,28100,weekly,2020-11-19T21:00:00.000,options,call
114,1605163980000,661.9,679.5,661.9,677.7,200,,28100,weekly,2020-11-19T21:00:00.000,options,call
115,1605164040000,677.7,679.1,660.0,660.0,100,,28100,weekly,2020-11-19T21:00:00.000,options,call
116,1605164100000,660.0,661.3,658.25,658.3,75,,28100,weekly,2020-11-19T21:00:00.000,options,call
117,1605164160000,658.3,670.0,658.3,670.0,75,,28100,weekly,2020-11-19T21:00:00.000,options,call
118,1605164220000,670.0,673.4,670.0,673.4,50,,28100,weekly,2020-11-19T21:00:00.000,options,call
119,1605164280000,673.4,748.3,673.4,748.3,175,,28100,weekly,2020-11-19T21:00:00.000,options,call
120,1605164340000,748.3,801.2,748.3,771.05,150,,28100,weekly,2020-11-19T21:00:00.000,options,call
121,1605164400000,741.65,771.05,720.8,745.05,300,,28100,weekly,2020-11-19T21:00:00.000,options,call
122,1605164520000,745.05,750.35,745.05,750.35,50,,28100,weekly,2020-11-19T21:00:00.000,options,call
123,1605164580000,750.35,759.85,750.35,759.85,25,,28100,weekly,2020-11-19T21:00:00.000,options,call
124,1605164640000,759.85,759.85,755.0,755.0,25,,28100,weekly,2020-11-19T21:00:00.000,options,call
125,1605164700000,755.0,755.0,742.6,742.6,75,,28100,weekly,2020-11-19T21:00:00.000,options,call
126,1605164760000,742.6,742.6,736.9,736.9,125,,28100,weekly,2020-11-19T21:00:00.000,options,call
127,1605164820000,736.9,737.0,736.9,737.0,100,,28100,weekly,2020-11-19T21:00:00.000,options,call
128,1605164880000,737.0,752.95,737.0,747.2,100,,28100,weekly,2020-11-19T21:00:00.000,options,call
129,1605164940000,747.2,752.55,747.2,752.55,100,,28100,weekly,2020-11-19T21:00:00.000,options,call
130,1605165120000,752.55,752.55,745.85,745.85,50,,28100,weekly,2020-11-19T21:00:00.000,options,call
131,1605165180000,745.85,745.85,742.8,743.05,150,,28100,weekly,2020-11-19T21:00:00.000,options,call
132,1605165300000,743.05,743.05,730.95,730.95,50,,28100,weekly,2020-11-19T21:00:00.000,options,call
133,1605165360000,730.95,730.95,674.9,674.9,75,,28100,weekly,2020-11-19T21:00:00.000,options,call
134,1605165600000,674.9,712.7,674.9,712.7,25,,28100,weekly,2020-11-19T21:00:00.000,options,call
135,1605165780000,712.7,712.7,712.3,712.3,50,,28100,weekly,2020-11-19T21:00:00.000,options,call
136,1605165900000,712.3,720.05,712.3,713.5,75,,28100,weekly,2020-11-19T21:00:00.000,options,call
137,1605165960000,713.5,733.1,713.5,733.1,75,,28100,weekly,2020-11-19T21:00:00.000,options,call
138,1605166020000,733.1,736.1,725.5,730.3,75,,28100,weekly,2020-11-19T21:00:00.000,options,call
139,1605166080000,730.3,730.3,723.6,723.6,100,,28100,weekly,2020-11-19T21:00:00.000,options,call
140,1605166260000,723.6,750.0,723.6,750.0,25,,28100,weekly,2020-11-19T21:00:00.000,options,call
141,1605166320000,750.0,750.0,736.75,736.75,25,,28100,weekly,2020-11-19T21:00:00.000,options,call
142,1605166380000,736.75,736.75,689.95,689.95,100,,28100,weekly,2020-11-19T21:00:00.000,options,call
143,1605166440000,689.95,716.35,689.95,708.55,125,,28100,weekly,2020-11-19T21:00:00.000,options,call
144,1605166500000,708.55,710.25,708.55,710.25,25,,28100,weekly,2020-11-19T21:00:00.000,options,call
145,1605166560000,710.25,710.25,704.15,704.15,100,,28100,weekly,2020-11-19T21:00:00.000,options,call
146,1605166620000,704.15,709.0,704.15,709.0,50,,28100,weekly,2020-11-19T21:00:00.000,options,call
147,1605166680000,709.0,709.0,689.75,689.75,75,,28100,weekly,2020-11-19T21:00:00.000,options,call
148,1605166740000,689.75,713.7,685.55,713.7,250,,28100,weekly,2020-11-19T21:00:00.000,options,call
149,1605166800000,713.7,717.45,713.7,717.45,25,,28100,weekly,2020-11-19T21:00:00.000,options,call
150,1605166860000,717.45,717.45,696.4,696.4,25,,28100,weekly,2020-11-19T21:00:00.000,options,call
151,1605166920000,694.2,697.0,694.2,697.0,50,,28100,weekly,2020-11-19T21:00:00.000,options,call
152,1605166980000,697.0,697.0,696.6,696.6,25,,28100,weekly,2020-11-19T21:00:00.000,options,call
153,1605167100000,696.6,696.6,654.15,654.15,250,,28100,weekly,2020-11-19T21:00:00.000,options,call
154,1605167160000,654.15,656.0,654.15,656.0,25,,28100,weekly,2020-11-19T21:00:00.000,options,call
155,1605167220000,656.0,656.0,638.1,638.1,275,,28100,weekly,2020-11-19T21:00:00.000,options,call
156,1605167280000,638.1,650.0,638.1,650.0,25,,28100,weekly,2020-11-19T21:00:00.000,options,call
157,1605167340000,654.15,662.0,651.8,661.6,200,,28100,weekly,2020-11-19T21:00:00.000,options,call
158,1605167520000,661.6,661.6,649.1,651.6,50,,28100,weekly,2020-11-19T21:00:00.000,options,call
159,1605167580000,651.6,651.6,610.0,622.45,850,,28100,weekly,2020-11-19T21:00:00.000,options,call
160,1605167640000,622.45,622.45,580.05,611.15,925,,28100,weekly,2020-11-19T21:00:00.000,options,call
161,1605167700000,611.15,611.15,598.95,600.0,50,,28100,weekly,2020-11-19T21:00:00.000,options,call
162,1605167760000,600.0,619.85,600.0,600.0,575,,28100,weekly,2020-11-19T21:00:00.000,options,call
163,1605167820000,600.0,623.7,600.0,623.7,625,,28100,weekly,2020-11-19T21:00:00.000,options,call
164,1605167880000,614.65,614.65,603.0,607.7,100,,28100,weekly,2020-11-19T21:00:00.000,options,call
165,1605167940000,607.7,640.75,607.7,640.75,150,,28100,weekly,2020-11-19T21:00:00.000,options,call
166,1605168000000,640.75,640.75,621.5,623.85,100,,28100,weekly,2020-11-19T21:00:00.000,options,call
167,1605168060000,623.85,627.85,618.45,627.85,400,,28100,weekly,2020-11-19T21:00:00.000,options,call
168,1605168120000,627.85,632.0,627.85,632.0,50,,28100,weekly,2020-11-19T21:00:00.000,options,call
169,1605168180000,646.6,655.8,632.0,647.4,350,,28100,weekly,2020-11-19T21:00:00.000,options,call
170,1605168240000,647.4,647.4,624.8,624.8,25,,28100,weekly,2020-11-19T21:00:00.000,options,call
171,1605168300000,624.8,624.8,616.65,619.3,200,,28100,weekly,2020-11-19T21:00:00.000,options,call
172,1605168360000,619.3,636.0,617.2,629.8,425,,28100,weekly,2020-11-19T21:00:00.000,options,call
173,1605168420000,629.8,630.55,626.4,626.4,50,,28100,weekly,2020-11-19T21:00:00.000,options,call
174,1605168480000,626.4,626.4,600.4,600.4,125,,28100,weekly,2020-11-19T21:00:00.000,options,call
175,1605168540000,600.4,609.35,599.4,600.0,425,,28100,weekly,2020-11-19T21:00:00.000,options,call
176,1605168600000,600.0,600.0,557.2,568.95,1325,,28100,weekly,2020-11-19T21:00:00.000,options,call
177,1605168660000,568.95,571.2,560.1,571.2,1050,,28100,weekly,2020-11-19T21:00:00.000,options,call
178,1605168720000,560.15,571.2,534.05,548.05,1300,,28100,weekly,2020-11-19T21:00:00.000,options,call
179,1605168780000,548.05,554.85,537.4,547.75,1925,,28100,weekly,2020-11-19T21:00:00.000,options,call
180,1605168840000,547.75,559.85,544.9,550.0,1475,,28100,weekly,2020-11-19T21:00:00.000,options,call
181,1605168900000,550.0,561.75,544.4,560.7,1675,,28100,weekly,2020-11-19T21:00:00.000,options,call
182,1605168960000,560.7,570.0,549.45,562.25,2225,,28100,weekly,2020-11-19T21:00:00.000,options,call
183,1605169020000,565.6,600.0,562.25,600.0,3575,,28100,weekly,2020-11-19T21:00:00.000,options,call
184,1605169080000,600.0,614.45,590.7,603.6,1825,,28100,weekly,2020-11-19T21:00:00.000,options,call
185,1605169140000,601.2,619.95,601.2,619.65,1775,,28100,weekly,2020-11-19T21:00:00.000,options,call
186,1605169200000,619.65,619.65,603.05,603.15,800,,28100,weekly,2020-11-19T21:00:00.000,options,call
187,1605169260000,603.15,606.0,589.55,589.55,1050,,28100,weekly,2020-11-19T21:00:00.000,options,call
188,1605169320000,588.2,601.55,588.2,601.55,925,,28100,weekly,2020-11-19T21:00:00.000,options,call
189,1605169380000,601.55,608.45,595.7,608.45,600,,28100,weekly,2020-11-19T21:00:00.000,options,call
190,1605169440000,608.45,608.45,599.05,601.8,775,,28100,weekly,2020-11-19T21:00:00.000,options,call
191,1605169500000,601.8,630.0,601.8,630.0,600,,28100,weekly,2020-11-19T21:00:00.000,options,call
192,1605169560000,630.0,659.75,630.0,653.2,2850,,28100,weekly,2020-11-19T21:00:00.000,options,call
193,1605169620000,655.95,680.45,650.0,650.0,2175,,28100,weekly,2020-11-19T21:00:00.000,options,call
194,1605169680000,650.0,659.2,645.75,659.2,250,,28100,weekly,2020-11-19T21:00:00.000,options,call
195,1605169740000,659.2,694.2,659.2,688.1,325,,28100,weekly,2020-11-19T21:00:00.000,options,call
196,1605169800000,688.55,701.5,669.65,681.6,425,,28100,weekly,2020-11-19T21:00:00.000,options,call
197,1605169860000,681.6,697.7,675.9,679.45,350,,28100,weekly,2020-11-19T21:00:00.000,options,call
198,1605169920000,679.45,681.35,674.1,677.6,475,,28100,weekly,2020-11-19T21:00:00.000,options,call
199,1605169980000,677.6,690.0,676.1,690.0,400,,28100,weekly,2020-11-19T21:00:00.000,options,call
200,1605170040000,690.0,690.0,666.7,680.0,150,,28100,weekly,2020-11-19T21:00:00.000,options,call
201,1605170100000,684.3,685.4,680.0,683.15,1000,,28100,weekly,2020-11-19T21:00:00.000,options,call
202,1605170160000,683.15,683.15,631.25,652.9,550,,28100,weekly,2020-11-19T21:00:00.000,options,call
203,1605170220000,657.75,672.3,657.75,670.0,250,,28100,weekly,2020-11-19T21:00:00.000,options,call
204,1605170280000,670.0,670.0,663.0,663.0,75,,28100,weekly,2020-11-19T21:00:00.000,options,call
205,1605170340000,663.0,677.25,663.0,676.0,200,,28100,weekly,2020-11-19T21:00:00.000,options,call
206,1605170400000,676.0,676.0,668.55,668.55,25,,28100,weekly,2020-11-19T21:00:00.000,options,call
207,1605170460000,668.55,668.55,659.9,659.9,125,,28100,weekly,2020-11-19T21:00:00.000,options,call
208,1605170520000,659.9,660.0,634.75,644.85,425,,28100,weekly,2020-11-19T21:00:00.000,options,call
209,1605170580000,644.85,644.85,617.4,627.65,525,,28100,weekly,2020-11-19T21:00:00.000,options,call
210,1605170640000,627.65,648.95,627.65,637.2,575,,28100,weekly,2020-11-19T21:00:00.000,options,call
211,1605170700000,637.2,637.2,608.7,614.4,750,,28100,weekly,2020-11-19T21:00:00.000,options,call
212,1605170760000,614.4,614.4,594.15,607.3,625,,28100,weekly,2020-11-19T21:00:00.000,options,call
213,1605170820000,607.3,623.0,606.65,616.1,875,,28100,weekly,2020-11-19T21:00:00.000,options,call
214,1605170880000,616.1,620.85,610.85,610.85,500,,28100,weekly,2020-11-19T21:00:00.000,options,call
215,1605170940000,611.85,639.3,610.65,624.0,1825,,28100,weekly,2020-11-19T21:00:00.000,options,call
216,1605171000000,624.0,624.0,597.05,600.5,550,,28100,weekly,2020-11-19T21:00:00.000,options,call
217,1605171060000,600.5,611.75,600.5,606.45,450,,28100,weekly,2020-11-19T21:00:00.000,options,call
218,1605171120000,606.45,613.4,605.05,605.05,125,,28100,weekly,2020-11-19T21:00:00.000,options,call
219,1605171180000,605.05,608.65,599.0,599.0,175,,28100,weekly,2020-11-19T21:00:00.000,options,call
220,1605171240000,599.0,615.35,599.0,615.35,825,,28100,weekly,2020-11-19T21:00:00.000,options,call
221,1605171300000,615.35,633.2,613.6,619.0,250,,28100,weekly,2020-11-19T21:00:00.000,options,call
222,1605171360000,619.0,622.85,604.3,604.3,2425,,28100,weekly,2020-11-19T21:00:00.000,options,call
223,1605171420000,604.3,615.95,604.3,614.05,675,,28100,weekly,2020-11-19T21:00:00.000,options,call
224,1605171480000,614.05,614.1,612.45,612.45,50,,28100,weekly,2020-11-19T21:00:00.000,options,call
225,1605171540000,612.45,613.45,594.2,594.2,1275,,28100,weekly,2020-11-19T21:00:00.000,options,call
226,1605171600000,590.0,594.2,566.75,581.8,1425,,28100,weekly,2020-11-19T21:00:00.000,options,call
227,1605171660000,581.8,590.0,572.55,572.55,100,,28100,weekly,2020-11-19T21:00:00.000,options,call
228,1605171720000,572.55,572.55,560.1,560.1,50,,28100,weekly,2020-11-19T21:00:00.000,options,call
229,1605171780000,560.1,576.25,560.1,573.45,375,,28100,weekly,2020-11-19T21:00:00.000,options,call
230,1605171840000,573.45,573.75,563.2,563.2,1075,,28100,weekly,2020-11-19T21:00:00.000,options,call
231,1605171900000,563.2,563.2,546.8,556.15,1075,,28100,weekly,2020-11-19T21:00:00.000,options,call
232,1605171960000,556.15,560.3,555.65,559.4,525,,28100,weekly,2020-11-19T21:00:00.000,options,call
233,1605172020000,559.4,585.85,559.4,585.65,1000,,28100,weekly,2020-11-19T21:00:00.000,options,call
234,1605172080000,585.65,599.05,582.3,589.5,400,,28100,weekly,2020-11-19T21:00:00.000,options,call
235,1605172140000,589.5,589.7,580.0,580.0,300,,28100,weekly,2020-11-19T21:00:00.000,options,call
236,1605172200000,580.0,588.75,577.95,579.55,275,,28100,weekly,2020-11-19T21:00:00.000,options,call
237,1605172260000,579.55,581.6,564.15,566.5,350,,28100,weekly,2020-11-19T21:00:00.000,options,call
238,1605172320000,566.5,566.5,560.0,565.55,400,,28100,weekly,2020-11-19T21:00:00.000,options,call
239,1605172380000,565.55,569.55,565.55,569.55,275,,28100,weekly,2020-11-19T21:00:00.000,options,call
240,1605172440000,569.55,572.75,565.1,565.1,100,,28100,weekly,2020-11-19T21:00:00.000,options,call
241,1605172500000,565.1,587.5,565.1,587.5,225,,28100,weekly,2020-11-19T21:00:00.000,options,call
242,1605172560000,586.6,600.0,586.6,596.9,275,,28100,weekly,2020-11-19T21:00:00.000,options,call
243,1605172620000,601.25,601.25,590.0,590.0,125,,28100,weekly,2020-11-19T21:00:00.000,options,call
244,1605172680000,590.0,590.8,587.35,587.35,50,,28100,weekly,2020-11-19T21:00:00.000,options,call
245,1605172740000,587.35,600.0,587.35,594.6,400,,28100,weekly,2020-11-19T21:00:00.000,options,call
246,1605172800000,594.6,594.6,580.0,580.0,825,,28100,weekly,2020-11-19T21:00:00.000,options,call
247,1605172860000,580.0,581.45,579.15,579.15,50,,28100,weekly,2020-11-19T21:00:00.000,options,call
248,1605172920000,579.15,579.15,576.7,577.7,175,,28100,weekly,2020-11-19T21:00:00.000,options,call
249,1605172980000,577.7,579.45,572.0,572.0,875,,28100,weekly,2020-11-19T21:00:00.000,options,call
250,1605173040000,572.0,590.55,570.35,589.35,900,,28100,weekly,2020-11-19T21:00:00.000,options,call
251,1605173100000,589.35,605.1,588.55,605.1,300,,28100,weekly,2020-11-19T21:00:00.000,options,call
252,1605173160000,606.6,606.6,592.0,592.0,250,,28100,weekly,2020-11-19T21:00:00.000,options,call
253,1605173220000,592.0,603.0,592.0,596.95,525,,28100,weekly,2020-11-19T21:00:00.000,options,call
254,1605173280000,596.95,601.45,596.95,601.45,475,,28100,weekly,2020-11-19T21:00:00.000,options,call
255,1605173340000,601.45,619.95,601.45,612.15,475,,28100,weekly,2020-11-19T21:00:00.000,options,call
256,1605173400000,612.15,620.0,605.0,605.0,475,,28100,weekly,2020-11-19T21:00:00.000,options,call
257,1605173460000,605.0,605.0,575.3,575.3,800,,28100,weekly,2020-11-19T21:00:00.000,options,call
258,1605173520000,575.3,584.9,575.3,584.9,100,,28100,weekly,2020-11-19T21:00:00.000,options,call
259,1605173580000,584.9,584.9,573.85,582.45,1225,,28100,weekly,2020-11-19T21:00:00.000,options,call
260,1605173640000,582.45,588.75,578.95,588.75,550,,28100,weekly,2020-11-19T21:00:00.000,options,call
261,1605173700000,588.75,602.9,588.75,602.25,1000,,28100,weekly,2020-11-19T21:00:00.000,options,call
262,1605173760000,602.25,608.5,597.15,597.25,1100,,28100,weekly,2020-11-19T21:00:00.000,options,call
263,1605173820000,597.25,599.15,594.3,595.45,825,,28100,weekly,2020-11-19T21:00:00.000,options,call
264,1605173880000,597.5,612.5,595.45,612.5,675,,28100,weekly,2020-11-19T21:00:00.000,options,call
265,1605173940000,612.5,620.85,612.2,620.85,1475,,28100,weekly,2020-11-19T21:00:00.000,options,call
266,1605174000000,620.85,620.85,615.35,617.35,300,,28100,weekly,2020-11-19T21:00:00.000,options,call
267,1605174060000,615.3,617.05,615.3,617.05,75,,28100,weekly,2020-11-19T21:00:00.000,options,call
268,1605174120000,617.05,618.15,613.05,618.15,150,,28100,weekly,2020-11-19T21:00:00.000,options,call
269,1605174180000,618.15,620.25,615.0,617.25,3475,,28100,weekly,2020-11-19T21:00:00.000,options,call
270,1605174240000,617.25,630.0,617.25,627.35,2200,,28100,weekly,2020-11-19T21:00:00.000,options,call
271,1605174300000,627.35,627.35,623.35,626.5,750,,28100,weekly,2020-11-19T21:00:00.000,options,call
272,1605174360000,626.5,626.5,624.9,624.9,125,,28100,weekly,2020-11-19T21:00:00.000,options,call
273,1605174420000,624.9,624.9,618.35,620.65,975,,28100,weekly,2020-11-19T21:00:00.000,options,call
274,1605174480000,616.9,620.65,616.9,616.9,125,,28100,weekly,2020-11-19T21:00:00.000,options,call
275,1605174540000,615.35,618.2,611.8,616.4,1375,,28100,weekly,2020-11-19T21:00:00.000,options,call
276,1605174600000,614.85,619.1,612.6,619.1,275,,28100,weekly,2020-11-19T21:00:00.000,options,call
277,1605174660000,619.1,619.75,616.75,617.4,125,,28100,weekly,2020-11-19T21:00:00.000,options,call
278,1605174720000,617.4,620.75,617.4,620.55,150,,28100,weekly,2020-11-19T21:00:00.000,options,call
279,1605174780000,620.55,620.8,617.95,620.8,300,,28100,weekly,2020-11-19T21:00:00.000,options,call
280,1605174840000,620.8,627.35,617.8,617.8,775,,28100,weekly,2020-11-19T21:00:00.000,options,call
281,1605174900000,617.8,623.3,617.8,623.0,150,,28100,weekly,2020-11-19T21:00:00.000,options,call
282,1605174960000,624.4,624.7,622.25,622.9,1200,,28100,weekly,2020-11-19T21:00:00.000,options,call
283,1605175020000,622.9,622.9,617.0,617.0,275,,28100,weekly,2020-11-19T21:00:00.000,options,call
284,1605175080000,615.85,637.0,615.05,637.0,1275,,28100,weekly,2020-11-19T21:00:00.000,options,call
