,timestamp,open,high,low,close,volume,open_interest,strike,expiry_type,expiry,instrument,contract_type
0,1605258900000,573.0,582.45,531.85,546.3,2225,,28200,weekly,2020-11-26T21:00:00.000,options,call
1,1605258960000,546.3,553.75,526.75,547.6,725,,28200,weekly,2020-11-26T21:00:00.000,options,call
2,1605259020000,552.65,554.95,545.8,548.0,1050,,28200,weekly,2020-11-26T21:00:00.000,options,call
3,1605259080000,545.05,545.05,528.4,534.15,400,,28200,weekly,2020-11-26T21:00:00.000,options,call
4,1605259140000,529.85,539.95,529.85,539.1,400,,28200,weekly,2020-11-26T21:00:00.000,options,call
5,1605259200000,534.95,534.95,506.2,514.4,950,,28200,weekly,2020-11-26T21:00:00.000,options,call
6,1605259260000,514.4,520.0,514.4,518.0,150,,28200,weekly,2020-11-26T21:00:00.000,options,call
7,1605259320000,518.75,519.0,514.85,514.85,200,,28200,weekly,2020-11-26T21:00:00.000,options,call
8,1605259380000,514.85,516.35,514.35,514.55,125,,28200,weekly,2020-11-26T21:00:00.000,options,call
9,1605259440000,511.3,511.3,500.0,500.0,775,,28200,weekly,2020-11-26T21:00:00.000,options,call
10,1605259500000,496.45,514.1,496.45,500.5,475,,28200,weekly,2020-11-26T21:00:00.000,options,call
11,1605259560000,500.5,509.0,478.55,481.3,950,,28200,weekly,2020-11-26T21:00:00.000,options,call
12,1605259620000,477.75,491.3,477.75,491.3,500,,28200,weekly,2020-11-26T21:00:00.000,options,call
13,1605259680000,495.4,496.0,490.5,494.15,625,,28200,weekly,2020-11-26T21:00:00.000,options,call
14,1605259740000,493.55,494.8,491.0,494.3,575,,28200,weekly,2020-11-26T21:00:00.000,options,call
15,1605259800000,497.2,502.0,492.75,494.0,725,,28200,weekly,2020-11-26T21:00:00.000,options,call
16,1605259860000,490.0,490.0,482.0,483.25,300,,28200,weekly,2020-11-26T21:00:00.000,options,call
17,1605259920000,497.45,500.25,497.45,498.65,100,,28200,weekly,2020-11-26T21:00:00.000,options,call
18,1605259980000,493.3,494.35,490.1,494.35,225,,28200,weekly,2020-11-26T21:00:00.000,options,call
19,1605260040000,494.35,495.25,490.0,493.7,300,,28200,weekly,2020-11-26T21:00:00.000,options,call
20,1605260100000,493.7,493.7,461.1,462.8,1175,,28200,weekly,2020-11-26T21:00:00.000,options,call
21,1605260160000,465.05,465.45,452.1,465.45,550,,28200,weekly,2020-11-26T21:00:00.000,options,call
22,1605260220000,466.75,470.05,461.0,470.05,250,,28200,weekly,2020-11-26T21:00:00.000,options,call
23,1605260280000,474.8,474.8,464.95,470.35,200,,28200,weekly,2020-11-26T21:00:00.000,options,call
24,1605260340000,473.75,480.2,473.75,475.6,100,,28200,weekly,2020-11-26T21:00:00.000,options,call
25,1605260400000,475.6,487.4,474.3,474.3,150,,28200,weekly,2020-11-26T21:00:00.000,options,call
26,1605260460000,472.0,472.0,471.75,471.75,75,,28200,weekly,2020-11-26T21:00:00.000,options,call
27,1605260520000,469.3,477.9,469.3,477.9,125,,28200,weekly,2020-11-26T21:00:00.000,options,call
28,1605260580000,477.8,479.8,477.8,479.8,575,,28200,weekly,2020-11-26T21:00:00.000,options,call
29,1605260640000,487.0,488.6,487.0,488.6,50,,28200,weekly,2020-11-26T21:00:00.000,options,call
30,1605260700000,487.15,487.15,487.15,487.15,25,,28200,weekly,2020-11-26T21:00:00.000,options,call
31,1605260760000,488.6,502.8,488.6,497.3,225,,28200,weekly,2020-11-26T21:00:00.000,options,call
32,1605260820000,504.2,511.3,499.4,499.4,725,,28200,weekly,2020-11-26T21:00:00.000,options,call
33,1605260880000,511.4,518.55,507.0,507.0,200,,28200,weekly,2020-11-26T21:00:00.000,options,call
34,1605260940000,505.55,505.55,497.0,500.45,300,,28200,weekly,2020-11-26T21:00:00.000,options,call
35,1605261060000,490.5,500.0,490.5,500.0,300,,28200,weekly,2020-11-26T21:00:00.000,options,call
36,1605261120000,501.15,501.15,491.95,491.95,225,,28200,weekly,2020-11-26T21:00:00.000,options,call
37,1605261240000,490.45,498.3,490.45,498.3,25,,28200,weekly,2020-11-26T21:00:00.000,options,call
38,1605261300000,498.3,505.5,498.3,500.0,950,,28200,weekly,2020-11-26T21:00:00.000,options,call
39,1605261420000,500.15,500.15,493.35,493.35,50,,28200,weekly,2020-11-26T21:00:00.000,options,call
40,1605261480000,494.15,495.55,494.0,495.55,75,,28200,weekly,2020-11-26T21:00:00.000,options,call
41,1605261540000,490.4,490.4,490.4,490.4,25,,28200,weekly,2020-11-26T21:00:00.000,options,call
42,1605261600000,487.3,487.3,480.7,480.7,100,,28200,weekly,2020-11-26T21:00:00.000,options,call
43,1605261660000,480.7,480.7,474.0,474.0,500,,28200,weekly,2020-11-26T21:00:00.000,options,call
44,1605261720000,474.0,485.75,474.0,485.75,75,,28200,weekly,2020-11-26T21:00:00.000,options,call
45,1605261780000,485.15,493.2,485.15,493.2,375,,28200,weekly,2020-11-26T21:00:00.000,options,call
46,1605261840000,493.0,493.0,485.5,485.5,125,,28200,weekly,2020-11-26T21:00:00.000,options,call
47,1605261900000,493.05,493.05,491.65,491.65,50,,28200,weekly,2020-11-26T21:00:00.000,options,call
48,1605261960000,500.85,500.85,498.45,498.45,50,,28200,weekly,2020-11-26T21:00:00.000,options,call
49,1605262020000,488.6,493.25,488.6,493.25,75,,28200,weekly,2020-11-26T21:00:00.000,options,call
50,1605262080000,497.7,497.7,497.7,497.7,175,,28200,weekly,2020-11-26T21:00:00.000,options,call
51,1605262140000,493.55,495.0,493.55,495.0,25,,28200,weekly,2020-11-26T21:00:00.000,options,call
52,1605262200000,495.0,500.7,491.0,500.7,525,,28200,weekly,2020-11-26T21:00:00.000,options,call
53,1605262260000,502.75,502.75,496.0,496.0,175,,28200,weekly,2020-11-26T21:00:00.000,options,call
54,1605262320000,487.65,487.65,487.65,487.65,25,,28200,weekly,2020-11-26T21:00:00.000,options,call
55,1605262380000,485.0,485.0,485.0,485.0,25,,28200,weekly,2020-11-26T21:00:00.000,options,call
56,1605262440000,490.8,500.0,490.8,500.0,75,,28200,weekly,2020-11-26T21:00:00.000,options,call
57,1605262500000,497.3,497.3,497.3,497.3,25,,28200,weekly,2020-11-26T21:00:00.000,options,call
58,1605262560000,515.9,529.2,514.6,514.6,725,,28200,weekly,2020-11-26T21:00:00.000,options,call
59,1605262620000,523.85,523.85,522.65,522.65,25,,28200,weekly,2020-11-26T21:00:00.000,options,call
60,1605262680000,522.65,550.55,521.55,540.45,450,,28200,weekly,2020-11-26T21:00:00.000,options,call
61,1605262740000,540.45,540.45,528.45,530.0,200,,28200,weekly,2020-11-26T21:00:00.000,options,call
62,1605262800000,535.0,550.55,535.0,544.6,525,,28200,weekly,2020-11-26T21:00:00.000,options,call
63,1605262860000,535.0,544.0,535.0,544.0,175,,28200,weekly,2020-11-26T21:00:00.000,options,call
64,1605262920000,555.0,561.65,555.0,561.65,500,,28200,weekly,2020-11-26T21:00:00.000,options,call
65,1605262980000,557.5,558.2,551.6,555.0,500,,28200,weekly,2020-11-26T21:00:00.000,options,call
66,1605263040000,555.0,673.15,555.0,659.7,1850,,28200,weekly,2020-11-26T21:00:00.000,options,call
67,1605263100000,690.0,690.0,638.15,643.05,1975,,28200,weekly,2020-11-26T21:00:00.000,options,call
68,1605263160000,658.55,658.55,641.25,652.55,550,,28200,weekly,2020-11-26T21:00:00.000,options,call
69,1605263220000,646.6,646.6,629.35,629.35,325,,28200,weekly,2020-11-26T21:00:00.000,options,call
70,1605263280000,631.9,639.55,619.8,624.85,500,,28200,weekly,2020-11-26T21:00:00.000,options,call
71,1605263340000,622.8,639.0,622.0,636.8,275,,28200,weekly,2020-11-26T21:00:00.000,options,call
72,1605263400000,646.95,654.4,625.45,631.65,325,,28200,weekly,2020-11-26T21:00:00.000,options,call
73,1605263460000,632.9,641.45,627.15,641.45,300,,28200,weekly,2020-11-26T21:00:00.000,options,call
74,1605263520000,638.25,641.8,627.55,627.55,375,,28200,weekly,2020-11-26T21:00:00.000,options,call
75,1605263580000,626.75,630.15,616.5,616.5,600,,28200,weekly,2020-11-26T21:00:00.000,options,call
76,1605263640000,620.9,633.4,614.0,633.4,350,,28200,weekly,2020-11-26T21:00:00.000,options,call
77,1605263700000,631.2,636.75,625.0,625.8,750,,28200,weekly,2020-11-26T21:00:00.000,options,call
78,1605263760000,627.45,627.45,621.3,622.55,100,,28200,weekly,2020-11-26T21:00:00.000,options,call
79,1605263820000,611.2,612.2,603.75,612.2,200,,28200,weekly,2020-11-26T21:00:00.000,options,call
80,1605263880000,598.4,606.9,598.4,606.85,250,,28200,weekly,2020-11-26T21:00:00.000,options,call
81,1605263940000,614.25,624.5,614.25,624.5,375,,28200,weekly,2020-11-26T21:00:00.000,options,call
82,1605264000000,621.15,621.15,609.0,609.0,100,,28200,weekly,2020-11-26T21:00:00.000,options,call
83,1605264060000,608.2,610.2,607.2,609.7,175,,28200,weekly,2020-11-26T21:00:00.000,options,call
84,1605264120000,613.0,614.1,607.6,614.1,500,,28200,weekly,2020-11-26T21:00:00.000,options,call
85,1605264180000,617.45,620.9,614.9,614.9,175,,28200,weekly,2020-11-26T21:00:00.000,options,call
86,1605264240000,617.05,618.0,617.05,618.0,75,,28200,weekly,2020-11-26T21:00:00.000,options,call
87,1605264300000,611.2,628.4,611.2,628.4,400,,28200,weekly,2020-11-26T21:00:00.000,options,call
88,1605264360000,636.95,652.85,635.0,648.65,1000,,28200,weekly,2020-11-26T21:00:00.000,options,call
89,1605264420000,654.5,659.9,647.35,647.35,625,,28200,weekly,2020-11-26T21:00:00.000,options,call
90,1605264480000,640.55,640.55,635.4,638.6,125,,28200,weekly,2020-11-26T21:00:00.000,options,call
91,1605264540000,639.0,640.2,639.0,640.2,75,,28200,weekly,2020-11-26T21:00:00.000,options,call
92,1605264600000,634.9,634.9,630.0,630.0,50,,28200,weekly,2020-11-26T21:00:00.000,options,call
93,1605264660000,620.0,620.0,608.6,608.6,200,,28200,weekly,2020-11-26T21:00:00.000,options,call
94,1605264720000,605.4,619.1,605.4,610.0,425,,28200,weekly,2020-11-26T21:00:00.000,options,call
95,1605264840000,602.7,605.0,599.65,605.0,300,,28200,weekly,2020-11-26T21:00:00.000,options,call
96,1605264900000,606.9,608.1,606.9,608.1,50,,28200,weekly,2020-11-26T21:00:00.000,options,call
97,1605264960000,606.15,607.75,595.8,607.75,725,,28200,weekly,2020-11-26T21:00:00.000,options,call
98,1605265020000,610.7,618.9,610.7,611.65,575,,28200,weekly,2020-11-26T21:00:00.000,options,call
99,1605265080000,626.1,631.15,623.9,631.15,200,,28200,weekly,2020-11-26T21:00:00.000,options,call
100,1605265140000,635.35,635.35,630.0,631.4,125,,28200,weekly,2020-11-26T21:00:00.000,options,call
101,1605265200000,635.8,635.8,621.35,621.35,175,,28200,weekly,2020-11-26T21:00:00.000,options,call
102,1605265260000,622.7,622.7,611.9,611.9,175,,28200,weekly,2020-11-26T21:00:00.000,options,call
103,1605265320000,612.85,617.0,612.85,613.25,175,,28200,weekly,2020-11-26T21:00:00.000,options,call
104,1605265380000,611.15,636.75,611.15,636.75,475,,28200,weekly,2020-11-26T21:00:00.000,options,call
105,1605265440000,635.4,650.7,635.4,648.9,225,,28200,weekly,2020-11-26T21:00:00.000,options,call
106,1605265500000,653.9,653.9,646.0,651.35,950,,28200,weekly,2020-11-26T21:00:00.000,options,call
107,1605265560000,647.2,647.2,636.3,640.0,275,,28200,weekly,2020-11-26T21:00:00.000,options,call
108,1605265620000,639.95,639.95,632.35,632.35,200,,28200,weekly,2020-11-26T21:00:00.000,options,call
109,1605265680000,638.15,638.15,635.55,635.55,50,,28200,weekly,2020-11-26T21:00:00.000,options,call
110,1605265740000,637.65,638.35,637.65,638.35,50,,28200,weekly,2020-11-26T21:00:00.000,options,call
111,1605265800000,630.0,630.0,630.0,630.0,25,,28200,weekly,2020-11-26T21:00:00.000,options,call
112,1605265860000,620.35,634.75,620.35,634.75,150,,28200,weekly,2020-11-26T21:00:00.000,options,call
113,1605265920000,638.6,638.6,630.0,630.0,175,,28200,weekly,2020-11-26T21:00:00.000,options,call
114,1605265980000,636.0,641.8,636.0,641.8,975,,28200,weekly,2020-11-26T21:00:00.000,options,call
115,1605266040000,633.2,645.0,633.2,639.8,350,,28200,weekly,2020-11-26T21:00:00.000,options,call
116,1605266100000,638.4,638.4,630.85,630.85,100,,28200,weekly,2020-11-26T21:00:00.000,options,call
117,1605266160000,622.1,626.1,620.0,626.1,250,,28200,weekly,2020-11-26T21:00:00.000,options,call
118,1605266220000,629.3,638.1,629.3,637.4,150,,28200,weekly,2020-11-26T21:00:00.000,options,call
119,1605266280000,637.15,637.15,630.3,630.3,50,,28200,weekly,2020-11-26T21:00:00.000,options,call
120,1605266340000,631.0,631.0,631.0,631.0,25,,28200,weekly,2020-11-26T21:00:00.000,options,call
121,1605266400000,628.25,628.25,628.25,628.25,50,,28200,weekly,2020-11-26T21:00:00.000,options,call
122,1605266520000,628.25,641.35,628.25,641.35,125,,28200,weekly,2020-11-26T21:00:00.000,options,call
123,1605266580000,636.05,636.05,633.05,633.05,125,,28200,weekly,2020-11-26T21:00:00.000,options,call
124,1605266700000,628.7,628.7,623.6,623.6,150,,28200,weekly,2020-11-26T21:00:00.000,options,call
125,1605266760000,613.85,613.85,610.85,613.85,400,,28200,weekly,2020-11-26T21:00:00.000,options,call
126,1605266820000,611.45,622.7,611.45,620.15,100,,28200,weekly,2020-11-26T21:00:00.000,options,call
127,1605266880000,615.9,615.9,612.0,612.0,350,,28200,weekly,2020-11-26T21:00:00.000,options,call
128,1605266940000,610.0,610.0,585.8,593.35,525,,28200,weekly,2020-11-26T21:00:00.000,options,call
129,1605267000000,568.35,576.15,556.1,576.15,1050,,28200,weekly,2020-11-26T21:00:00.000,options,call
130,1605267060000,576.55,587.5,576.55,587.5,125,,28200,weekly,2020-11-26T21:00:00.000,options,call
131,1605267120000,586.9,593.45,586.15,593.45,375,,28200,weekly,2020-11-26T21:00:00.000,options,call
132,1605267180000,593.15,601.8,593.15,597.25,150,,28200,weekly,2020-11-26T21:00:00.000,options,call
133,1605267240000,599.8,600.55,594.05,600.55,400,,28200,weekly,2020-11-26T21:00:00.000,options,call
134,1605267300000,607.45,607.45,607.0,607.0,325,,28200,weekly,2020-11-26T21:00:00.000,options,call
135,1605267360000,608.9,608.9,595.85,595.85,125,,28200,weekly,2020-11-26T21:00:00.000,options,call
136,1605267420000,596.95,602.8,596.95,602.8,125,,28200,weekly,2020-11-26T21:00:00.000,options,call
137,1605267480000,602.8,602.8,602.8,602.8,100,,28200,weekly,2020-11-26T21:00:00.000,options,call
138,1605267540000,608.6,608.6,608.6,608.6,25,,28200,weekly,2020-11-26T21:00:00.000,options,call
139,1605267600000,606.8,606.95,602.8,602.8,150,,28200,weekly,2020-11-26T21:00:00.000,options,call
140,1605267660000,600.4,602.5,600.4,602.1,75,,28200,weekly,2020-11-26T21:00:00.000,options,call
141,1605267720000,606.5,606.5,605.8,605.8,50,,28200,weekly,2020-11-26T21:00:00.000,options,call
142,1605267780000,603.0,603.0,593.8,597.65,150,,28200,weekly,2020-11-26T21:00:00.000,options,call
143,1605267840000,597.65,599.75,597.65,599.75,75,,28200,weekly,2020-11-26T21:00:00.000,options,call
144,1605267900000,595.75,595.75,595.75,595.75,25,,28200,weekly,2020-11-26T21:00:00.000,options,call
145,1605267960000,596.45,596.45,596.45,596.45,25,,28200,weekly,2020-11-26T21:00:00.000,options,call
146,1605268020000,588.4,588.4,588.4,588.4,25,,28200,weekly,2020-11-26T21:00:00.000,options,call
147,1605268080000,585.2,585.2,585.2,585.2,25,,28200,weekly,2020-11-26T21:00:00.000,options,call
148,1605268140000,597.85,600.0,597.85,599.3,125,,28200,weekly,2020-11-26T21:00:00.000,options,call
149,1605268200000,605.0,622.45,605.0,622.45,400,,28200,weekly,2020-11-26T21:00:00.000,options,call
150,1605268260000,622.45,622.45,614.0,614.0,500,,28200,weekly,2020-11-26T21:00:00.000,options,call
151,1605268320000,604.05,607.95,604.05,605.45,100,,28200,weekly,2020-11-26T21:00:00.000,options,call
152,1605268440000,620.65,620.65,615.55,615.55,100,,28200,weekly,2020-11-26T21:00:00.000,options,call
153,1605268500000,614.8,614.8,613.7,613.7,75,,28200,weekly,2020-11-26T21:00:00.000,options,call
154,1605268560000,613.7,619.55,613.7,619.55,50,,28200,weekly,2020-11-26T21:00:00.000,options,call
155,1605268620000,612.9,613.45,612.9,613.45,50,,28200,weekly,2020-11-26T21:00:00.000,options,call
156,1605268680000,609.4,609.4,609.4,609.4,150,,28200,weekly,2020-11-26T21:00:00.000,options,call
157,1605268740000,617.85,620.2,617.85,620.2,125,,28200,weekly,2020-11-26T21:00:00.000,options,call
158,1605268800000,589.45,589.45,589.45,589.45,125,,28200,weekly,2020-11-26T21:00:00.000,options,call
159,1605268980000,606.2,612.45,606.2,612.45,50,,28200,weekly,2020-11-26T21:00:00.000,options,call
160,1605269040000,616.95,616.95,616.95,616.95,25,,28200,weekly,2020-11-26T21:00:00.000,options,call
161,1605269100000,610.35,611.4,610.35,611.4,25,,28200,weekly,2020-11-26T21:00:00.000,options,call
162,1605269160000,611.4,620.0,611.4,620.0,50,,28200,weekly,2020-11-26T21:00:00.000,options,call
163,1605269220000,621.8,621.8,621.8,621.8,25,,28200,weekly,2020-11-26T21:00:00.000,options,call
164,1605269280000,623.4,629.7,622.45,622.45,450,,28200,weekly,2020-11-26T21:00:00.000,options,call
165,1605269340000,630.0,641.5,630.0,636.95,300,,28200,weekly,2020-11-26T21:00:00.000,options,call
166,1605269400000,638.7,638.7,635.0,635.0,375,,28200,weekly,2020-11-26T21:00:00.000,options,call
167,1605269460000,626.3,628.55,625.1,625.1,250,,28200,weekly,2020-11-26T21:00:00.000,options,call
168,1605269640000,628.6,628.6,628.6,628.6,50,,28200,weekly,2020-11-26T21:00:00.000,options,call
169,1605269760000,610.25,610.25,600.0,600.0,150,,28200,weekly,2020-11-26T21:00:00.000,options,call
170,1605269820000,601.4,601.4,600.0,600.0,125,,28200,weekly,2020-11-26T21:00:00.000,options,call
171,1605269880000,595.0,603.75,590.35,603.75,275,,28200,weekly,2020-11-26T21:00:00.000,options,call
172,1605269940000,606.6,606.6,605.85,605.85,75,,28200,weekly,2020-11-26T21:00:00.000,options,call
173,1605270000000,593.4,593.4,593.4,593.4,25,,28200,weekly,2020-11-26T21:00:00.000,options,call
174,1605270060000,588.6,588.6,588.6,588.6,25,,28200,weekly,2020-11-26T21:00:00.000,options,call
175,1605270180000,606.75,606.75,606.75,606.75,25,,28200,weekly,2020-11-26T21:00:00.000,options,call
176,1605270240000,594.9,594.9,594.9,594.9,200,,28200,weekly,2020-11-26T21:00:00.000,options,call
177,1605270300000,604.75,604.75,603.5,603.5,225,,28200,weekly,2020-11-26T21:00:00.000,options,call
178,1605270420000,605.0,605.35,605.0,605.35,50,,28200,weekly,2020-11-26T21:00:00.000,options,call
179,1605270480000,600.0,600.0,600.0,600.0,25,,28200,weekly,2020-11-26T21:00:00.000,options,call
180,1605270540000,590.6,592.0,590.6,592.0,250,,28200,weekly,2020-11-26T21:00:00.000,options,call
181,1605270600000,592.0,593.0,588.7,588.7,300,,28200,weekly,2020-11-26T21:00:00.000,options,call
182,1605270720000,604.75,609.2,602.1,609.2,100,,28200,weekly,2020-11-26T21:00:00.000,options,call
183,1605270780000,606.1,606.1,606.1,606.1,200,,28200,weekly,2020-11-26T21:00:00.000,options,call
184,1605270840000,608.4,608.4,608.4,608.4,50,,28200,weekly,2020-11-26T21:00:00.000,options,call
185,1605270960000,603.45,603.45,603.45,603.45,25,,28200,weekly,2020-11-26T21:00:00.000,options,call
186,1605271140000,610.0,615.5,610.0,615.5,50,,28200,weekly,2020-11-26T21:00:00.000,options,call
187,1605271260000,601.0,601.0,601.0,601.0,25,,28200,weekly,2020-11-26T21:00:00.000,options,call
188,1605271380000,598.75,598.75,598.75,598.75,25,,28200,weekly,2020-11-26T21:00:00.000,options,call
189,1605271500000,585.6,594.35,585.6,594.35,100,,28200,weekly,2020-11-26T21:00:00.000,options,call
190,1605271620000,603.75,603.75,603.75,603.75,25,,28200,weekly,2020-11-26T21:00:00.000,options,call
191,1605271680000,606.0,606.0,606.0,606.0,25,,28200,weekly,2020-11-26T21:00:00.000,options,call
192,1605271740000,603.05,605.0,603.05,604.5,150,,28200,weekly,2020-11-26T21:00:00.000,options,call
193,1605271800000,615.0,617.2,614.75,617.2,150,,28200,weekly,2020-11-26T21:00:00.000,options,call
194,1605271860000,625.0,668.85,625.0,668.55,950,,28200,weekly,2020-11-26T21:00:00.000,options,call
195,1605271920000,668.55,668.55,656.75,658.0,925,,28200,weekly,2020-11-26T21:00:00.000,options,call
196,1605271980000,654.0,662.25,654.0,660.55,750,,28200,weekly,2020-11-26T21:00:00.000,options,call
197,1605272040000,660.0,670.4,660.0,669.15,675,,28200,weekly,2020-11-26T21:00:00.000,options,call
198,1605272100000,683.0,683.0,659.55,665.6,800,,28200,weekly,2020-11-26T21:00:00.000,options,call
199,1605272160000,661.25,670.3,660.0,667.7,275,,28200,weekly,2020-11-26T21:00:00.000,options,call
200,1605272220000,667.7,669.95,656.7,662.5,575,,28200,weekly,2020-11-26T21:00:00.000,options,call
201,1605272280000,660.0,669.05,655.0,669.05,375,,28200,weekly,2020-11-26T21:00:00.000,options,call
202,1605272340000,664.6,675.0,664.6,671.0,200,,28200,weekly,2020-11-26T21:00:00.000,options,call
203,1605272400000,670.0,673.55,667.8,668.05,250,,28200,weekly,2020-11-26T21:00:00.000,options,call
204,1605272460000,669.8,678.65,666.95,674.3,250,,28200,weekly,2020-11-26T21:00:00.000,options,call
205,1605272520000,676.9,699.95,676.9,698.6,625,,28200,weekly,2020-11-26T21:00:00.000,options,call
206,1605272580000,700.35,711.0,699.4,701.05,975,,28200,weekly,2020-11-26T21:00:00.000,options,call
207,1605272640000,701.0,701.0,693.15,693.15,250,,28200,weekly,2020-11-26T21:00:00.000,options,call
208,1605272700000,690.0,711.8,689.1,700.0,550,,28200,weekly,2020-11-26T21:00:00.000,options,call
209,1605272760000,700.0,700.0,689.9,696.55,600,,28200,weekly,2020-11-26T21:00:00.000,options,call
210,1605272820000,695.0,695.0,686.0,686.1,100,,28200,weekly,2020-11-26T21:00:00.000,options,call
211,1605272880000,686.1,686.1,675.3,676.0,175,,28200,weekly,2020-11-26T21:00:00.000,options,call
212,1605272940000,686.8,687.75,686.8,687.75,50,,28200,weekly,2020-11-26T21:00:00.000,options,call
213,1605273000000,697.1,697.1,687.95,687.95,500,,28200,weekly,2020-11-26T21:00:00.000,options,call
214,1605273060000,685.0,685.0,677.0,677.0,225,,28200,weekly,2020-11-26T21:00:00.000,options,call
215,1605273120000,680.0,688.0,680.0,688.0,200,,28200,weekly,2020-11-26T21:00:00.000,options,call
216,1605273180000,688.2,696.6,688.2,696.05,175,,28200,weekly,2020-11-26T21:00:00.000,options,call
217,1605273240000,687.95,702.6,687.95,702.6,150,,28200,weekly,2020-11-26T21:00:00.000,options,call
218,1605273300000,702.6,702.6,693.55,696.75,375,,28200,weekly,2020-11-26T21:00:00.000,options,call
219,1605273360000,692.5,692.5,684.3,685.4,375,,28200,weekly,2020-11-26T21:00:00.000,options,call
220,1605273420000,683.35,683.35,658.6,666.75,700,,28200,weekly,2020-11-26T21:00:00.000,options,call
221,1605273480000,670.0,671.4,645.05,649.45,475,,28200,weekly,2020-11-26T21:00:00.000,options,call
222,1605273540000,657.95,661.55,657.95,660.1,300,,28200,weekly,2020-11-26T21:00:00.000,options,call
223,1605273600000,667.15,669.45,664.1,665.5,100,,28200,weekly,2020-11-26T21:00:00.000,options,call
224,1605273660000,662.05,674.55,661.9,674.55,150,,28200,weekly,2020-11-26T21:00:00.000,options,call
225,1605273720000,674.55,676.85,666.9,666.9,125,,28200,weekly,2020-11-26T21:00:00.000,options,call
226,1605273780000,666.1,666.1,666.1,666.1,200,,28200,weekly,2020-11-26T21:00:00.000,options,call
227,1605273900000,673.7,676.8,673.7,674.85,150,,28200,weekly,2020-11-26T21:00:00.000,options,call
228,1605273960000,666.7,666.7,657.4,660.0,325,,28200,weekly,2020-11-26T21:00:00.000,options,call
229,1605274020000,664.05,670.0,664.05,670.0,200,,28200,weekly,2020-11-26T21:00:00.000,options,call
230,1605274080000,672.25,685.0,672.25,685.0,150,,28200,weekly,2020-11-26T21:00:00.000,options,call
231,1605274140000,685.0,685.0,679.5,685.0,850,,28200,weekly,2020-11-26T21:00:00.000,options,call
232,1605274200000,685.15,685.15,679.3,679.3,75,,28200,weekly,2020-11-26T21:00:00.000,options,call
233,1605274260000,669.6,685.0,669.6,685.0,100,,28200,weekly,2020-11-26T21:00:00.000,options,call
234,1605274320000,690.0,703.3,689.5,695.3,525,,28200,weekly,2020-11-26T21:00:00.000,options,call
235,1605274380000,691.25,697.0,690.0,697.0,150,,28200,weekly,2020-11-26T21:00:00.000,options,call
236,1605274440000,685.55,692.85,685.55,692.85,50,,28200,weekly,2020-11-26T21:00:00.000,options,call
237,1605274500000,696.7,696.7,678.0,678.0,125,,28200,weekly,2020-11-26T21:00:00.000,options,call
238,1605274560000,675.55,675.55,665.85,673.9,400,,28200,weekly,2020-11-26T21:00:00.000,options,call
239,1605274620000,671.0,675.05,664.85,664.85,150,,28200,weekly,2020-11-26T21:00:00.000,options,call
240,1605274680000,660.0,666.45,656.15,666.45,250,,28200,weekly,2020-11-26T21:00:00.000,options,call
241,1605274740000,671.0,678.6,671.0,676.7,250,,28200,weekly,2020-11-26T21:00:00.000,options,call
242,1605274800000,675.15,675.15,669.4,669.8,150,,28200,weekly,2020-11-26T21:00:00.000,options,call
243,1605274860000,664.0,678.95,664.0,678.95,550,,28200,weekly,2020-11-26T21:00:00.000,options,call
244,1605274920000,679.7,681.0,677.9,679.0,250,,28200,weekly,2020-11-26T21:00:00.000,options,call
245,1605274980000,692.95,700.0,682.25,682.25,1600,,28200,weekly,2020-11-26T21:00:00.000,options,call
246,1605275040000,684.35,684.35,678.0,678.0,375,,28200,weekly,2020-11-26T21:00:00.000,options,call
247,1605275100000,685.85,695.0,685.85,690.6,125,,28200,weekly,2020-11-26T21:00:00.000,options,call
248,1605275160000,683.65,683.65,683.0,683.0,75,,28200,weekly,2020-11-26T21:00:00.000,options,call
249,1605275220000,689.0,689.0,680.0,681.0,175,,28200,weekly,2020-11-26T21:00:00.000,options,call
250,1605275280000,691.0,711.65,691.0,700.55,725,,28200,weekly,2020-11-26T21:00:00.000,options,call
251,1605275340000,700.75,745.45,700.75,735.0,1550,,28200,weekly,2020-11-26T21:00:00.000,options,call
252,1605275400000,743.8,745.45,733.2,735.0,500,,28200,weekly,2020-11-26T21:00:00.000,options,call
253,1605275460000,735.3,735.3,718.9,726.0,400,,28200,weekly,2020-11-26T21:00:00.000,options,call
254,1605275520000,726.0,729.15,715.55,715.55,125,,28200,weekly,2020-11-26T21:00:00.000,options,call
255,1605275580000,715.55,737.0,715.05,737.0,325,,28200,weekly,2020-11-26T21:00:00.000,options,call
256,1605275640000,739.0,768.15,739.0,756.55,750,,28200,weekly,2020-11-26T21:00:00.000,options,call
257,1605275700000,759.7,783.2,754.0,782.8,375,,28200,weekly,2020-11-26T21:00:00.000,options,call
258,1605275760000,782.8,786.8,776.35,786.8,500,,28200,weekly,2020-11-26T21:00:00.000,options,call
259,1605275820000,780.75,781.4,774.45,780.0,325,,28200,weekly,2020-11-26T21:00:00.000,options,call
260,1605275880000,775.7,777.7,760.0,760.0,800,,28200,weekly,2020-11-26T21:00:00.000,options,call
261,1605275940000,758.3,764.55,753.1,759.45,875,,28200,weekly,2020-11-26T21:00:00.000,options,call
262,1605276000000,762.0,771.65,762.0,771.65,550,,28200,weekly,2020-11-26T21:00:00.000,options,call
263,1605276060000,775.0,780.1,775.0,780.1,325,,28200,weekly,2020-11-26T21:00:00.000,options,call
264,1605276120000,775.4,775.4,769.5,774.75,300,,28200,weekly,2020-11-26T21:00:00.000,options,call
265,1605276180000,774.75,813.85,774.75,811.35,800,,28200,weekly,2020-11-26T21:00:00.000,options,call
266,1605276240000,807.65,820.0,807.65,812.0,225,,28200,weekly,2020-11-26T21:00:00.000,options,call
267,1605276300000,806.25,820.0,805.4,815.45,450,,28200,weekly,2020-11-26T21:00:00.000,options,call
268,1605276360000,813.45,815.0,804.45,810.2,2375,,28200,weekly,2020-11-26T21:00:00.000,options,call
269,1605276420000,818.85,818.85,806.05,808.55,425,,28200,weekly,2020-11-26T21:00:00.000,options,call
270,1605276480000,806.0,806.0,794.0,794.0,150,,28200,weekly,2020-11-26T21:00:00.000,options,call
271,1605276540000,805.05,825.0,805.05,825.0,225,,28200,weekly,2020-11-26T21:00:00.000,options,call
272,1605276600000,814.45,814.45,805.3,805.3,100,,28200,weekly,2020-11-26T21:00:00.000,options,call
273,1605276660000,800.45,800.45,800.45,800.45,50,,28200,weekly,2020-11-26T21:00:00.000,options,call
274,1605276720000,800.45,800.45,785.45,790.0,475,,28200,weekly,2020-11-26T21:00:00.000,options,call
275,1605276780000,800.0,800.0,800.0,800.0,325,,28200,weekly,2020-11-26T21:00:00.000,options,call
276,1605276840000,785.0,785.0,785.0,785.0,250,,28200,weekly,2020-11-26T21:00:00.000,options,call
277,1605276900000,785.1,804.65,785.1,804.65,75,,28200,weekly,2020-11-26T21:00:00.000,options,call
278,1605276960000,793.4,793.4,786.0,786.0,150,,28200,weekly,2020-11-26T21:00:00.000,options,call
279,1605277020000,794.95,794.95,794.95,794.95,25,,28200,weekly,2020-11-26T21:00:00.000,options,call
280,1605277080000,800.0,800.0,800.0,800.0,25,,28200,weekly,2020-11-26T21:00:00.000,options,call
281,1605277140000,800.0,800.0,800.0,800.0,25,,28200,weekly,2020-11-26T21:00:00.000,options,call
282,1605277200000,790.0,790.0,790.0,790.0,25,,28200,weekly,2020-11-26T21:00:00.000,options,call
283,1605277260000,789.0,789.0,772.7,778.8,325,,28200,weekly,2020-11-26T21:00:00.000,options,call
284,1605277320000,772.0,772.0,750.0,751.9,425,,28200,weekly,2020-11-26T21:00:00.000,options,call
285,1605277380000,751.9,755.35,747.25,755.35,175,,28200,weekly,2020-11-26T21:00:00.000,options,call
286,1605277440000,760.5,760.5,757.15,760.2,75,,28200,weekly,2020-11-26T21:00:00.000,options,call
287,1605277500000,753.7,753.7,745.55,748.65,225,,28200,weekly,2020-11-26T21:00:00.000,options,call
288,1605277560000,750.0,770.85,750.0,770.85,50,,28200,weekly,2020-11-26T21:00:00.000,options,call
289,1605277620000,770.75,770.75,770.75,770.75,25,,28200,weekly,2020-11-26T21:00:00.000,options,call
290,1605277680000,768.25,768.25,768.25,768.25,25,,28200,weekly,2020-11-26T21:00:00.000,options,call
291,1605277740000,773.3,790.0,773.3,787.6,75,,28200,weekly,2020-11-26T21:00:00.000,options,call
292,1605277800000,796.7,804.9,796.6,804.9,1475,,28200,weekly,2020-11-26T21:00:00.000,options,call
293,1605277860000,803.75,803.75,803.65,803.65,100,,28200,weekly,2020-11-26T21:00:00.000,options,call
294,1605277920000,791.35,793.4,791.35,793.4,125,,28200,weekly,2020-11-26T21:00:00.000,options,call
295,1605277980000,803.65,803.65,799.0,799.0,75,,28200,weekly,2020-11-26T21:00:00.000,options,call
296,1605278040000,799.0,807.15,799.0,806.6,300,,28200,weekly,2020-11-26T21:00:00.000,options,call
297,1605278100000,805.0,805.0,799.7,799.7,400,,28200,weekly,2020-11-26T21:00:00.000,options,call
298,1605278160000,799.35,799.4,799.35,799.4,50,,28200,weekly,2020-11-26T21:00:00.000,options,call
299,1605278220000,799.4,799.4,797.15,797.15,50,,28200,weekly,2020-11-26T21:00:00.000,options,call
300,1605278340000,761.85,764.75,761.85,764.75,75,,28200,weekly,2020-11-26T21:00:00.000,options,call
301,1605278400000,772.5,779.05,772.5,779.05,100,,28200,weekly,2020-11-26T21:00:00.000,options,call
302,1605278460000,789.15,795.3,788.0,795.3,125,,28200,weekly,2020-11-26T21:00:00.000,options,call
303,1605278520000,782.4,789.4,782.4,789.4,100,,28200,weekly,2020-11-26T21:00:00.000,options,call
304,1605278580000,786.3,786.3,786.3,786.3,25,,28200,weekly,2020-11-26T21:00:00.000,options,call
305,1605278700000,800.0,800.0,800.0,800.0,25,,28200,weekly,2020-11-26T21:00:00.000,options,call
306,1605278760000,800.0,800.0,800.0,800.0,50,,28200,weekly,2020-11-26T21:00:00.000,options,call
307,1605278820000,810.0,822.25,810.0,816.15,475,,28200,weekly,2020-11-26T21:00:00.000,options,call
308,1605278880000,816.15,818.1,815.85,817.2,650,,28200,weekly,2020-11-26T21:00:00.000,options,call
309,1605278940000,818.0,832.7,816.85,825.25,200,,28200,weekly,2020-11-26T21:00:00.000,options,call
310,1605279000000,825.25,825.25,816.75,816.75,50,,28200,weekly,2020-11-26T21:00:00.000,options,call
311,1605279060000,815.35,834.95,815.0,834.95,200,,28200,weekly,2020-11-26T21:00:00.000,options,call
312,1605279120000,846.25,857.0,845.0,848.5,350,,28200,weekly,2020-11-26T21:00:00.000,options,call
313,1605279180000,848.5,850.3,840.4,850.3,300,,28200,weekly,2020-11-26T21:00:00.000,options,call
314,1605279240000,844.0,846.55,843.4,846.55,125,,28200,weekly,2020-11-26T21:00:00.000,options,call
315,1605279300000,840.85,848.7,840.85,846.0,275,,28200,weekly,2020-11-26T21:00:00.000,options,call
316,1605279360000,849.7,849.7,834.55,834.55,125,,28200,weekly,2020-11-26T21:00:00.000,options,call
317,1605279420000,834.55,834.55,834.55,834.55,25,,28200,weekly,2020-11-26T21:00:00.000,options,call
318,1605279480000,840.85,840.85,834.55,834.55,50,,28200,weekly,2020-11-26T21:00:00.000,options,call
319,1605279540000,838.0,838.0,838.0,838.0,25,,28200,weekly,2020-11-26T21:00:00.000,options,call
320,1605279600000,831.15,831.15,825.45,830.0,75,,28200,weekly,2020-11-26T21:00:00.000,options,call
321,1605279660000,830.0,841.9,830.0,841.9,250,,28200,weekly,2020-11-26T21:00:00.000,options,call
322,1605279720000,828.25,828.25,828.25,828.25,25,,28200,weekly,2020-11-26T21:00:00.000,options,call
323,1605279780000,838.75,839.05,838.75,839.05,200,,28200,weekly,2020-11-26T21:00:00.000,options,call
324,1605279840000,839.05,844.25,839.05,842.3,250,,28200,weekly,2020-11-26T21:00:00.000,options,call
325,1605279900000,843.75,845.95,842.1,842.1,150,,28200,weekly,2020-11-26T21:00:00.000,options,call
326,1605280080000,833.15,833.15,833.15,833.15,525,,28200,weekly,2020-11-26T21:00:00.000,options,call
327,1605280140000,833.0,835.55,833.0,835.55,550,,28200,weekly,2020-11-26T21:00:00.000,options,call
328,1605280260000,833.35,833.35,833.35,833.35,25,,28200,weekly,2020-11-26T21:00:00.000,options,call
329,1605280320000,834.4,835.75,834.4,835.75,175,,28200,weekly,2020-11-26T21:00:00.000,options,call
330,1605280380000,827.85,830.0,827.85,830.0,550,,28200,weekly,2020-11-26T21:00:00.000,options,call
331,1605280440000,828.55,828.55,828.55,828.55,25,,28200,weekly,2020-11-26T21:00:00.000,options,call
332,1605280500000,828.05,828.05,807.4,807.4,850,,28200,weekly,2020-11-26T21:00:00.000,options,call
333,1605280560000,806.15,808.05,795.95,796.2,725,,28200,weekly,2020-11-26T21:00:00.000,options,call
334,1605280620000,794.1,796.2,792.95,796.2,150,,28200,weekly,2020-11-26T21:00:00.000,options,call
335,1605280680000,799.0,800.7,799.0,800.7,150,,28200,weekly,2020-11-26T21:00:00.000,options,call
336,1605280740000,796.8,796.8,796.8,796.8,25,,28200,weekly,2020-11-26T21:00:00.000,options,call
337,1605280800000,798.15,809.2,798.15,809.2,50,,28200,weekly,2020-11-26T21:00:00.000,options,call
338,1605280860000,813.0,813.0,809.85,809.85,100,,28200,weekly,2020-11-26T21:00:00.000,options,call
339,1605280920000,805.0,805.0,805.0,805.0,1100,,28200,weekly,2020-11-26T21:00:00.000,options,call
340,1605280980000,804.1,805.85,804.1,805.85,275,,28200,weekly,2020-11-26T21:00:00.000,options,call
341,1605281040000,799.05,799.05,799.05,799.05,25,,28200,weekly,2020-11-26T21:00:00.000,options,call
342,1605281100000,798.15,810.45,798.15,810.45,300,,28200,weekly,2020-11-26T21:00:00.000,options,call
343,1605281220000,800.6,802.5,800.3,802.5,225,,28200,weekly,2020-11-26T21:00:00.000,options,call
344,1605281280000,802.8,804.1,800.25,800.25,100,,28200,weekly,2020-11-26T21:00:00.000,options,call
345,1605281340000,800.25,811.95,800.25,810.95,125,,28200,weekly,2020-11-26T21:00:00.000,options,call
