,timestamp,open,high,low,close,volume,open_interest,strike,expiry_type,expiry,instrument,contract_type
0,1594890900000,883.4,950.0,800.0,800.0,150,,21000,weekly,2020-7-30T21:00:00.000,options,call
1,1594890960000,800.0,801.0,779.95,780.0,375,,21000,weekly,2020-7-30T21:00:00.000,options,call
2,1594891020000,780.0,793.9,776.5,780.0,450,,21000,weekly,2020-7-30T21:00:00.000,options,call
3,1594891080000,780.0,780.0,749.95,750.0,2750,,21000,weekly,2020-7-30T21:00:00.000,options,call
4,1594891140000,742.65,750.05,736.15,736.15,1200,,21000,weekly,2020-7-30T21:00:00.000,options,call
5,1594891200000,735.0,750.9,730.8,750.9,625,,21000,weekly,2020-7-30T21:00:00.000,options,call
6,1594891260000,757.1,766.15,746.85,764.65,650,,21000,weekly,2020-7-30T21:00:00.000,options,call
7,1594891320000,767.7,775.8,763.05,775.0,600,,21000,weekly,2020-7-30T21:00:00.000,options,call
8,1594891380000,775.0,775.0,763.7,766.4,550,,21000,weekly,2020-7-30T21:00:00.000,options,call
9,1594891440000,768.65,775.45,766.05,766.8,525,,21000,weekly,2020-7-30T21:00:00.000,options,call
10,1594891500000,768.45,768.45,741.4,744.75,1125,,21000,weekly,2020-7-30T21:00:00.000,options,call
11,1594891560000,745.3,745.3,728.4,744.2,850,,21000,weekly,2020-7-30T21:00:00.000,options,call
12,1594891620000,744.2,761.5,744.2,750.2,375,,21000,weekly,2020-7-30T21:00:00.000,options,call
13,1594891680000,753.2,754.9,751.9,753.45,225,,21000,weekly,2020-7-30T21:00:00.000,options,call
14,1594891740000,750.0,752.65,732.4,732.4,1475,,21000,weekly,2020-7-30T21:00:00.000,options,call
15,1594891800000,732.65,733.75,719.55,725.0,2275,,21000,weekly,2020-7-30T21:00:00.000,options,call
16,1594891860000,725.55,725.55,711.0,712.0,725,,21000,weekly,2020-7-30T21:00:00.000,options,call
17,1594891920000,712.0,721.35,707.6,715.0,1850,,21000,weekly,2020-7-30T21:00:00.000,options,call
18,1594891980000,714.6,716.8,711.0,716.0,1500,,21000,weekly,2020-7-30T21:00:00.000,options,call
19,1594892040000,716.0,717.65,713.95,717.3,1025,,21000,weekly,2020-7-30T21:00:00.000,options,call
20,1594892100000,719.0,738.95,719.0,738.75,1775,,21000,weekly,2020-7-30T21:00:00.000,options,call
21,1594892160000,736.55,736.7,720.0,720.35,2425,,21000,weekly,2020-7-30T21:00:00.000,options,call
22,1594892220000,721.75,744.45,721.75,739.0,900,,21000,weekly,2020-7-30T21:00:00.000,options,call
23,1594892280000,735.2,740.0,731.55,739.0,850,,21000,weekly,2020-7-30T21:00:00.000,options,call
24,1594892340000,742.0,800.0,742.0,776.35,3775,,21000,weekly,2020-7-30T21:00:00.000,options,call
25,1594892400000,772.5,787.9,765.55,780.0,1975,,21000,weekly,2020-7-30T21:00:00.000,options,call
26,1594892460000,779.5,780.55,767.65,779.2,750,,21000,weekly,2020-7-30T21:00:00.000,options,call
27,1594892520000,779.2,779.2,760.8,769.15,1275,,21000,weekly,2020-7-30T21:00:00.000,options,call
28,1594892580000,772.5,772.5,752.85,765.05,850,,21000,weekly,2020-7-30T21:00:00.000,options,call
29,1594892640000,765.05,783.2,763.6,780.0,1625,,21000,weekly,2020-7-30T21:00:00.000,options,call
30,1594892700000,780.0,813.05,774.85,813.05,1900,,21000,weekly,2020-7-30T21:00:00.000,options,call
31,1594892760000,813.1,835.85,813.1,825.0,1375,,21000,weekly,2020-7-30T21:00:00.000,options,call
32,1594892820000,828.4,831.85,810.25,829.35,1025,,21000,weekly,2020-7-30T21:00:00.000,options,call
33,1594892880000,829.35,832.45,821.2,828.45,1200,,21000,weekly,2020-7-30T21:00:00.000,options,call
34,1594892940000,828.45,836.4,821.7,831.2,1100,,21000,weekly,2020-7-30T21:00:00.000,options,call
35,1594893000000,825.0,827.05,810.05,816.4,1250,,21000,weekly,2020-7-30T21:00:00.000,options,call
36,1594893060000,812.5,825.0,812.5,825.0,525,,21000,weekly,2020-7-30T21:00:00.000,options,call
37,1594893120000,830.05,860.25,830.0,850.0,1425,,21000,weekly,2020-7-30T21:00:00.000,options,call
38,1594893180000,850.0,850.0,840.0,841.2,225,,21000,weekly,2020-7-30T21:00:00.000,options,call
39,1594893240000,841.2,841.65,828.1,828.1,3075,,21000,weekly,2020-7-30T21:00:00.000,options,call
40,1594893300000,832.1,840.0,810.25,810.25,1800,,21000,weekly,2020-7-30T21:00:00.000,options,call
41,1594893360000,807.45,807.45,784.0,788.85,1200,,21000,weekly,2020-7-30T21:00:00.000,options,call
42,1594893420000,788.85,799.95,784.9,797.6,1425,,21000,weekly,2020-7-30T21:00:00.000,options,call
43,1594893480000,793.55,793.55,765.65,775.35,900,,21000,weekly,2020-7-30T21:00:00.000,options,call
44,1594893540000,779.0,779.0,770.0,775.8,575,,21000,weekly,2020-7-30T21:00:00.000,options,call
45,1594893600000,772.75,772.75,747.3,754.15,1625,,21000,weekly,2020-7-30T21:00:00.000,options,call
46,1594893660000,754.15,767.0,750.15,767.0,1000,,21000,weekly,2020-7-30T21:00:00.000,options,call
47,1594893720000,759.3,762.95,759.3,761.0,450,,21000,weekly,2020-7-30T21:00:00.000,options,call
48,1594893780000,755.0,762.5,751.85,762.5,425,,21000,weekly,2020-7-30T21:00:00.000,options,call
49,1594893840000,768.0,773.0,768.0,769.1,500,,21000,weekly,2020-7-30T21:00:00.000,options,call
50,1594893900000,769.1,784.7,769.1,782.95,375,,21000,weekly,2020-7-30T21:00:00.000,options,call
51,1594893960000,789.85,795.9,785.0,785.0,1625,,21000,weekly,2020-7-30T21:00:00.000,options,call
52,1594894020000,787.5,790.4,780.0,780.0,375,,21000,weekly,2020-7-30T21:00:00.000,options,call
53,1594894080000,778.1,779.15,775.2,779.15,225,,21000,weekly,2020-7-30T21:00:00.000,options,call
54,1594894140000,779.15,781.0,774.9,775.6,300,,21000,weekly,2020-7-30T21:00:00.000,options,call
55,1594894200000,770.0,770.9,763.1,770.0,550,,21000,weekly,2020-7-30T21:00:00.000,options,call
56,1594894260000,770.0,780.3,770.0,780.3,350,,21000,weekly,2020-7-30T21:00:00.000,options,call
57,1594894320000,780.35,780.8,769.6,776.7,375,,21000,weekly,2020-7-30T21:00:00.000,options,call
58,1594894380000,777.35,777.9,772.05,772.05,300,,21000,weekly,2020-7-30T21:00:00.000,options,call
59,1594894440000,772.05,776.15,765.95,776.15,2800,,21000,weekly,2020-7-30T21:00:00.000,options,call
60,1594894500000,776.45,776.45,757.95,775.0,575,,21000,weekly,2020-7-30T21:00:00.000,options,call
61,1594894560000,775.0,795.8,775.0,787.2,2375,,21000,weekly,2020-7-30T21:00:00.000,options,call
62,1594894620000,789.4,789.45,780.1,782.95,700,,21000,weekly,2020-7-30T21:00:00.000,options,call
63,1594894680000,780.0,783.8,772.1,772.1,350,,21000,weekly,2020-7-30T21:00:00.000,options,call
64,1594894740000,770.0,785.5,770.0,785.5,725,,21000,weekly,2020-7-30T21:00:00.000,options,call
65,1594894800000,785.5,790.0,777.85,777.85,600,,21000,weekly,2020-7-30T21:00:00.000,options,call
66,1594894860000,776.75,786.8,774.3,786.8,175,,21000,weekly,2020-7-30T21:00:00.000,options,call
67,1594894920000,786.8,816.75,785.0,807.3,7475,,21000,weekly,2020-7-30T21:00:00.000,options,call
68,1594894980000,814.85,816.6,806.1,806.1,1200,,21000,weekly,2020-7-30T21:00:00.000,options,call
69,1594895040000,809.85,812.45,809.85,809.85,200,,21000,weekly,2020-7-30T21:00:00.000,options,call
70,1594895100000,812.3,825.0,806.65,806.65,1575,,21000,weekly,2020-7-30T21:00:00.000,options,call
71,1594895160000,800.1,800.1,791.75,798.15,1950,,21000,weekly,2020-7-30T21:00:00.000,options,call
72,1594895220000,798.15,798.15,786.4,794.2,2875,,21000,weekly,2020-7-30T21:00:00.000,options,call
73,1594895280000,794.2,794.2,788.8,788.8,400,,21000,weekly,2020-7-30T21:00:00.000,options,call
74,1594895340000,790.0,802.45,790.0,797.25,2475,,21000,weekly,2020-7-30T21:00:00.000,options,call
75,1594895400000,799.0,812.1,795.0,795.0,4275,,21000,weekly,2020-7-30T21:00:00.000,options,call
76,1594895460000,792.2,796.85,777.0,777.0,450,,21000,weekly,2020-7-30T21:00:00.000,options,call
77,1594895520000,775.2,780.0,772.2,780.0,125,,21000,weekly,2020-7-30T21:00:00.000,options,call
78,1594895580000,771.6,771.6,760.0,763.8,400,,21000,weekly,2020-7-30T21:00:00.000,options,call
79,1594895640000,760.05,760.05,759.05,759.05,675,,21000,weekly,2020-7-30T21:00:00.000,options,call
80,1594895700000,754.1,761.25,750.1,755.1,1000,,21000,weekly,2020-7-30T21:00:00.000,options,call
81,1594895760000,763.85,764.1,757.95,764.1,825,,21000,weekly,2020-7-30T21:00:00.000,options,call
82,1594895820000,768.5,776.55,768.5,772.5,725,,21000,weekly,2020-7-30T21:00:00.000,options,call
83,1594895880000,766.8,772.0,766.8,769.7,275,,21000,weekly,2020-7-30T21:00:00.000,options,call
84,1594895940000,771.3,783.3,771.3,780.2,650,,21000,weekly,2020-7-30T21:00:00.000,options,call
85,1594896000000,779.2,787.7,779.2,787.7,125,,21000,weekly,2020-7-30T21:00:00.000,options,call
86,1594896060000,788.0,790.15,783.2,783.2,400,,21000,weekly,2020-7-30T21:00:00.000,options,call
87,1594896120000,790.0,790.0,782.2,785.35,2450,,21000,weekly,2020-7-30T21:00:00.000,options,call
88,1594896180000,782.55,782.55,780.2,780.2,125,,21000,weekly,2020-7-30T21:00:00.000,options,call
89,1594896240000,774.8,780.0,773.4,780.0,250,,21000,weekly,2020-7-30T21:00:00.000,options,call
90,1594896300000,781.05,787.65,781.05,787.65,150,,21000,weekly,2020-7-30T21:00:00.000,options,call
91,1594896420000,775.35,775.35,771.0,771.0,150,,21000,weekly,2020-7-30T21:00:00.000,options,call
92,1594896480000,771.5,771.5,771.4,771.4,50,,21000,weekly,2020-7-30T21:00:00.000,options,call
93,1594896540000,766.95,771.45,766.55,771.45,550,,21000,weekly,2020-7-30T21:00:00.000,options,call
94,1594896600000,779.05,779.05,769.65,771.55,175,,21000,weekly,2020-7-30T21:00:00.000,options,call
95,1594896660000,779.45,779.45,779.45,779.45,25,,21000,weekly,2020-7-30T21:00:00.000,options,call
96,1594896720000,763.9,763.9,756.5,759.1,200,,21000,weekly,2020-7-30T21:00:00.000,options,call
97,1594896780000,761.0,765.7,761.0,765.7,75,,21000,weekly,2020-7-30T21:00:00.000,options,call
98,1594896840000,760.0,763.45,750.0,750.6,5450,,21000,weekly,2020-7-30T21:00:00.000,options,call
99,1594896900000,755.0,755.6,737.85,740.0,3550,,21000,weekly,2020-7-30T21:00:00.000,options,call
100,1594896960000,745.1,749.7,744.75,744.75,125,,21000,weekly,2020-7-30T21:00:00.000,options,call
101,1594897020000,759.35,759.35,756.1,757.0,2675,,21000,weekly,2020-7-30T21:00:00.000,options,call
102,1594897080000,754.0,754.0,753.95,754.0,1925,,21000,weekly,2020-7-30T21:00:00.000,options,call
103,1594897140000,760.0,760.0,756.95,757.65,200,,21000,weekly,2020-7-30T21:00:00.000,options,call
104,1594897200000,755.0,777.6,753.05,777.6,625,,21000,weekly,2020-7-30T21:00:00.000,options,call
105,1594897260000,781.3,781.85,775.55,775.55,200,,21000,weekly,2020-7-30T21:00:00.000,options,call
106,1594897320000,774.2,774.2,765.25,765.25,450,,21000,weekly,2020-7-30T21:00:00.000,options,call
107,1594897380000,755.0,755.0,746.3,748.7,325,,21000,weekly,2020-7-30T21:00:00.000,options,call
108,1594897440000,751.25,753.3,747.95,747.95,200,,21000,weekly,2020-7-30T21:00:00.000,options,call
109,1594897500000,744.65,762.6,744.65,757.85,725,,21000,weekly,2020-7-30T21:00:00.000,options,call
110,1594897560000,758.25,768.75,758.25,765.85,350,,21000,weekly,2020-7-30T21:00:00.000,options,call
111,1594897620000,768.15,768.75,760.75,765.6,375,,21000,weekly,2020-7-30T21:00:00.000,options,call
112,1594897680000,765.35,765.35,755.35,765.0,275,,21000,weekly,2020-7-30T21:00:00.000,options,call
113,1594897740000,762.35,772.8,762.35,772.8,75,,21000,weekly,2020-7-30T21:00:00.000,options,call
114,1594897800000,758.95,764.0,758.75,764.0,125,,21000,weekly,2020-7-30T21:00:00.000,options,call
115,1594897860000,764.35,776.05,764.35,771.65,800,,21000,weekly,2020-7-30T21:00:00.000,options,call
116,1594897920000,771.65,785.0,771.45,783.15,950,,21000,weekly,2020-7-30T21:00:00.000,options,call
117,1594897980000,791.9,791.9,775.0,775.0,1600,,21000,weekly,2020-7-30T21:00:00.000,options,call
118,1594898040000,780.0,789.8,778.6,788.05,775,,21000,weekly,2020-7-30T21:00:00.000,options,call
119,1594898100000,788.05,793.35,786.35,790.0,425,,21000,weekly,2020-7-30T21:00:00.000,options,call
120,1594898160000,787.5,793.45,781.85,787.5,1400,,21000,weekly,2020-7-30T21:00:00.000,options,call
121,1594898220000,787.95,789.2,787.95,789.2,175,,21000,weekly,2020-7-30T21:00:00.000,options,call
122,1594898280000,797.6,803.15,792.55,792.55,750,,21000,weekly,2020-7-30T21:00:00.000,options,call
123,1594898340000,792.9,837.2,792.9,815.0,1200,,21000,weekly,2020-7-30T21:00:00.000,options,call
124,1594898400000,815.0,829.8,813.1,829.8,1825,,21000,weekly,2020-7-30T21:00:00.000,options,call
125,1594898460000,835.0,840.0,817.0,817.0,1650,,21000,weekly,2020-7-30T21:00:00.000,options,call
126,1594898520000,824.5,824.5,810.5,812.0,1050,,21000,weekly,2020-7-30T21:00:00.000,options,call
127,1594898580000,812.6,814.0,808.05,814.0,450,,21000,weekly,2020-7-30T21:00:00.000,options,call
128,1594898640000,810.0,824.85,799.9,824.8,1175,,21000,weekly,2020-7-30T21:00:00.000,options,call
129,1594898700000,823.95,833.45,823.95,830.0,1675,,21000,weekly,2020-7-30T21:00:00.000,options,call
130,1594898760000,825.5,825.5,815.2,815.2,50,,21000,weekly,2020-7-30T21:00:00.000,options,call
131,1594898820000,815.2,829.0,815.2,824.5,675,,21000,weekly,2020-7-30T21:00:00.000,options,call
132,1594898880000,810.95,810.95,805.4,808.7,475,,21000,weekly,2020-7-30T21:00:00.000,options,call
133,1594898940000,808.7,809.0,803.85,807.8,300,,21000,weekly,2020-7-30T21:00:00.000,options,call
134,1594899000000,820.5,822.0,820.5,822.0,100,,21000,weekly,2020-7-30T21:00:00.000,options,call
135,1594899060000,821.95,827.0,821.25,827.0,450,,21000,weekly,2020-7-30T21:00:00.000,options,call
136,1594899120000,827.0,851.9,827.0,847.65,2100,,21000,weekly,2020-7-30T21:00:00.000,options,call
137,1594899180000,846.45,846.75,830.85,840.0,1025,,21000,weekly,2020-7-30T21:00:00.000,options,call
138,1594899240000,840.0,850.0,836.0,836.0,200,,21000,weekly,2020-7-30T21:00:00.000,options,call
139,1594899300000,835.95,840.9,830.0,830.0,225,,21000,weekly,2020-7-30T21:00:00.000,options,call
140,1594899360000,852.55,861.0,851.5,851.5,1375,,21000,weekly,2020-7-30T21:00:00.000,options,call
141,1594899420000,851.5,857.5,847.15,847.15,575,,21000,weekly,2020-7-30T21:00:00.000,options,call
142,1594899480000,846.55,850.8,845.65,850.8,425,,21000,weekly,2020-7-30T21:00:00.000,options,call
143,1594899540000,850.8,878.0,850.8,870.75,1575,,21000,weekly,2020-7-30T21:00:00.000,options,call
144,1594899600000,870.0,885.6,869.95,869.95,925,,21000,weekly,2020-7-30T21:00:00.000,options,call
145,1594899660000,866.65,866.65,856.35,859.0,500,,21000,weekly,2020-7-30T21:00:00.000,options,call
146,1594899720000,856.35,856.35,850.0,852.55,300,,21000,weekly,2020-7-30T21:00:00.000,options,call
147,1594899780000,849.65,851.6,842.8,850.7,1250,,21000,weekly,2020-7-30T21:00:00.000,options,call
148,1594899840000,850.7,862.45,846.55,862.45,575,,21000,weekly,2020-7-30T21:00:00.000,options,call
149,1594899900000,862.5,870.0,862.5,865.65,1300,,21000,weekly,2020-7-30T21:00:00.000,options,call
150,1594899960000,860.95,862.0,854.15,862.0,175,,21000,weekly,2020-7-30T21:00:00.000,options,call
151,1594900020000,855.1,858.5,850.5,850.55,225,,21000,weekly,2020-7-30T21:00:00.000,options,call
152,1594900080000,851.6,859.9,851.6,858.6,250,,21000,weekly,2020-7-30T21:00:00.000,options,call
153,1594900140000,858.6,858.6,840.05,841.7,350,,21000,weekly,2020-7-30T21:00:00.000,options,call
154,1594900200000,841.7,841.7,832.9,841.05,650,,21000,weekly,2020-7-30T21:00:00.000,options,call
155,1594900260000,845.0,856.5,845.0,850.0,150,,21000,weekly,2020-7-30T21:00:00.000,options,call
156,1594900320000,850.45,855.7,850.45,855.7,75,,21000,weekly,2020-7-30T21:00:00.000,options,call
157,1594900440000,868.0,896.35,868.0,886.3,2250,,21000,weekly,2020-7-30T21:00:00.000,options,call
158,1594900500000,886.8,921.9,886.0,900.0,1900,,21000,weekly,2020-7-30T21:00:00.000,options,call
159,1594900560000,900.0,900.0,886.6,900.0,600,,21000,weekly,2020-7-30T21:00:00.000,options,call
160,1594900620000,895.0,900.0,888.0,888.0,625,,21000,weekly,2020-7-30T21:00:00.000,options,call
161,1594900680000,882.8,883.05,874.05,875.7,375,,21000,weekly,2020-7-30T21:00:00.000,options,call
162,1594900740000,875.7,879.7,874.85,875.0,150,,21000,weekly,2020-7-30T21:00:00.000,options,call
163,1594900800000,875.0,883.0,871.0,882.0,800,,21000,weekly,2020-7-30T21:00:00.000,options,call
164,1594900860000,887.15,888.0,887.15,887.45,200,,21000,weekly,2020-7-30T21:00:00.000,options,call
165,1594900920000,880.25,880.25,875.15,875.15,25,,21000,weekly,2020-7-30T21:00:00.000,options,call
166,1594900980000,875.15,882.0,875.15,882.0,225,,21000,weekly,2020-7-30T21:00:00.000,options,call
167,1594901040000,872.0,872.0,872.0,872.0,25,,21000,weekly,2020-7-30T21:00:00.000,options,call
168,1594901100000,858.6,860.0,846.0,846.0,550,,21000,weekly,2020-7-30T21:00:00.000,options,call
169,1594901160000,839.55,842.0,834.95,838.25,350,,21000,weekly,2020-7-30T21:00:00.000,options,call
170,1594901220000,840.0,840.95,837.65,837.65,100,,21000,weekly,2020-7-30T21:00:00.000,options,call
171,1594901280000,840.0,840.0,825.0,827.85,725,,21000,weekly,2020-7-30T21:00:00.000,options,call
172,1594901340000,827.0,827.0,815.25,827.0,325,,21000,weekly,2020-7-30T21:00:00.000,options,call
173,1594901400000,827.0,827.0,822.85,822.85,50,,21000,weekly,2020-7-30T21:00:00.000,options,call
174,1594901460000,823.55,823.55,815.0,820.0,250,,21000,weekly,2020-7-30T21:00:00.000,options,call
175,1594901520000,820.0,823.0,820.0,821.8,425,,21000,weekly,2020-7-30T21:00:00.000,options,call
176,1594901640000,825.5,825.5,810.9,810.9,275,,21000,weekly,2020-7-30T21:00:00.000,options,call
177,1594901700000,815.0,819.15,813.0,819.15,300,,21000,weekly,2020-7-30T21:00:00.000,options,call
178,1594901760000,828.05,829.25,828.05,829.25,25,,21000,weekly,2020-7-30T21:00:00.000,options,call
179,1594901820000,829.25,836.0,828.2,836.0,175,,21000,weekly,2020-7-30T21:00:00.000,options,call
180,1594901880000,834.9,834.9,825.0,825.0,75,,21000,weekly,2020-7-30T21:00:00.000,options,call
181,1594901940000,821.1,821.1,821.1,821.1,50,,21000,weekly,2020-7-30T21:00:00.000,options,call
182,1594902000000,831.85,840.65,831.85,840.65,75,,21000,weekly,2020-7-30T21:00:00.000,options,call
183,1594902060000,840.65,844.2,838.15,840.0,375,,21000,weekly,2020-7-30T21:00:00.000,options,call
184,1594902120000,849.0,857.75,840.0,840.0,2275,,21000,weekly,2020-7-30T21:00:00.000,options,call
185,1594902180000,840.0,840.0,830.9,830.9,175,,21000,weekly,2020-7-30T21:00:00.000,options,call
186,1594902240000,830.9,830.9,823.35,823.35,1075,,21000,weekly,2020-7-30T21:00:00.000,options,call
187,1594902300000,821.3,821.3,804.05,804.05,400,,21000,weekly,2020-7-30T21:00:00.000,options,call
188,1594902360000,804.05,811.2,795.9,806.0,1650,,21000,weekly,2020-7-30T21:00:00.000,options,call
189,1594902420000,808.0,813.95,804.45,813.95,150,,21000,weekly,2020-7-30T21:00:00.000,options,call
190,1594902480000,813.95,814.0,811.0,814.0,350,,21000,weekly,2020-7-30T21:00:00.000,options,call
191,1594902540000,814.05,819.15,814.05,819.15,200,,21000,weekly,2020-7-30T21:00:00.000,options,call
192,1594902600000,824.05,840.9,824.05,840.9,200,,21000,weekly,2020-7-30T21:00:00.000,options,call
193,1594902660000,840.9,840.9,822.25,824.2,325,,21000,weekly,2020-7-30T21:00:00.000,options,call
194,1594902720000,821.0,821.0,810.0,810.0,100,,21000,weekly,2020-7-30T21:00:00.000,options,call
195,1594902780000,810.0,819.0,810.0,819.0,625,,21000,weekly,2020-7-30T21:00:00.000,options,call
196,1594902840000,815.8,832.15,815.8,830.0,250,,21000,weekly,2020-7-30T21:00:00.000,options,call
197,1594902900000,827.0,827.0,826.0,826.0,75,,21000,weekly,2020-7-30T21:00:00.000,options,call
198,1594902960000,839.55,839.55,836.3,837.45,225,,21000,weekly,2020-7-30T21:00:00.000,options,call
199,1594903020000,820.75,828.0,820.75,828.0,125,,21000,weekly,2020-7-30T21:00:00.000,options,call
200,1594903080000,825.0,839.45,825.0,839.45,350,,21000,weekly,2020-7-30T21:00:00.000,options,call
201,1594903140000,835.5,845.0,835.5,845.0,275,,21000,weekly,2020-7-30T21:00:00.000,options,call
202,1594903200000,835.0,838.75,832.7,833.0,200,,21000,weekly,2020-7-30T21:00:00.000,options,call
203,1594903260000,825.05,825.05,825.05,825.05,125,,21000,weekly,2020-7-30T21:00:00.000,options,call
204,1594903320000,833.0,845.2,833.0,845.2,125,,21000,weekly,2020-7-30T21:00:00.000,options,call
205,1594903380000,842.65,842.65,833.85,833.85,50,,21000,weekly,2020-7-30T21:00:00.000,options,call
206,1594903440000,834.15,834.15,834.0,834.0,75,,21000,weekly,2020-7-30T21:00:00.000,options,call
207,1594903500000,845.9,864.0,845.9,854.35,1700,,21000,weekly,2020-7-30T21:00:00.000,options,call
208,1594903560000,854.35,854.35,853.0,853.0,100,,21000,weekly,2020-7-30T21:00:00.000,options,call
209,1594903620000,845.0,848.0,845.0,847.4,150,,21000,weekly,2020-7-30T21:00:00.000,options,call
210,1594903680000,847.4,847.4,839.35,839.35,150,,21000,weekly,2020-7-30T21:00:00.000,options,call
211,1594903800000,830.0,839.0,830.0,839.0,250,,21000,weekly,2020-7-30T21:00:00.000,options,call
212,1594903860000,833.0,833.0,827.0,827.0,75,,21000,weekly,2020-7-30T21:00:00.000,options,call
213,1594903920000,835.05,843.7,835.05,843.7,150,,21000,weekly,2020-7-30T21:00:00.000,options,call
214,1594903980000,838.9,839.2,838.9,839.2,200,,21000,weekly,2020-7-30T21:00:00.000,options,call
215,1594904040000,839.25,846.55,839.25,839.95,300,,21000,weekly,2020-7-30T21:00:00.000,options,call
216,1594904100000,840.1,840.3,831.85,834.0,1000,,21000,weekly,2020-7-30T21:00:00.000,options,call
217,1594904160000,835.15,843.75,835.15,841.8,150,,21000,weekly,2020-7-30T21:00:00.000,options,call
218,1594904220000,831.3,833.1,825.0,825.0,1125,,21000,weekly,2020-7-30T21:00:00.000,options,call
219,1594904280000,830.0,830.1,828.5,828.5,100,,21000,weekly,2020-7-30T21:00:00.000,options,call
220,1594904340000,828.5,829.7,821.0,829.7,175,,21000,weekly,2020-7-30T21:00:00.000,options,call
221,1594904400000,820.0,820.0,781.7,781.7,1275,,21000,weekly,2020-7-30T21:00:00.000,options,call
222,1594904460000,780.25,780.25,768.05,775.5,1100,,21000,weekly,2020-7-30T21:00:00.000,options,call
223,1594904520000,780.0,789.2,775.75,787.65,500,,21000,weekly,2020-7-30T21:00:00.000,options,call
224,1594904580000,779.2,780.0,767.65,772.75,1000,,21000,weekly,2020-7-30T21:00:00.000,options,call
225,1594904640000,775.0,780.35,767.35,772.0,700,,21000,weekly,2020-7-30T21:00:00.000,options,call
226,1594904700000,772.0,772.0,754.0,755.5,375,,21000,weekly,2020-7-30T21:00:00.000,options,call
227,1594904760000,766.4,770.0,760.6,770.0,400,,21000,weekly,2020-7-30T21:00:00.000,options,call
228,1594904820000,773.2,783.95,768.3,783.95,450,,21000,weekly,2020-7-30T21:00:00.000,options,call
229,1594904880000,780.0,780.0,770.9,775.0,275,,21000,weekly,2020-7-30T21:00:00.000,options,call
230,1594904940000,780.0,785.0,774.25,777.25,575,,21000,weekly,2020-7-30T21:00:00.000,options,call
231,1594905000000,777.25,777.25,777.25,777.25,25,,21000,weekly,2020-7-30T21:00:00.000,options,call
232,1594905060000,782.3,784.25,780.0,784.25,250,,21000,weekly,2020-7-30T21:00:00.000,options,call
233,1594905120000,784.3,787.95,784.3,787.0,100,,21000,weekly,2020-7-30T21:00:00.000,options,call
234,1594905180000,781.0,781.0,780.65,780.65,50,,21000,weekly,2020-7-30T21:00:00.000,options,call
235,1594905240000,787.5,787.5,770.3,770.3,325,,21000,weekly,2020-7-30T21:00:00.000,options,call
236,1594905300000,765.1,770.0,757.45,770.0,600,,21000,weekly,2020-7-30T21:00:00.000,options,call
237,1594905360000,776.95,777.95,771.1,771.1,125,,21000,weekly,2020-7-30T21:00:00.000,options,call
238,1594905420000,785.1,786.0,785.1,786.0,200,,21000,weekly,2020-7-30T21:00:00.000,options,call
239,1594905480000,790.3,800.0,790.3,793.5,625,,21000,weekly,2020-7-30T21:00:00.000,options,call
240,1594905540000,791.75,791.75,791.75,791.75,75,,21000,weekly,2020-7-30T21:00:00.000,options,call
241,1594905600000,792.0,812.45,792.0,812.45,950,,21000,weekly,2020-7-30T21:00:00.000,options,call
242,1594905660000,800.0,800.0,792.65,792.65,300,,21000,weekly,2020-7-30T21:00:00.000,options,call
243,1594905780000,782.0,784.05,781.6,784.05,125,,21000,weekly,2020-7-30T21:00:00.000,options,call
244,1594905840000,795.05,795.05,795.05,795.05,275,,21000,weekly,2020-7-30T21:00:00.000,options,call
245,1594905960000,781.0,787.0,781.0,787.0,350,,21000,weekly,2020-7-30T21:00:00.000,options,call
246,1594906020000,787.0,787.0,787.0,787.0,25,,21000,weekly,2020-7-30T21:00:00.000,options,call
247,1594906080000,788.55,798.0,788.55,798.0,75,,21000,weekly,2020-7-30T21:00:00.000,options,call
248,1594906140000,804.75,805.4,791.2,791.2,575,,21000,weekly,2020-7-30T21:00:00.000,options,call
249,1594906200000,799.5,799.5,799.5,799.5,25,,21000,weekly,2020-7-30T21:00:00.000,options,call
250,1594906260000,790.0,790.0,786.05,790.0,375,,21000,weekly,2020-7-30T21:00:00.000,options,call
251,1594906320000,802.65,853.7,802.65,853.7,3125,,21000,weekly,2020-7-30T21:00:00.000,options,call
252,1594906380000,853.7,858.85,843.65,850.7,1650,,21000,weekly,2020-7-30T21:00:00.000,options,call
253,1594906440000,850.7,850.7,833.1,850.0,200,,21000,weekly,2020-7-30T21:00:00.000,options,call
254,1594906500000,850.0,853.9,849.65,849.65,150,,21000,weekly,2020-7-30T21:00:00.000,options,call
255,1594906560000,842.6,860.0,842.6,860.0,675,,21000,weekly,2020-7-30T21:00:00.000,options,call
256,1594906620000,863.4,868.0,856.7,856.7,1575,,21000,weekly,2020-7-30T21:00:00.000,options,call
257,1594906680000,856.7,857.75,847.0,850.75,300,,21000,weekly,2020-7-30T21:00:00.000,options,call
258,1594906740000,850.75,851.05,836.25,840.0,1000,,21000,weekly,2020-7-30T21:00:00.000,options,call
259,1594906800000,842.8,845.2,842.8,845.2,150,,21000,weekly,2020-7-30T21:00:00.000,options,call
260,1594906860000,833.2,844.85,833.2,843.2,275,,21000,weekly,2020-7-30T21:00:00.000,options,call
261,1594906920000,850.0,850.0,844.95,844.95,225,,21000,weekly,2020-7-30T21:00:00.000,options,call
262,1594906980000,850.0,865.0,850.0,862.4,250,,21000,weekly,2020-7-30T21:00:00.000,options,call
263,1594907040000,852.8,857.15,850.0,850.5,150,,21000,weekly,2020-7-30T21:00:00.000,options,call
264,1594907100000,855.0,867.75,855.0,867.75,1100,,21000,weekly,2020-7-30T21:00:00.000,options,call
265,1594907160000,869.0,870.4,866.15,866.15,300,,21000,weekly,2020-7-30T21:00:00.000,options,call
266,1594907220000,866.15,866.5,843.25,843.25,250,,21000,weekly,2020-7-30T21:00:00.000,options,call
267,1594907280000,842.95,842.95,820.45,820.45,1425,,21000,weekly,2020-7-30T21:00:00.000,options,call
268,1594907340000,820.0,831.6,820.0,831.4,475,,21000,weekly,2020-7-30T21:00:00.000,options,call
269,1594907400000,832.7,832.7,826.6,826.6,350,,21000,weekly,2020-7-30T21:00:00.000,options,call
270,1594907460000,821.0,821.35,820.0,821.35,100,,21000,weekly,2020-7-30T21:00:00.000,options,call
271,1594907520000,835.0,835.0,835.0,835.0,75,,21000,weekly,2020-7-30T21:00:00.000,options,call
272,1594907700000,844.9,852.0,840.9,845.0,175,,21000,weekly,2020-7-30T21:00:00.000,options,call
273,1594907760000,852.0,853.55,848.0,853.55,1725,,21000,weekly,2020-7-30T21:00:00.000,options,call
274,1594907820000,833.55,837.55,833.55,837.55,75,,21000,weekly,2020-7-30T21:00:00.000,options,call
275,1594907880000,842.0,843.7,834.05,843.7,500,,21000,weekly,2020-7-30T21:00:00.000,options,call
276,1594907940000,849.0,862.5,849.0,854.0,400,,21000,weekly,2020-7-30T21:00:00.000,options,call
277,1594908000000,850.0,850.0,850.0,850.0,25,,21000,weekly,2020-7-30T21:00:00.000,options,call
278,1594908060000,843.05,843.05,842.45,843.05,75,,21000,weekly,2020-7-30T21:00:00.000,options,call
279,1594908120000,843.9,866.7,843.9,860.15,550,,21000,weekly,2020-7-30T21:00:00.000,options,call
280,1594908180000,858.25,858.25,855.4,855.4,75,,21000,weekly,2020-7-30T21:00:00.000,options,call
281,1594908240000,845.8,845.8,838.0,840.0,75,,21000,weekly,2020-7-30T21:00:00.000,options,call
282,1594908300000,830.95,830.95,812.85,812.85,575,,21000,weekly,2020-7-30T21:00:00.000,options,call
283,1594908360000,816.4,824.05,806.55,824.05,575,,21000,weekly,2020-7-30T21:00:00.000,options,call
284,1594908420000,824.05,832.7,824.05,828.35,400,,21000,weekly,2020-7-30T21:00:00.000,options,call
285,1594908480000,828.0,832.0,826.85,832.0,725,,21000,weekly,2020-7-30T21:00:00.000,options,call
286,1594908540000,831.5,831.5,828.0,828.0,125,,21000,weekly,2020-7-30T21:00:00.000,options,call
287,1594908600000,820.0,820.0,817.75,818.75,325,,21000,weekly,2020-7-30T21:00:00.000,options,call
288,1594908660000,830.0,832.35,830.0,832.35,250,,21000,weekly,2020-7-30T21:00:00.000,options,call
289,1594908720000,822.75,824.0,822.75,824.0,125,,21000,weekly,2020-7-30T21:00:00.000,options,call
290,1594908780000,830.45,830.45,825.25,830.0,525,,21000,weekly,2020-7-30T21:00:00.000,options,call
291,1594908840000,830.0,849.5,830.0,847.05,450,,21000,weekly,2020-7-30T21:00:00.000,options,call
292,1594908900000,849.85,857.0,846.4,852.95,900,,21000,weekly,2020-7-30T21:00:00.000,options,call
293,1594908960000,852.95,852.95,849.0,849.0,125,,21000,weekly,2020-7-30T21:00:00.000,options,call
294,1594909020000,850.0,850.0,841.75,841.75,125,,21000,weekly,2020-7-30T21:00:00.000,options,call
295,1594909080000,855.75,865.0,855.75,865.0,325,,21000,weekly,2020-7-30T21:00:00.000,options,call
296,1594909140000,860.2,884.0,860.2,883.5,800,,21000,weekly,2020-7-30T21:00:00.000,options,call
297,1594909200000,880.0,882.75,870.0,874.0,1375,,21000,weekly,2020-7-30T21:00:00.000,options,call
298,1594909260000,872.0,873.2,865.45,866.0,375,,21000,weekly,2020-7-30T21:00:00.000,options,call
299,1594909320000,864.05,888.95,864.05,888.95,625,,21000,weekly,2020-7-30T21:00:00.000,options,call
300,1594909380000,888.95,903.85,888.95,903.85,2125,,21000,weekly,2020-7-30T21:00:00.000,options,call
301,1594909440000,907.75,908.2,891.9,894.95,1450,,21000,weekly,2020-7-30T21:00:00.000,options,call
302,1594909500000,894.95,900.95,886.9,900.95,500,,21000,weekly,2020-7-30T21:00:00.000,options,call
303,1594909560000,900.95,907.8,897.95,905.1,1675,,21000,weekly,2020-7-30T21:00:00.000,options,call
304,1594909620000,900.0,932.1,900.0,921.05,2175,,21000,weekly,2020-7-30T21:00:00.000,options,call
305,1594909680000,921.05,921.05,903.2,915.0,575,,21000,weekly,2020-7-30T21:00:00.000,options,call
306,1594909740000,910.1,923.45,910.1,923.45,1900,,21000,weekly,2020-7-30T21:00:00.000,options,call
307,1594909800000,922.6,922.6,900.0,900.0,450,,21000,weekly,2020-7-30T21:00:00.000,options,call
308,1594909860000,900.0,900.7,881.0,881.0,350,,21000,weekly,2020-7-30T21:00:00.000,options,call
309,1594909920000,879.95,887.95,874.0,883.3,825,,21000,weekly,2020-7-30T21:00:00.000,options,call
310,1594909980000,883.3,885.0,876.65,885.0,225,,21000,weekly,2020-7-30T21:00:00.000,options,call
311,1594910040000,885.0,894.1,885.0,891.8,325,,21000,weekly,2020-7-30T21:00:00.000,options,call
312,1594910100000,893.85,899.0,882.55,899.0,1300,,21000,weekly,2020-7-30T21:00:00.000,options,call
313,1594910160000,905.0,914.4,905.0,910.25,1025,,21000,weekly,2020-7-30T21:00:00.000,options,call
314,1594910220000,910.25,910.25,896.1,896.1,550,,21000,weekly,2020-7-30T21:00:00.000,options,call
315,1594910280000,896.1,897.8,895.75,895.75,225,,21000,weekly,2020-7-30T21:00:00.000,options,call
316,1594910340000,915.0,923.15,915.0,919.05,325,,21000,weekly,2020-7-30T21:00:00.000,options,call
317,1594910400000,915.15,915.15,906.7,915.0,375,,21000,weekly,2020-7-30T21:00:00.000,options,call
318,1594910460000,915.0,918.1,903.1,903.1,1450,,21000,weekly,2020-7-30T21:00:00.000,options,call
319,1594910520000,904.75,920.35,904.75,912.0,900,,21000,weekly,2020-7-30T21:00:00.000,options,call
320,1594910580000,908.5,910.0,908.5,910.0,50,,21000,weekly,2020-7-30T21:00:00.000,options,call
321,1594910640000,908.15,910.9,908.0,908.0,250,,21000,weekly,2020-7-30T21:00:00.000,options,call
322,1594910700000,908.8,914.65,908.65,910.95,250,,21000,weekly,2020-7-30T21:00:00.000,options,call
323,1594910760000,895.4,901.5,893.1,900.9,500,,21000,weekly,2020-7-30T21:00:00.000,options,call
324,1594910820000,914.0,921.15,914.0,921.15,350,,21000,weekly,2020-7-30T21:00:00.000,options,call
325,1594910880000,918.35,966.05,918.35,948.0,3800,,21000,weekly,2020-7-30T21:00:00.000,options,call
326,1594910940000,947.05,954.95,941.3,954.95,425,,21000,weekly,2020-7-30T21:00:00.000,options,call
327,1594911000000,955.7,972.45,954.75,955.05,1225,,21000,weekly,2020-7-30T21:00:00.000,options,call
328,1594911060000,955.05,961.65,944.55,950.0,1375,,21000,weekly,2020-7-30T21:00:00.000,options,call
329,1594911120000,957.65,963.1,955.15,959.2,350,,21000,weekly,2020-7-30T21:00:00.000,options,call
330,1594911180000,963.0,965.35,956.55,963.1,750,,21000,weekly,2020-7-30T21:00:00.000,options,call
331,1594911240000,967.0,986.5,967.0,982.55,1450,,21000,weekly,2020-7-30T21:00:00.000,options,call
332,1594911300000,977.4,980.25,976.55,976.55,775,,21000,weekly,2020-7-30T21:00:00.000,options,call
333,1594911360000,971.7,971.7,947.3,963.0,1875,,21000,weekly,2020-7-30T21:00:00.000,options,call
334,1594911420000,963.0,964.7,955.0,964.7,1500,,21000,weekly,2020-7-30T21:00:00.000,options,call
335,1594911480000,962.65,969.0,962.65,969.0,425,,21000,weekly,2020-7-30T21:00:00.000,options,call
336,1594911540000,969.0,994.0,966.45,982.35,1325,,21000,weekly,2020-7-30T21:00:00.000,options,call
337,1594911600000,982.8,1008.7,982.8,991.15,1750,,21000,weekly,2020-7-30T21:00:00.000,options,call
338,1594911660000,991.3,999.0,989.05,995.0,1650,,21000,weekly,2020-7-30T21:00:00.000,options,call
339,1594911720000,995.0,1033.85,995.0,1015.9,2650,,21000,weekly,2020-7-30T21:00:00.000,options,call
340,1594911780000,1019.1,1019.1,997.05,1014.7,1075,,21000,weekly,2020-7-30T21:00:00.000,options,call
341,1594911840000,1018.45,1020.0,983.1,990.0,1000,,21000,weekly,2020-7-30T21:00:00.000,options,call
342,1594911900000,990.0,1008.0,990.0,1003.0,8325,,21000,weekly,2020-7-30T21:00:00.000,options,call
343,1594911960000,1004.6,1005.0,995.0,996.9,650,,21000,weekly,2020-7-30T21:00:00.000,options,call
344,1594912020000,998.1,1001.0,990.25,998.95,1150,,21000,weekly,2020-7-30T21:00:00.000,options,call
345,1594912080000,1001.0,1013.25,998.75,1011.75,5800,,21000,weekly,2020-7-30T21:00:00.000,options,call
346,1594912140000,1005.0,1005.0,1001.0,1002.45,375,,21000,weekly,2020-7-30T21:00:00.000,options,call
347,1594912200000,1009.5,1027.25,1009.5,1020.45,1525,,21000,weekly,2020-7-30T21:00:00.000,options,call
348,1594912260000,1020.45,1021.95,1014.0,1018.15,550,,21000,weekly,2020-7-30T21:00:00.000,options,call
349,1594912320000,1020.0,1023.65,998.05,1001.7,325,,21000,weekly,2020-7-30T21:00:00.000,options,call
350,1594912380000,1000.0,1002.15,995.95,995.95,1100,,21000,weekly,2020-7-30T21:00:00.000,options,call
351,1594912440000,993.0,993.0,970.25,970.25,1775,,21000,weekly,2020-7-30T21:00:00.000,options,call
352,1594912500000,970.25,977.85,943.8,947.3,2450,,21000,weekly,2020-7-30T21:00:00.000,options,call
353,1594912560000,947.3,967.0,943.95,967.0,1500,,21000,weekly,2020-7-30T21:00:00.000,options,call
354,1594912620000,967.0,970.0,965.0,970.0,225,,21000,weekly,2020-7-30T21:00:00.000,options,call
355,1594912680000,970.4,974.85,965.3,971.3,575,,21000,weekly,2020-7-30T21:00:00.000,options,call
356,1594912740000,967.0,967.0,956.85,962.45,1225,,21000,weekly,2020-7-30T21:00:00.000,options,call
357,1594912800000,962.45,962.45,958.05,960.2,1975,,21000,weekly,2020-7-30T21:00:00.000,options,call
358,1594912860000,956.55,970.0,956.55,961.2,1600,,21000,weekly,2020-7-30T21:00:00.000,options,call
359,1594912920000,959.3,959.45,954.35,954.35,2450,,21000,weekly,2020-7-30T21:00:00.000,options,call
360,1594912980000,954.05,957.45,948.3,948.3,1325,,21000,weekly,2020-7-30T21:00:00.000,options,call
361,1594913040000,942.1,944.2,940.0,943.6,750,,21000,weekly,2020-7-30T21:00:00.000,options,call
362,1594913100000,938.65,953.55,936.7,937.45,1025,,21000,weekly,2020-7-30T21:00:00.000,options,call
363,1594913160000,935.0,936.0,929.0,933.7,1350,,21000,weekly,2020-7-30T21:00:00.000,options,call
364,1594913220000,933.7,933.7,926.8,927.05,525,,21000,weekly,2020-7-30T21:00:00.000,options,call
365,1594913280000,927.05,934.35,927.05,934.35,225,,21000,weekly,2020-7-30T21:00:00.000,options,call
366,1594913340000,928.0,933.05,920.05,920.05,1000,,21000,weekly,2020-7-30T21:00:00.000,options,call
