,timestamp,open,high,low,close,volume,open_interest,strike,expiry_type,expiry,instrument,contract_type
0,1666257300000,4.75,4.75,3.15,3.7,734775,1444825,41200,weekly,2022-10-20T21:00:00.000,options,call
1,1666257360000,3.75,3.85,3.4,3.45,436000,1444825,41200,weekly,2022-10-20T21:00:00.000,options,call
2,1666257420000,3.5,3.65,3.25,3.35,281075,1374475,41200,weekly,2022-10-20T21:00:00.000,options,call
3,1666257480000,3.35,3.4,3.1,3.15,286550,1374475,41200,weekly,2022-10-20T21:00:00.000,options,call
4,1666257540000,3.2,3.35,3.05,3.3,270975,1374475,41200,weekly,2022-10-20T21:00:00.000,options,call
5,1666257600000,3.2,3.35,3.2,3.25,205450,1257150,41200,weekly,2022-10-20T21:00:00.000,options,call
6,1666257660000,3.3,3.3,3.15,3.25,336650,1257150,41200,weekly,2022-10-20T21:00:00.000,options,call
7,1666257720000,3.25,3.25,3.0,3.05,164900,1257150,41200,weekly,2022-10-20T21:00:00.000,options,call
8,1666257780000,3.0,3.3,3.0,3.1,119350,1236325,41200,weekly,2022-10-20T21:00:00.000,options,call
9,1666257840000,3.1,3.35,3.1,3.3,149625,1236325,41200,weekly,2022-10-20T21:00:00.000,options,call
10,1666257900000,3.3,3.35,3.15,3.15,149550,1236325,41200,weekly,2022-10-20T21:00:00.000,options,call
11,1666257960000,3.15,3.2,3.0,3.15,181400,1279875,41200,weekly,2022-10-20T21:00:00.000,options,call
12,1666258020000,3.15,3.4,3.15,3.3,138300,1279875,41200,weekly,2022-10-20T21:00:00.000,options,call
13,1666258080000,3.3,3.4,3.3,3.35,61925,1279875,41200,weekly,2022-10-20T21:00:00.000,options,call
14,1666258140000,3.35,3.4,3.15,3.4,194425,1330600,41200,weekly,2022-10-20T21:00:00.000,options,call
15,1666258200000,3.35,3.5,3.35,3.35,66475,1330600,41200,weekly,2022-10-20T21:00:00.000,options,call
16,1666258260000,3.35,3.55,3.25,3.5,89575,1330600,41200,weekly,2022-10-20T21:00:00.000,options,call
17,1666258320000,3.5,3.8,3.5,3.65,118375,1314100,41200,weekly,2022-10-20T21:00:00.000,options,call
18,1666258380000,3.65,3.85,3.65,3.85,102750,1314100,41200,weekly,2022-10-20T21:00:00.000,options,call
19,1666258440000,3.8,3.95,3.75,3.9,112950,1314100,41200,weekly,2022-10-20T21:00:00.000,options,call
20,1666258500000,3.95,4.05,3.9,3.95,98750,1247775,41200,weekly,2022-10-20T21:00:00.000,options,call
21,1666258560000,3.95,4.0,3.85,3.85,74775,1247775,41200,weekly,2022-10-20T21:00:00.000,options,call
22,1666258620000,3.9,3.9,3.75,3.8,66100,1247775,41200,weekly,2022-10-20T21:00:00.000,options,call
23,1666258680000,3.75,3.75,3.55,3.6,87100,1278875,41200,weekly,2022-10-20T21:00:00.000,options,call
24,1666258740000,3.6,3.65,3.5,3.6,78375,1278875,41200,weekly,2022-10-20T21:00:00.000,options,call
25,1666258800000,3.6,3.7,3.55,3.65,38250,1278875,41200,weekly,2022-10-20T21:00:00.000,options,call
26,1666258860000,3.6,3.7,3.6,3.65,48950,1268725,41200,weekly,2022-10-20T21:00:00.000,options,call
27,1666258920000,3.75,3.9,3.7,3.9,81050,1268725,41200,weekly,2022-10-20T21:00:00.000,options,call
28,1666258980000,3.9,4.15,3.85,4.05,165150,1268725,41200,weekly,2022-10-20T21:00:00.000,options,call
29,1666259040000,4.05,4.1,3.95,4.0,155975,1275375,41200,weekly,2022-10-20T21:00:00.000,options,call
30,1666259100000,4.0,4.15,4.0,4.1,79100,1275375,41200,weekly,2022-10-20T21:00:00.000,options,call
31,1666259160000,4.1,4.2,4.1,4.1,152850,1275375,41200,weekly,2022-10-20T21:00:00.000,options,call
32,1666259220000,4.1,4.7,4.1,4.7,142050,1286925,41200,weekly,2022-10-20T21:00:00.000,options,call
33,1666259280000,4.7,4.8,4.35,4.35,160500,1286925,41200,weekly,2022-10-20T21:00:00.000,options,call
34,1666259340000,4.4,4.4,3.95,4.0,122175,1286925,41200,weekly,2022-10-20T21:00:00.000,options,call
35,1666259400000,3.95,3.95,3.65,3.7,84625,1265500,41200,weekly,2022-10-20T21:00:00.000,options,call
36,1666259460000,3.7,3.8,3.7,3.7,56500,1265500,41200,weekly,2022-10-20T21:00:00.000,options,call
37,1666259520000,3.75,3.8,3.7,3.7,38725,1265500,41200,weekly,2022-10-20T21:00:00.000,options,call
38,1666259580000,3.7,3.8,3.7,3.75,21500,1250650,41200,weekly,2022-10-20T21:00:00.000,options,call
39,1666259640000,3.8,4.0,3.75,3.9,36325,1250650,41200,weekly,2022-10-20T21:00:00.000,options,call
40,1666259700000,3.9,3.95,3.75,3.9,45150,1250650,41200,weekly,2022-10-20T21:00:00.000,options,call
41,1666259760000,3.9,3.95,3.8,3.9,30000,1242075,41200,weekly,2022-10-20T21:00:00.000,options,call
42,1666259820000,3.9,4.0,3.9,3.95,36300,1242075,41200,weekly,2022-10-20T21:00:00.000,options,call
43,1666259880000,3.95,4.0,3.85,3.9,35800,1242075,41200,weekly,2022-10-20T21:00:00.000,options,call
44,1666259940000,3.9,4.0,3.85,4.0,38250,1252900,41200,weekly,2022-10-20T21:00:00.000,options,call
45,1666260000000,3.95,4.05,3.95,4.05,47675,1252900,41200,weekly,2022-10-20T21:00:00.000,options,call
46,1666260060000,4.05,4.05,3.9,3.9,56025,1252900,41200,weekly,2022-10-20T21:00:00.000,options,call
47,1666260120000,3.95,3.95,3.75,3.8,40575,1212950,41200,weekly,2022-10-20T21:00:00.000,options,call
48,1666260180000,3.8,3.85,3.75,3.8,33450,1212950,41200,weekly,2022-10-20T21:00:00.000,options,call
49,1666260240000,3.8,3.8,3.7,3.75,34700,1212950,41200,weekly,2022-10-20T21:00:00.000,options,call
50,1666260300000,3.75,3.9,3.75,3.9,23125,1206875,41200,weekly,2022-10-20T21:00:00.000,options,call
51,1666260360000,3.9,4.0,3.85,3.95,18625,1206875,41200,weekly,2022-10-20T21:00:00.000,options,call
52,1666260420000,3.95,3.95,3.85,3.85,41000,1206875,41200,weekly,2022-10-20T21:00:00.000,options,call
53,1666260480000,3.85,3.9,3.75,3.8,18950,1189825,41200,weekly,2022-10-20T21:00:00.000,options,call
54,1666260540000,3.8,3.8,3.7,3.75,18300,1189825,41200,weekly,2022-10-20T21:00:00.000,options,call
55,1666260600000,3.75,3.8,3.7,3.8,23550,1189825,41200,weekly,2022-10-20T21:00:00.000,options,call
56,1666260660000,3.8,3.95,3.8,3.95,19500,1200150,41200,weekly,2022-10-20T21:00:00.000,options,call
57,1666260720000,4.0,4.0,3.9,4.0,27650,1200150,41200,weekly,2022-10-20T21:00:00.000,options,call
58,1666260780000,3.95,4.05,3.95,4.0,11350,1200150,41200,weekly,2022-10-20T21:00:00.000,options,call
59,1666260840000,4.0,4.0,3.7,3.75,53725,1205025,41200,weekly,2022-10-20T21:00:00.000,options,call
60,1666260900000,3.7,3.95,3.7,3.8,36250,1205025,41200,weekly,2022-10-20T21:00:00.000,options,call
61,1666260960000,3.75,3.8,3.7,3.75,27025,1205025,41200,weekly,2022-10-20T21:00:00.000,options,call
62,1666261020000,3.75,3.8,3.65,3.7,12750,1218550,41200,weekly,2022-10-20T21:00:00.000,options,call
63,1666261080000,3.65,3.75,3.65,3.65,29800,1218550,41200,weekly,2022-10-20T21:00:00.000,options,call
64,1666261140000,3.65,3.8,3.65,3.75,25200,1218550,41200,weekly,2022-10-20T21:00:00.000,options,call
65,1666261200000,3.8,3.8,3.65,3.7,42400,1241150,41200,weekly,2022-10-20T21:00:00.000,options,call
66,1666261260000,3.7,3.8,3.65,3.7,47250,1241150,41200,weekly,2022-10-20T21:00:00.000,options,call
67,1666261320000,3.7,3.8,3.65,3.8,29125,1241150,41200,weekly,2022-10-20T21:00:00.000,options,call
68,1666261380000,3.75,3.8,3.75,3.75,13975,1229125,41200,weekly,2022-10-20T21:00:00.000,options,call
69,1666261440000,3.8,3.8,3.7,3.7,23400,1229125,41200,weekly,2022-10-20T21:00:00.000,options,call
70,1666261500000,3.7,3.7,3.6,3.6,20300,1229125,41200,weekly,2022-10-20T21:00:00.000,options,call
71,1666261560000,3.6,3.6,3.55,3.6,20825,1224075,41200,weekly,2022-10-20T21:00:00.000,options,call
72,1666261620000,3.6,3.65,3.55,3.6,13700,1224075,41200,weekly,2022-10-20T21:00:00.000,options,call
73,1666261680000,3.7,3.7,3.6,3.7,31850,1224075,41200,weekly,2022-10-20T21:00:00.000,options,call
74,1666261740000,3.65,3.75,3.65,3.75,18750,1239950,41200,weekly,2022-10-20T21:00:00.000,options,call
75,1666261800000,3.7,3.85,3.7,3.8,19325,1239950,41200,weekly,2022-10-20T21:00:00.000,options,call
76,1666261860000,3.8,3.85,3.75,3.8,32350,1239950,41200,weekly,2022-10-20T21:00:00.000,options,call
77,1666261920000,3.8,3.8,3.7,3.7,12125,1237125,41200,weekly,2022-10-20T21:00:00.000,options,call
78,1666261980000,3.7,3.8,3.65,3.7,33475,1237125,41200,weekly,2022-10-20T21:00:00.000,options,call
79,1666262040000,3.7,3.85,3.7,3.75,40875,1237125,41200,weekly,2022-10-20T21:00:00.000,options,call
80,1666262100000,3.75,3.95,3.75,3.95,69450,1239425,41200,weekly,2022-10-20T21:00:00.000,options,call
81,1666262160000,3.95,4.0,3.85,3.85,34175,1239425,41200,weekly,2022-10-20T21:00:00.000,options,call
82,1666262220000,3.9,3.9,3.75,3.75,12125,1239425,41200,weekly,2022-10-20T21:00:00.000,options,call
83,1666262280000,3.75,3.8,3.75,3.8,7775,1213500,41200,weekly,2022-10-20T21:00:00.000,options,call
84,1666262340000,3.8,3.9,3.75,3.85,20425,1213500,41200,weekly,2022-10-20T21:00:00.000,options,call
85,1666262400000,3.9,3.9,3.85,3.85,13650,1213500,41200,weekly,2022-10-20T21:00:00.000,options,call
86,1666262460000,3.9,3.95,3.85,3.9,27750,1219750,41200,weekly,2022-10-20T21:00:00.000,options,call
87,1666262520000,3.9,4.0,3.85,4.0,43775,1219750,41200,weekly,2022-10-20T21:00:00.000,options,call
88,1666262580000,4.0,4.0,3.85,3.9,23400,1219750,41200,weekly,2022-10-20T21:00:00.000,options,call
89,1666262640000,3.9,3.95,3.8,3.95,34100,1220975,41200,weekly,2022-10-20T21:00:00.000,options,call
90,1666262700000,4.0,4.05,3.9,3.95,22900,1220975,41200,weekly,2022-10-20T21:00:00.000,options,call
91,1666262760000,3.95,3.95,3.85,3.9,27075,1220975,41200,weekly,2022-10-20T21:00:00.000,options,call
92,1666262820000,3.85,3.9,3.85,3.85,20450,1223625,41200,weekly,2022-10-20T21:00:00.000,options,call
93,1666262880000,3.9,3.9,3.7,3.8,35150,1223625,41200,weekly,2022-10-20T21:00:00.000,options,call
94,1666262940000,3.8,3.85,3.75,3.8,19025,1223625,41200,weekly,2022-10-20T21:00:00.000,options,call
95,1666263000000,3.8,3.85,3.75,3.8,32425,1238250,41200,weekly,2022-10-20T21:00:00.000,options,call
96,1666263060000,3.85,3.85,3.75,3.8,14175,1238250,41200,weekly,2022-10-20T21:00:00.000,options,call
97,1666263120000,3.8,3.8,3.6,3.65,57300,1238250,41200,weekly,2022-10-20T21:00:00.000,options,call
98,1666263180000,3.65,3.7,3.6,3.65,32425,1234125,41200,weekly,2022-10-20T21:00:00.000,options,call
99,1666263240000,3.7,3.7,3.6,3.65,35350,1234125,41200,weekly,2022-10-20T21:00:00.000,options,call
100,1666263300000,3.65,3.7,3.6,3.65,13875,1234125,41200,weekly,2022-10-20T21:00:00.000,options,call
101,1666263360000,3.7,3.85,3.7,3.8,22975,1249550,41200,weekly,2022-10-20T21:00:00.000,options,call
102,1666263420000,3.85,3.9,3.8,3.8,22600,1249550,41200,weekly,2022-10-20T21:00:00.000,options,call
103,1666263480000,3.8,3.85,3.8,3.85,12575,1249550,41200,weekly,2022-10-20T21:00:00.000,options,call
104,1666263540000,3.85,3.9,3.85,3.85,10575,1244750,41200,weekly,2022-10-20T21:00:00.000,options,call
105,1666263600000,3.9,3.9,3.8,3.85,10625,1244750,41200,weekly,2022-10-20T21:00:00.000,options,call
106,1666263660000,3.8,3.9,3.75,3.8,63750,1244750,41200,weekly,2022-10-20T21:00:00.000,options,call
107,1666263720000,3.8,3.9,3.8,3.9,30325,1244450,41200,weekly,2022-10-20T21:00:00.000,options,call
108,1666263780000,3.9,3.9,3.8,3.8,10475,1244450,41200,weekly,2022-10-20T21:00:00.000,options,call
109,1666263840000,3.8,3.85,3.75,3.85,25225,1244450,41200,weekly,2022-10-20T21:00:00.000,options,call
110,1666263900000,3.85,3.85,3.75,3.8,24125,1247000,41200,weekly,2022-10-20T21:00:00.000,options,call
111,1666263960000,3.85,3.95,3.8,3.9,66175,1247000,41200,weekly,2022-10-20T21:00:00.000,options,call
112,1666264020000,3.9,4.0,3.85,3.95,75450,1247000,41200,weekly,2022-10-20T21:00:00.000,options,call
113,1666264080000,4.0,4.15,3.9,4.1,75450,1292900,41200,weekly,2022-10-20T21:00:00.000,options,call
114,1666264140000,4.1,4.35,4.05,4.35,53550,1292900,41200,weekly,2022-10-20T21:00:00.000,options,call
115,1666264200000,4.3,4.4,4.2,4.3,56925,1292900,41200,weekly,2022-10-20T21:00:00.000,options,call
116,1666264260000,4.3,4.45,4.15,4.15,64750,1294375,41200,weekly,2022-10-20T21:00:00.000,options,call
117,1666264320000,4.1,4.15,4.0,4.15,32625,1294375,41200,weekly,2022-10-20T21:00:00.000,options,call
118,1666264380000,4.15,4.4,4.1,4.4,54450,1294375,41200,weekly,2022-10-20T21:00:00.000,options,call
119,1666264440000,4.35,4.75,3.9,3.95,167825,1289975,41200,weekly,2022-10-20T21:00:00.000,options,call
120,1666264500000,3.9,4.35,3.9,4.3,47300,1289975,41200,weekly,2022-10-20T21:00:00.000,options,call
121,1666264560000,4.35,4.5,4.3,4.4,50950,1289975,41200,weekly,2022-10-20T21:00:00.000,options,call
122,1666264620000,4.45,4.45,4.05,4.15,41975,1304850,41200,weekly,2022-10-20T21:00:00.000,options,call
123,1666264680000,4.1,4.35,4.1,4.25,30175,1304850,41200,weekly,2022-10-20T21:00:00.000,options,call
124,1666264740000,4.3,4.35,4.2,4.3,38650,1304850,41200,weekly,2022-10-20T21:00:00.000,options,call
125,1666264800000,4.3,4.35,4.25,4.3,32400,1324250,41200,weekly,2022-10-20T21:00:00.000,options,call
126,1666264860000,4.25,4.3,4.05,4.15,34950,1324250,41200,weekly,2022-10-20T21:00:00.000,options,call
127,1666264920000,4.2,4.25,4.1,4.1,34625,1324250,41200,weekly,2022-10-20T21:00:00.000,options,call
128,1666264980000,4.1,4.15,3.95,4.0,32725,1323575,41200,weekly,2022-10-20T21:00:00.000,options,call
129,1666265040000,4.0,4.15,4.0,4.05,23200,1323575,41200,weekly,2022-10-20T21:00:00.000,options,call
130,1666265100000,4.0,4.05,3.9,4.05,13475,1323575,41200,weekly,2022-10-20T21:00:00.000,options,call
131,1666265160000,4.05,4.1,3.9,3.95,27500,1331275,41200,weekly,2022-10-20T21:00:00.000,options,call
132,1666265220000,3.95,4.1,3.85,4.05,23675,1331275,41200,weekly,2022-10-20T21:00:00.000,options,call
133,1666265280000,4.05,4.1,3.95,3.95,23725,1331275,41200,weekly,2022-10-20T21:00:00.000,options,call
134,1666265340000,4.0,4.0,3.75,3.8,26650,1334750,41200,weekly,2022-10-20T21:00:00.000,options,call
135,1666265400000,3.8,3.85,3.75,3.75,20100,1334750,41200,weekly,2022-10-20T21:00:00.000,options,call
136,1666265460000,3.75,3.8,3.65,3.7,21050,1334750,41200,weekly,2022-10-20T21:00:00.000,options,call
137,1666265520000,3.7,3.8,3.7,3.8,6875,1324775,41200,weekly,2022-10-20T21:00:00.000,options,call
138,1666265580000,3.8,3.9,3.75,3.9,11725,1324775,41200,weekly,2022-10-20T21:00:00.000,options,call
139,1666265640000,3.9,4.0,3.9,3.95,16025,1324775,41200,weekly,2022-10-20T21:00:00.000,options,call
140,1666265700000,3.9,4.0,3.9,3.9,7350,1323675,41200,weekly,2022-10-20T21:00:00.000,options,call
141,1666265760000,3.95,3.95,3.8,3.8,14250,1323675,41200,weekly,2022-10-20T21:00:00.000,options,call
142,1666265820000,3.85,3.85,3.75,3.85,10800,1323675,41200,weekly,2022-10-20T21:00:00.000,options,call
143,1666265880000,3.8,3.9,3.75,3.85,11325,1315225,41200,weekly,2022-10-20T21:00:00.000,options,call
144,1666265940000,3.85,3.9,3.7,3.75,12175,1315225,41200,weekly,2022-10-20T21:00:00.000,options,call
145,1666266000000,3.7,3.75,3.65,3.75,11500,1315225,41200,weekly,2022-10-20T21:00:00.000,options,call
146,1666266060000,3.75,3.8,3.7,3.8,6650,1311775,41200,weekly,2022-10-20T21:00:00.000,options,call
147,1666266120000,3.8,3.95,3.75,3.8,21200,1311775,41200,weekly,2022-10-20T21:00:00.000,options,call
148,1666266180000,3.85,3.85,3.7,3.75,16000,1311775,41200,weekly,2022-10-20T21:00:00.000,options,call
149,1666266240000,3.7,3.8,3.7,3.7,33125,1319575,41200,weekly,2022-10-20T21:00:00.000,options,call
150,1666266300000,3.7,3.8,3.6,3.8,25275,1319575,41200,weekly,2022-10-20T21:00:00.000,options,call
151,1666266360000,3.8,3.85,3.75,3.75,16350,1319575,41200,weekly,2022-10-20T21:00:00.000,options,call
152,1666266420000,3.75,3.75,3.7,3.75,7700,1319575,41200,weekly,2022-10-20T21:00:00.000,options,call
153,1666266480000,3.7,3.8,3.7,3.8,6175,1328925,41200,weekly,2022-10-20T21:00:00.000,options,call
154,1666266540000,3.8,3.85,3.75,3.75,7800,1328925,41200,weekly,2022-10-20T21:00:00.000,options,call
155,1666266600000,3.8,3.8,3.7,3.7,12375,1327750,41200,weekly,2022-10-20T21:00:00.000,options,call
156,1666266660000,3.75,3.8,3.75,3.8,5675,1327750,41200,weekly,2022-10-20T21:00:00.000,options,call
157,1666266720000,3.8,3.8,3.7,3.7,16650,1327750,41200,weekly,2022-10-20T21:00:00.000,options,call
158,1666266780000,3.7,3.7,3.6,3.6,15775,1327750,41200,weekly,2022-10-20T21:00:00.000,options,call
159,1666266840000,3.65,3.7,3.6,3.65,4525,1326675,41200,weekly,2022-10-20T21:00:00.000,options,call
160,1666266900000,3.65,3.7,3.6,3.65,7200,1326675,41200,weekly,2022-10-20T21:00:00.000,options,call
161,1666266960000,3.65,3.65,3.55,3.55,19650,1326675,41200,weekly,2022-10-20T21:00:00.000,options,call
162,1666267020000,3.55,3.6,3.45,3.45,23675,1329950,41200,weekly,2022-10-20T21:00:00.000,options,call
163,1666267080000,3.45,3.45,3.35,3.35,25650,1329950,41200,weekly,2022-10-20T21:00:00.000,options,call
164,1666267140000,3.35,3.35,3.15,3.2,51550,1317475,41200,weekly,2022-10-20T21:00:00.000,options,call
165,1666267200000,3.2,3.25,3.1,3.1,19725,1317475,41200,weekly,2022-10-20T21:00:00.000,options,call
166,1666267260000,3.15,3.15,3.0,3.0,19525,1317475,41200,weekly,2022-10-20T21:00:00.000,options,call
167,1666267320000,3.0,3.05,2.9,2.9,10050,1315300,41200,weekly,2022-10-20T21:00:00.000,options,call
168,1666267380000,2.9,2.95,2.85,2.95,14875,1315300,41200,weekly,2022-10-20T21:00:00.000,options,call
169,1666267440000,2.95,3.05,2.9,3.0,21350,1315300,41200,weekly,2022-10-20T21:00:00.000,options,call
170,1666267500000,3.0,3.0,2.9,2.9,15425,1315300,41200,weekly,2022-10-20T21:00:00.000,options,call
171,1666267560000,2.9,2.95,2.85,2.9,25550,1313800,41200,weekly,2022-10-20T21:00:00.000,options,call
172,1666267620000,2.85,3.05,2.85,3.0,19425,1313800,41200,weekly,2022-10-20T21:00:00.000,options,call
173,1666267680000,3.0,3.05,2.95,2.95,17050,1313800,41200,weekly,2022-10-20T21:00:00.000,options,call
174,1666267740000,2.95,3.05,2.9,3.0,29925,1316750,41200,weekly,2022-10-20T21:00:00.000,options,call
175,1666267800000,3.0,3.05,2.95,3.0,14525,1316750,41200,weekly,2022-10-20T21:00:00.000,options,call
176,1666267860000,2.95,3.05,2.95,2.95,11600,1316750,41200,weekly,2022-10-20T21:00:00.000,options,call
177,1666267920000,2.95,2.95,2.75,2.75,17800,1314225,41200,weekly,2022-10-20T21:00:00.000,options,call
178,1666267980000,2.75,2.8,2.7,2.7,11525,1314225,41200,weekly,2022-10-20T21:00:00.000,options,call
179,1666268040000,2.7,2.7,2.6,2.7,24725,1314225,41200,weekly,2022-10-20T21:00:00.000,options,call
180,1666268100000,2.65,2.65,2.6,2.6,23325,1315350,41200,weekly,2022-10-20T21:00:00.000,options,call
181,1666268160000,2.65,2.65,2.6,2.6,22525,1315350,41200,weekly,2022-10-20T21:00:00.000,options,call
182,1666268220000,2.6,2.65,2.5,2.55,24550,1315350,41200,weekly,2022-10-20T21:00:00.000,options,call
183,1666268280000,2.5,2.55,2.45,2.45,36700,1314175,41200,weekly,2022-10-20T21:00:00.000,options,call
184,1666268340000,2.45,2.5,2.35,2.45,31375,1314175,41200,weekly,2022-10-20T21:00:00.000,options,call
185,1666268400000,2.45,2.45,2.4,2.45,10275,1314175,41200,weekly,2022-10-20T21:00:00.000,options,call
186,1666268460000,2.45,2.45,2.4,2.4,11000,1304825,41200,weekly,2022-10-20T21:00:00.000,options,call
187,1666268520000,2.4,2.4,2.3,2.4,44575,1304825,41200,weekly,2022-10-20T21:00:00.000,options,call
188,1666268580000,2.35,2.4,2.35,2.4,6525,1304825,41200,weekly,2022-10-20T21:00:00.000,options,call
189,1666268640000,2.35,2.4,2.3,2.3,17400,1307100,41200,weekly,2022-10-20T21:00:00.000,options,call
190,1666268700000,2.35,2.35,2.25,2.25,10550,1307100,41200,weekly,2022-10-20T21:00:00.000,options,call
191,1666268760000,2.25,2.35,2.25,2.35,14300,1307100,41200,weekly,2022-10-20T21:00:00.000,options,call
192,1666268820000,2.4,2.45,2.35,2.45,50625,1303175,41200,weekly,2022-10-20T21:00:00.000,options,call
193,1666268880000,2.45,2.45,2.35,2.35,76325,1303175,41200,weekly,2022-10-20T21:00:00.000,options,call
194,1666268940000,2.35,2.4,2.2,2.25,51775,1303175,41200,weekly,2022-10-20T21:00:00.000,options,call
195,1666269000000,2.2,2.25,2.05,2.05,75450,1304525,41200,weekly,2022-10-20T21:00:00.000,options,call
196,1666269060000,2.0,2.2,2.0,2.2,53600,1304525,41200,weekly,2022-10-20T21:00:00.000,options,call
197,1666269120000,2.2,2.25,2.05,2.25,45150,1304525,41200,weekly,2022-10-20T21:00:00.000,options,call
198,1666269180000,2.25,2.25,2.2,2.2,28875,1326100,41200,weekly,2022-10-20T21:00:00.000,options,call
199,1666269240000,2.2,2.3,2.2,2.2,66050,1326100,41200,weekly,2022-10-20T21:00:00.000,options,call
200,1666269300000,2.2,2.25,2.15,2.15,21050,1326100,41200,weekly,2022-10-20T21:00:00.000,options,call
201,1666269360000,2.15,2.2,2.1,2.1,22675,1298975,41200,weekly,2022-10-20T21:00:00.000,options,call
202,1666269420000,2.1,2.15,2.1,2.15,22200,1298975,41200,weekly,2022-10-20T21:00:00.000,options,call
203,1666269480000,2.2,2.2,2.1,2.15,13350,1298975,41200,weekly,2022-10-20T21:00:00.000,options,call
204,1666269540000,2.15,2.15,2.1,2.1,4200,1300325,41200,weekly,2022-10-20T21:00:00.000,options,call
205,1666269600000,2.1,2.15,2.1,2.1,13350,1300325,41200,weekly,2022-10-20T21:00:00.000,options,call
206,1666269660000,2.1,2.1,2.0,2.0,17475,1300325,41200,weekly,2022-10-20T21:00:00.000,options,call
207,1666269720000,2.0,2.05,1.95,2.05,14975,1282050,41200,weekly,2022-10-20T21:00:00.000,options,call
208,1666269780000,2.0,2.15,2.0,2.1,88950,1282050,41200,weekly,2022-10-20T21:00:00.000,options,call
209,1666269840000,2.1,2.1,2.0,2.05,63475,1282050,41200,weekly,2022-10-20T21:00:00.000,options,call
210,1666269900000,2.05,2.1,2.0,2.05,29150,1212250,41200,weekly,2022-10-20T21:00:00.000,options,call
211,1666269960000,2.0,2.1,2.0,2.1,12150,1212250,41200,weekly,2022-10-20T21:00:00.000,options,call
212,1666270020000,2.05,2.15,2.05,2.15,21200,1212250,41200,weekly,2022-10-20T21:00:00.000,options,call
213,1666270080000,2.1,2.15,2.1,2.1,3725,1191925,41200,weekly,2022-10-20T21:00:00.000,options,call
214,1666270140000,2.1,2.2,2.1,2.2,22750,1191925,41200,weekly,2022-10-20T21:00:00.000,options,call
215,1666270200000,2.15,2.25,2.15,2.2,10925,1191925,41200,weekly,2022-10-20T21:00:00.000,options,call
216,1666270260000,2.25,2.65,2.2,2.6,63000,1193300,41200,weekly,2022-10-20T21:00:00.000,options,call
217,1666270320000,2.55,2.55,2.2,2.2,40975,1193300,41200,weekly,2022-10-20T21:00:00.000,options,call
218,1666270380000,2.25,2.25,2.15,2.25,23350,1193300,41200,weekly,2022-10-20T21:00:00.000,options,call
219,1666270440000,2.25,2.25,2.2,2.25,9775,1173025,41200,weekly,2022-10-20T21:00:00.000,options,call
220,1666270500000,2.25,2.25,2.2,2.2,6725,1173025,41200,weekly,2022-10-20T21:00:00.000,options,call
221,1666270560000,2.25,2.35,2.2,2.35,25800,1173025,41200,weekly,2022-10-20T21:00:00.000,options,call
222,1666270620000,2.35,2.35,2.25,2.35,41825,1176850,41200,weekly,2022-10-20T21:00:00.000,options,call
223,1666270680000,2.35,2.45,2.35,2.35,22125,1176850,41200,weekly,2022-10-20T21:00:00.000,options,call
224,1666270740000,2.4,2.4,2.3,2.3,11350,1176850,41200,weekly,2022-10-20T21:00:00.000,options,call
225,1666270800000,2.35,2.4,2.3,2.35,24050,1174975,41200,weekly,2022-10-20T21:00:00.000,options,call
226,1666270860000,2.35,2.4,2.3,2.35,22300,1174975,41200,weekly,2022-10-20T21:00:00.000,options,call
227,1666270920000,2.35,2.4,2.35,2.4,7900,1174975,41200,weekly,2022-10-20T21:00:00.000,options,call
228,1666270980000,2.4,2.5,2.35,2.45,20000,1172325,41200,weekly,2022-10-20T21:00:00.000,options,call
229,1666271040000,2.45,2.55,2.45,2.55,5125,1172325,41200,weekly,2022-10-20T21:00:00.000,options,call
230,1666271100000,2.55,2.6,2.5,2.55,7650,1172325,41200,weekly,2022-10-20T21:00:00.000,options,call
231,1666271160000,2.5,2.55,2.4,2.45,12400,1171625,41200,weekly,2022-10-20T21:00:00.000,options,call
232,1666271220000,2.4,2.4,2.25,2.25,8075,1171625,41200,weekly,2022-10-20T21:00:00.000,options,call
233,1666271280000,2.25,2.25,2.15,2.15,21075,1171625,41200,weekly,2022-10-20T21:00:00.000,options,call
234,1666271340000,2.15,2.2,2.1,2.2,7375,1168550,41200,weekly,2022-10-20T21:00:00.000,options,call
235,1666271400000,2.2,2.25,2.2,2.2,14050,1168550,41200,weekly,2022-10-20T21:00:00.000,options,call
236,1666271460000,2.2,2.3,2.2,2.25,7125,1168550,41200,weekly,2022-10-20T21:00:00.000,options,call
237,1666271520000,2.25,2.3,2.2,2.2,12250,1168075,41200,weekly,2022-10-20T21:00:00.000,options,call
238,1666271580000,2.2,2.25,2.15,2.2,9275,1168075,41200,weekly,2022-10-20T21:00:00.000,options,call
239,1666271640000,2.2,2.2,2.15,2.2,11625,1168075,41200,weekly,2022-10-20T21:00:00.000,options,call
240,1666271700000,2.2,2.2,2.15,2.2,2650,1167725,41200,weekly,2022-10-20T21:00:00.000,options,call
241,1666271760000,2.15,2.2,2.15,2.2,8825,1167725,41200,weekly,2022-10-20T21:00:00.000,options,call
242,1666271820000,2.2,2.25,2.2,2.2,14525,1167725,41200,weekly,2022-10-20T21:00:00.000,options,call
243,1666271880000,2.2,2.25,2.2,2.2,4200,1168275,41200,weekly,2022-10-20T21:00:00.000,options,call
244,1666271940000,2.2,2.25,2.2,2.2,6700,1168275,41200,weekly,2022-10-20T21:00:00.000,options,call
245,1666272000000,2.2,2.2,1.9,1.9,50500,1168275,41200,weekly,2022-10-20T21:00:00.000,options,call
246,1666272060000,1.9,1.95,1.8,1.8,14700,1153650,41200,weekly,2022-10-20T21:00:00.000,options,call
247,1666272120000,1.8,1.85,1.75,1.75,12850,1153650,41200,weekly,2022-10-20T21:00:00.000,options,call
248,1666272180000,1.75,1.8,1.75,1.75,14850,1153650,41200,weekly,2022-10-20T21:00:00.000,options,call
249,1666272240000,1.75,1.85,1.7,1.75,17550,1148600,41200,weekly,2022-10-20T21:00:00.000,options,call
250,1666272300000,1.75,1.8,1.7,1.8,15350,1148600,41200,weekly,2022-10-20T21:00:00.000,options,call
251,1666272360000,1.8,1.8,1.75,1.75,14425,1148600,41200,weekly,2022-10-20T21:00:00.000,options,call
252,1666272420000,1.8,1.85,1.75,1.85,5600,1139450,41200,weekly,2022-10-20T21:00:00.000,options,call
253,1666272480000,1.9,1.9,1.85,1.85,9575,1139450,41200,weekly,2022-10-20T21:00:00.000,options,call
254,1666272540000,1.85,1.95,1.85,1.9,26075,1139450,41200,weekly,2022-10-20T21:00:00.000,options,call
255,1666272600000,1.9,1.9,1.85,1.85,3425,1138025,41200,weekly,2022-10-20T21:00:00.000,options,call
256,1666272660000,1.85,1.9,1.8,1.8,13175,1138025,41200,weekly,2022-10-20T21:00:00.000,options,call
257,1666272720000,1.85,1.85,1.8,1.8,16750,1138025,41200,weekly,2022-10-20T21:00:00.000,options,call
258,1666272780000,1.8,1.85,1.8,1.8,12850,1144325,41200,weekly,2022-10-20T21:00:00.000,options,call
259,1666272840000,1.85,1.9,1.8,1.9,8475,1144325,41200,weekly,2022-10-20T21:00:00.000,options,call
260,1666272900000,1.85,1.85,1.85,1.85,3700,1144325,41200,weekly,2022-10-20T21:00:00.000,options,call
261,1666272960000,1.9,1.9,1.85,1.9,3850,1137125,41200,weekly,2022-10-20T21:00:00.000,options,call
262,1666273020000,1.9,1.9,1.85,1.9,19975,1137125,41200,weekly,2022-10-20T21:00:00.000,options,call
263,1666273080000,1.85,1.9,1.8,1.9,16500,1137125,41200,weekly,2022-10-20T21:00:00.000,options,call
264,1666273140000,1.9,2.0,1.85,1.95,15075,1135200,41200,weekly,2022-10-20T21:00:00.000,options,call
265,1666273200000,1.95,2.0,1.95,1.95,10450,1135200,41200,weekly,2022-10-20T21:00:00.000,options,call
266,1666273260000,1.95,2.1,1.95,2.05,16800,1135200,41200,weekly,2022-10-20T21:00:00.000,options,call
267,1666273320000,2.05,2.15,2.05,2.1,24300,1138725,41200,weekly,2022-10-20T21:00:00.000,options,call
268,1666273380000,2.1,2.1,2.0,2.0,18175,1138725,41200,weekly,2022-10-20T21:00:00.000,options,call
269,1666273440000,2.0,2.0,1.95,2.0,31125,1138725,41200,weekly,2022-10-20T21:00:00.000,options,call
270,1666273500000,1.95,2.0,1.8,1.8,24275,1146075,41200,weekly,2022-10-20T21:00:00.000,options,call
271,1666273560000,1.8,1.85,1.8,1.85,23950,1146075,41200,weekly,2022-10-20T21:00:00.000,options,call
272,1666273620000,1.85,1.85,1.75,1.75,17050,1146075,41200,weekly,2022-10-20T21:00:00.000,options,call
273,1666273680000,1.8,1.8,1.65,1.65,19125,1136575,41200,weekly,2022-10-20T21:00:00.000,options,call
274,1666273740000,1.65,1.7,1.65,1.65,9025,1136575,41200,weekly,2022-10-20T21:00:00.000,options,call
275,1666273800000,1.65,1.65,1.6,1.6,10550,1136575,41200,weekly,2022-10-20T21:00:00.000,options,call
276,1666273860000,1.65,1.7,1.6,1.6,35525,1143325,41200,weekly,2022-10-20T21:00:00.000,options,call
277,1666273920000,1.6,1.65,1.55,1.55,14675,1143325,41200,weekly,2022-10-20T21:00:00.000,options,call
278,1666273980000,1.55,1.55,1.5,1.55,6425,1143325,41200,weekly,2022-10-20T21:00:00.000,options,call
279,1666274040000,1.55,1.55,1.5,1.5,8800,1135050,41200,weekly,2022-10-20T21:00:00.000,options,call
280,1666274100000,1.5,1.5,1.45,1.5,12375,1135050,41200,weekly,2022-10-20T21:00:00.000,options,call
281,1666274160000,1.5,1.5,1.4,1.4,10275,1135050,41200,weekly,2022-10-20T21:00:00.000,options,call
282,1666274220000,1.4,1.45,1.35,1.35,23725,1133175,41200,weekly,2022-10-20T21:00:00.000,options,call
283,1666274280000,1.4,1.4,1.2,1.2,19425,1133175,41200,weekly,2022-10-20T21:00:00.000,options,call
284,1666274340000,1.2,1.25,1.2,1.2,5000,1133175,41200,weekly,2022-10-20T21:00:00.000,options,call
285,1666274400000,1.25,1.25,1.15,1.15,20625,1128975,41200,weekly,2022-10-20T21:00:00.000,options,call
286,1666274460000,1.15,1.2,1.15,1.2,9400,1128975,41200,weekly,2022-10-20T21:00:00.000,options,call
287,1666274520000,1.2,1.2,1.15,1.2,15525,1128975,41200,weekly,2022-10-20T21:00:00.000,options,call
288,1666274580000,1.15,1.25,1.15,1.2,21300,1121175,41200,weekly,2022-10-20T21:00:00.000,options,call
289,1666274640000,1.2,1.3,1.2,1.25,27850,1121175,41200,weekly,2022-10-20T21:00:00.000,options,call
290,1666274700000,1.3,1.3,1.25,1.3,10450,1121175,41200,weekly,2022-10-20T21:00:00.000,options,call
291,1666274760000,1.3,1.35,1.25,1.35,16175,1118900,41200,weekly,2022-10-20T21:00:00.000,options,call
292,1666274820000,1.35,1.35,1.2,1.25,14875,1118900,41200,weekly,2022-10-20T21:00:00.000,options,call
293,1666274880000,1.25,1.25,1.2,1.25,10800,1118900,41200,weekly,2022-10-20T21:00:00.000,options,call
294,1666274940000,1.2,1.25,1.2,1.25,11175,1113300,41200,weekly,2022-10-20T21:00:00.000,options,call
295,1666275000000,1.25,1.25,1.2,1.25,16675,1113300,41200,weekly,2022-10-20T21:00:00.000,options,call
296,1666275060000,1.25,1.25,1.15,1.2,10250,1113300,41200,weekly,2022-10-20T21:00:00.000,options,call
297,1666275120000,1.2,1.2,1.15,1.2,13650,1109575,41200,weekly,2022-10-20T21:00:00.000,options,call
298,1666275180000,1.2,1.25,1.15,1.25,9275,1109575,41200,weekly,2022-10-20T21:00:00.000,options,call
299,1666275240000,1.25,1.35,1.2,1.35,23975,1109575,41200,weekly,2022-10-20T21:00:00.000,options,call
300,1666275300000,1.3,1.4,1.3,1.4,35725,1113850,41200,weekly,2022-10-20T21:00:00.000,options,call
301,1666275360000,1.4,1.4,1.35,1.35,7250,1113850,41200,weekly,2022-10-20T21:00:00.000,options,call
302,1666275420000,1.4,1.4,1.35,1.35,8400,1113850,41200,weekly,2022-10-20T21:00:00.000,options,call
303,1666275480000,1.35,1.4,1.35,1.35,4650,1112850,41200,weekly,2022-10-20T21:00:00.000,options,call
304,1666275540000,1.35,1.4,1.2,1.2,52075,1112850,41200,weekly,2022-10-20T21:00:00.000,options,call
305,1666275600000,1.2,1.2,1.15,1.15,8400,1112850,41200,weekly,2022-10-20T21:00:00.000,options,call
306,1666275660000,1.15,1.25,1.1,1.25,35225,1100375,41200,weekly,2022-10-20T21:00:00.000,options,call
307,1666275720000,1.25,1.25,1.2,1.25,13700,1100375,41200,weekly,2022-10-20T21:00:00.000,options,call
308,1666275780000,1.25,1.35,1.25,1.3,15150,1100375,41200,weekly,2022-10-20T21:00:00.000,options,call
309,1666275840000,1.25,1.3,1.2,1.25,12950,1092175,41200,weekly,2022-10-20T21:00:00.000,options,call
310,1666275900000,1.25,1.25,1.15,1.2,27150,1092175,41200,weekly,2022-10-20T21:00:00.000,options,call
311,1666275960000,1.2,1.2,1.0,1.05,24700,1092175,41200,weekly,2022-10-20T21:00:00.000,options,call
312,1666276020000,1.05,1.05,1.0,1.05,7125,1083675,41200,weekly,2022-10-20T21:00:00.000,options,call
313,1666276080000,1.0,1.05,0.85,0.9,40425,1083675,41200,weekly,2022-10-20T21:00:00.000,options,call
314,1666276140000,0.9,0.95,0.85,0.9,9975,1083675,41200,weekly,2022-10-20T21:00:00.000,options,call
315,1666276200000,0.9,0.9,0.85,0.9,6475,1077425,41200,weekly,2022-10-20T21:00:00.000,options,call
316,1666276260000,0.9,0.9,0.85,0.9,9350,1077425,41200,weekly,2022-10-20T21:00:00.000,options,call
317,1666276320000,0.9,1.0,0.9,1.0,15475,1077425,41200,weekly,2022-10-20T21:00:00.000,options,call
318,1666276380000,1.0,1.05,0.9,0.9,35600,1070975,41200,weekly,2022-10-20T21:00:00.000,options,call
319,1666276440000,0.9,0.95,0.85,0.85,12700,1070975,41200,weekly,2022-10-20T21:00:00.000,options,call
320,1666276500000,0.85,0.9,0.75,0.85,28175,1070975,41200,weekly,2022-10-20T21:00:00.000,options,call
321,1666276560000,0.8,0.8,0.65,0.65,30225,1046825,41200,weekly,2022-10-20T21:00:00.000,options,call
322,1666276620000,0.65,0.75,0.65,0.7,4050,1046825,41200,weekly,2022-10-20T21:00:00.000,options,call
323,1666276680000,0.7,0.75,0.7,0.7,6075,1046825,41200,weekly,2022-10-20T21:00:00.000,options,call
324,1666276740000,0.7,0.75,0.7,0.7,12875,1048875,41200,weekly,2022-10-20T21:00:00.000,options,call
325,1666276800000,0.7,0.75,0.65,0.65,11350,1048875,41200,weekly,2022-10-20T21:00:00.000,options,call
326,1666276860000,0.65,0.7,0.65,0.65,9425,1048875,41200,weekly,2022-10-20T21:00:00.000,options,call
327,1666276920000,0.65,0.7,0.65,0.7,16500,1041225,41200,weekly,2022-10-20T21:00:00.000,options,call
328,1666276980000,0.7,0.7,0.65,0.7,10375,1041225,41200,weekly,2022-10-20T21:00:00.000,options,call
329,1666277040000,0.65,0.7,0.65,0.65,5675,1041225,41200,weekly,2022-10-20T21:00:00.000,options,call
330,1666277100000,0.7,0.7,0.6,0.6,24775,1042450,41200,weekly,2022-10-20T21:00:00.000,options,call
331,1666277160000,0.6,0.6,0.5,0.5,14325,1042450,41200,weekly,2022-10-20T21:00:00.000,options,call
332,1666277220000,0.55,0.55,0.5,0.5,15075,1042450,41200,weekly,2022-10-20T21:00:00.000,options,call
333,1666277280000,0.55,0.55,0.5,0.55,12125,1034425,41200,weekly,2022-10-20T21:00:00.000,options,call
334,1666277340000,0.55,0.55,0.5,0.5,8400,1034425,41200,weekly,2022-10-20T21:00:00.000,options,call
335,1666277400000,0.5,0.5,0.45,0.5,13300,1034425,41200,weekly,2022-10-20T21:00:00.000,options,call
336,1666277460000,0.5,0.5,0.4,0.4,20625,1027825,41200,weekly,2022-10-20T21:00:00.000,options,call
337,1666277520000,0.45,0.45,0.3,0.3,29375,1027825,41200,weekly,2022-10-20T21:00:00.000,options,call
338,1666277580000,0.3,0.35,0.3,0.35,9200,1027825,41200,weekly,2022-10-20T21:00:00.000,options,call
339,1666277640000,0.35,0.4,0.3,0.35,22775,1010775,41200,weekly,2022-10-20T21:00:00.000,options,call
340,1666277700000,0.35,0.4,0.3,0.3,25800,1010775,41200,weekly,2022-10-20T21:00:00.000,options,call
341,1666277760000,0.25,0.3,0.25,0.25,19925,1010775,41200,weekly,2022-10-20T21:00:00.000,options,call
342,1666277820000,0.25,0.35,0.25,0.35,31875,998400,41200,weekly,2022-10-20T21:00:00.000,options,call
343,1666277880000,0.3,0.35,0.3,0.3,6175,998400,41200,weekly,2022-10-20T21:00:00.000,options,call
344,1666277940000,0.3,0.4,0.3,0.4,7975,998400,41200,weekly,2022-10-20T21:00:00.000,options,call
345,1666278000000,0.4,0.5,0.35,0.45,18025,987875,41200,weekly,2022-10-20T21:00:00.000,options,call
346,1666278060000,0.5,0.5,0.4,0.4,9725,987875,41200,weekly,2022-10-20T21:00:00.000,options,call
347,1666278120000,0.4,0.45,0.3,0.3,13325,987875,41200,weekly,2022-10-20T21:00:00.000,options,call
348,1666278180000,0.3,0.35,0.25,0.3,27650,984225,41200,weekly,2022-10-20T21:00:00.000,options,call
349,1666278240000,0.3,0.35,0.25,0.25,11900,984225,41200,weekly,2022-10-20T21:00:00.000,options,call
350,1666278300000,0.3,0.3,0.2,0.2,25475,984225,41200,weekly,2022-10-20T21:00:00.000,options,call
351,1666278360000,0.2,0.25,0.2,0.25,11550,978425,41200,weekly,2022-10-20T21:00:00.000,options,call
352,1666278420000,0.25,0.25,0.15,0.15,68575,978425,41200,weekly,2022-10-20T21:00:00.000,options,call
353,1666278480000,0.2,0.2,0.15,0.2,38325,978425,41200,weekly,2022-10-20T21:00:00.000,options,call
354,1666278540000,0.2,0.2,0.15,0.15,6025,966950,41200,weekly,2022-10-20T21:00:00.000,options,call
355,1666278600000,0.15,0.2,0.15,0.15,13000,966950,41200,weekly,2022-10-20T21:00:00.000,options,call
356,1666278660000,0.15,0.2,0.15,0.2,11100,966950,41200,weekly,2022-10-20T21:00:00.000,options,call
357,1666278720000,0.15,0.2,0.15,0.15,45900,941575,41200,weekly,2022-10-20T21:00:00.000,options,call
358,1666278780000,0.15,0.2,0.15,0.15,65650,941575,41200,weekly,2022-10-20T21:00:00.000,options,call
359,1666278840000,0.2,0.2,0.15,0.15,30900,941575,41200,weekly,2022-10-20T21:00:00.000,options,call
360,1666278900000,0.15,0.2,0.1,0.15,23125,821000,41200,weekly,2022-10-20T21:00:00.000,options,call
361,1666278960000,0.15,0.15,0.1,0.1,76550,821000,41200,weekly,2022-10-20T21:00:00.000,options,call
362,1666279020000,0.1,0.15,0.1,0.15,34400,821000,41200,weekly,2022-10-20T21:00:00.000,options,call
363,1666279080000,0.1,0.15,0.1,0.1,14150,819175,41200,weekly,2022-10-20T21:00:00.000,options,call
364,1666279140000,0.15,0.15,0.1,0.1,25000,819175,41200,weekly,2022-10-20T21:00:00.000,options,call
365,1666279200000,0.15,0.15,0.1,0.15,29500,819175,41200,weekly,2022-10-20T21:00:00.000,options,call
366,1666279260000,0.1,0.15,0.1,0.1,70075,784675,41200,weekly,2022-10-20T21:00:00.000,options,call
367,1666279320000,0.1,0.15,0.1,0.15,11150,784675,41200,weekly,2022-10-20T21:00:00.000,options,call
368,1666279380000,0.05,0.1,0.05,0.1,35025,784675,41200,weekly,2022-10-20T21:00:00.000,options,call
369,1666279440000,0.1,0.2,0.1,0.1,17750,718750,41200,weekly,2022-10-20T21:00:00.000,options,call
370,1666279500000,0.1,0.15,0.05,0.05,38925,718750,41200,weekly,2022-10-20T21:00:00.000,options,call
371,1666279560000,0.05,0.1,0.05,0.05,45600,718750,41200,weekly,2022-10-20T21:00:00.000,options,call
372,1666279620000,0.05,0.1,0.05,0.05,29150,673225,41200,weekly,2022-10-20T21:00:00.000,options,call
373,1666279680000,0.05,0.1,0.05,0.1,19850,673225,41200,weekly,2022-10-20T21:00:00.000,options,call
374,1666279740000,0.1,0.1,0.05,0.05,8400,673225,41200,weekly,2022-10-20T21:00:00.000,options,call
