,timestamp,open,high,low,close,volume,open_interest,strike,expiry_type,expiry,instrument,contract_type
0,1621502100000,3.3,3.3,1.95,2.0,525,31875,31100,weekly,2021-5-20T21:00:00.000,options,put
1,1621502160000,1.85,2.0,1.8,1.85,5050,31875,31100,weekly,2021-5-20T21:00:00.000,options,put
2,1621502220000,1.85,1.95,1.8,1.85,2650,32675,31100,weekly,2021-5-20T21:00:00.000,options,put
3,1621502280000,1.85,2.05,1.85,1.9,1200,32675,31100,weekly,2021-5-20T21:00:00.000,options,put
4,1621502340000,1.9,2.1,1.9,2.05,2200,32675,31100,weekly,2021-5-20T21:00:00.000,options,put
5,1621502400000,2.0,2.05,1.95,2.0,1000,32575,31100,weekly,2021-5-20T21:00:00.000,options,put
6,1621502460000,2.05,2.2,2.0,2.1,2650,32575,31100,weekly,2021-5-20T21:00:00.000,options,put
7,1621502520000,2.05,2.15,2.0,2.0,3025,32575,31100,weekly,2021-5-20T21:00:00.000,options,put
8,1621502580000,2.0,2.2,2.0,2.05,4100,32850,31100,weekly,2021-5-20T21:00:00.000,options,put
9,1621502640000,2.1,2.2,2.0,2.0,750,32850,31100,weekly,2021-5-20T21:00:00.000,options,put
10,1621502700000,2.1,2.1,1.95,2.05,425,32850,31100,weekly,2021-5-20T21:00:00.000,options,put
11,1621502760000,1.95,2.1,1.95,2.05,1700,33175,31100,weekly,2021-5-20T21:00:00.000,options,put
12,1621502820000,2.1,2.1,1.8,2.0,4525,33175,31100,weekly,2021-5-20T21:00:00.000,options,put
13,1621502880000,1.9,2.1,1.9,1.95,2000,33175,31100,weekly,2021-5-20T21:00:00.000,options,put
14,1621502940000,2.05,2.05,1.9,1.95,1350,34225,31100,weekly,2021-5-20T21:00:00.000,options,put
15,1621503000000,2.0,2.05,1.9,1.95,2025,34225,31100,weekly,2021-5-20T21:00:00.000,options,put
16,1621503060000,1.95,2.0,1.9,2.0,450,34225,31100,weekly,2021-5-20T21:00:00.000,options,put
17,1621503120000,2.0,2.05,1.95,1.95,650,34375,31100,weekly,2021-5-20T21:00:00.000,options,put
18,1621503180000,2.0,2.0,1.95,1.95,175,34375,31100,weekly,2021-5-20T21:00:00.000,options,put
19,1621503240000,2.0,2.0,1.95,1.95,725,34375,31100,weekly,2021-5-20T21:00:00.000,options,put
20,1621503300000,1.95,2.0,1.95,1.95,1025,34350,31100,weekly,2021-5-20T21:00:00.000,options,put
21,1621503360000,1.95,1.95,1.9,1.9,550,34350,31100,weekly,2021-5-20T21:00:00.000,options,put
22,1621503420000,1.9,2.0,1.9,2.0,1500,34350,31100,weekly,2021-5-20T21:00:00.000,options,put
23,1621503480000,2.0,2.05,1.95,1.95,800,34075,31100,weekly,2021-5-20T21:00:00.000,options,put
24,1621503540000,2.0,2.0,2.0,2.0,250,34075,31100,weekly,2021-5-20T21:00:00.000,options,put
25,1621503600000,2.05,2.15,2.05,2.1,1150,34075,31100,weekly,2021-5-20T21:00:00.000,options,put
26,1621503660000,2.05,2.15,2.05,2.15,675,34225,31100,weekly,2021-5-20T21:00:00.000,options,put
27,1621503720000,2.15,2.2,2.1,2.1,800,34225,31100,weekly,2021-5-20T21:00:00.000,options,put
28,1621503780000,2.15,2.2,2.05,2.1,825,34225,31100,weekly,2021-5-20T21:00:00.000,options,put
29,1621503840000,2.1,2.1,2.0,2.05,1625,31900,31100,weekly,2021-5-20T21:00:00.000,options,put
30,1621503900000,2.0,2.15,2.0,2.1,2300,31900,31100,weekly,2021-5-20T21:00:00.000,options,put
31,1621503960000,2.1,2.2,2.1,2.2,775,31900,31100,weekly,2021-5-20T21:00:00.000,options,put
32,1621504020000,2.15,2.2,2.1,2.1,1525,31600,31100,weekly,2021-5-20T21:00:00.000,options,put
33,1621504080000,2.1,2.15,2.05,2.1,1350,31600,31100,weekly,2021-5-20T21:00:00.000,options,put
34,1621504140000,2.1,2.1,2.05,2.1,175,31600,31100,weekly,2021-5-20T21:00:00.000,options,put
35,1621504200000,2.05,2.05,2.0,2.05,900,32150,31100,weekly,2021-5-20T21:00:00.000,options,put
36,1621504260000,2.05,2.15,2.05,2.05,250,32150,31100,weekly,2021-5-20T21:00:00.000,options,put
37,1621504320000,2.1,2.1,2.05,2.1,1275,32150,31100,weekly,2021-5-20T21:00:00.000,options,put
38,1621504380000,2.1,2.1,2.05,2.1,675,32700,31100,weekly,2021-5-20T21:00:00.000,options,put
39,1621504440000,2.1,2.1,1.95,2.05,750,32700,31100,weekly,2021-5-20T21:00:00.000,options,put
40,1621504500000,2.1,2.1,2.0,2.0,300,32700,31100,weekly,2021-5-20T21:00:00.000,options,put
41,1621504560000,2.05,2.1,2.0,2.0,1025,32575,31100,weekly,2021-5-20T21:00:00.000,options,put
42,1621504620000,2.0,2.15,2.0,2.15,500,32575,31100,weekly,2021-5-20T21:00:00.000,options,put
43,1621504680000,2.15,2.15,2.0,2.15,900,32575,31100,weekly,2021-5-20T21:00:00.000,options,put
44,1621504740000,2.1,2.1,2.0,2.1,750,32850,31100,weekly,2021-5-20T21:00:00.000,options,put
45,1621504800000,2.1,2.1,1.95,2.1,3675,32850,31100,weekly,2021-5-20T21:00:00.000,options,put
46,1621504860000,2.05,2.05,2.0,2.0,6025,32850,31100,weekly,2021-5-20T21:00:00.000,options,put
47,1621504920000,2.0,2.0,1.95,2.0,350,32850,31100,weekly,2021-5-20T21:00:00.000,options,put
48,1621504980000,2.0,2.0,1.95,2.0,625,31850,31100,weekly,2021-5-20T21:00:00.000,options,put
49,1621505040000,1.9,1.9,1.9,1.9,125,31850,31100,weekly,2021-5-20T21:00:00.000,options,put
50,1621505100000,2.0,2.0,1.9,1.9,450,31725,31100,weekly,2021-5-20T21:00:00.000,options,put
51,1621505160000,1.9,1.9,1.9,1.9,25,31725,31100,weekly,2021-5-20T21:00:00.000,options,put
52,1621505220000,2.0,2.05,2.0,2.0,450,31725,31100,weekly,2021-5-20T21:00:00.000,options,put
53,1621505340000,1.9,1.9,1.9,1.9,100,31725,31100,weekly,2021-5-20T21:00:00.000,options,put
54,1621505400000,1.95,2.0,1.95,2.0,325,31725,31100,weekly,2021-5-20T21:00:00.000,options,put
55,1621505460000,1.95,2.0,1.95,1.95,200,31725,31100,weekly,2021-5-20T21:00:00.000,options,put
56,1621505520000,2.05,2.05,2.0,2.05,450,31725,31100,weekly,2021-5-20T21:00:00.000,options,put
57,1621505580000,2.05,2.05,2.05,2.05,200,31725,31100,weekly,2021-5-20T21:00:00.000,options,put
58,1621505700000,2.05,2.1,2.0,2.1,375,31625,31100,weekly,2021-5-20T21:00:00.000,options,put
59,1621505760000,2.05,2.1,2.05,2.1,150,31625,31100,weekly,2021-5-20T21:00:00.000,options,put
60,1621505820000,2.1,2.1,2.1,2.1,100,31625,31100,weekly,2021-5-20T21:00:00.000,options,put
61,1621505880000,2.15,2.15,2.15,2.15,100,31800,31100,weekly,2021-5-20T21:00:00.000,options,put
62,1621505940000,2.15,2.15,2.15,2.15,375,31800,31100,weekly,2021-5-20T21:00:00.000,options,put
63,1621506000000,2.2,2.2,2.15,2.15,550,32000,31100,weekly,2021-5-20T21:00:00.000,options,put
64,1621506060000,2.2,2.2,2.1,2.15,1600,32000,31100,weekly,2021-5-20T21:00:00.000,options,put
65,1621506120000,2.15,2.2,2.15,2.2,725,32000,31100,weekly,2021-5-20T21:00:00.000,options,put
66,1621506180000,2.2,2.2,2.15,2.15,1075,31975,31100,weekly,2021-5-20T21:00:00.000,options,put
67,1621506240000,2.15,2.15,2.05,2.15,600,31975,31100,weekly,2021-5-20T21:00:00.000,options,put
68,1621506300000,2.15,2.15,2.05,2.1,600,31975,31100,weekly,2021-5-20T21:00:00.000,options,put
69,1621506360000,2.15,2.2,2.15,2.2,200,31975,31100,weekly,2021-5-20T21:00:00.000,options,put
70,1621506420000,2.15,2.25,2.15,2.15,250,32150,31100,weekly,2021-5-20T21:00:00.000,options,put
71,1621506480000,2.15,2.2,2.15,2.2,325,32150,31100,weekly,2021-5-20T21:00:00.000,options,put
72,1621506540000,2.2,2.2,2.1,2.15,900,31825,31100,weekly,2021-5-20T21:00:00.000,options,put
73,1621506600000,2.15,2.2,2.15,2.15,450,31825,31100,weekly,2021-5-20T21:00:00.000,options,put
74,1621506660000,2.2,2.2,2.15,2.15,225,31825,31100,weekly,2021-5-20T21:00:00.000,options,put
75,1621506720000,2.15,2.15,2.1,2.15,2400,31825,31100,weekly,2021-5-20T21:00:00.000,options,put
76,1621506780000,2.2,2.2,2.1,2.15,1050,31450,31100,weekly,2021-5-20T21:00:00.000,options,put
77,1621506840000,2.15,2.25,2.15,2.25,1325,31450,31100,weekly,2021-5-20T21:00:00.000,options,put
78,1621506900000,2.25,2.3,2.2,2.25,2100,33000,31100,weekly,2021-5-20T21:00:00.000,options,put
79,1621506960000,2.25,2.5,2.25,2.4,3125,33000,31100,weekly,2021-5-20T21:00:00.000,options,put
80,1621507020000,2.45,2.45,2.3,2.3,2300,33000,31100,weekly,2021-5-20T21:00:00.000,options,put
81,1621507080000,2.3,2.3,2.25,2.3,1250,33000,31100,weekly,2021-5-20T21:00:00.000,options,put
82,1621507140000,2.3,2.35,2.3,2.35,250,33000,31100,weekly,2021-5-20T21:00:00.000,options,put
83,1621507200000,2.3,2.4,2.3,2.35,425,33000,31100,weekly,2021-5-20T21:00:00.000,options,put
84,1621507260000,2.35,2.45,2.35,2.4,450,33000,31100,weekly,2021-5-20T21:00:00.000,options,put
85,1621507320000,2.35,2.35,2.25,2.3,175,32675,31100,weekly,2021-5-20T21:00:00.000,options,put
86,1621507380000,2.3,2.3,2.2,2.25,475,32675,31100,weekly,2021-5-20T21:00:00.000,options,put
87,1621507440000,2.25,2.3,2.2,2.2,1175,32425,31100,weekly,2021-5-20T21:00:00.000,options,put
88,1621507500000,2.15,2.15,2.15,2.15,125,32425,31100,weekly,2021-5-20T21:00:00.000,options,put
89,1621507560000,2.1,2.2,2.1,2.2,350,32425,31100,weekly,2021-5-20T21:00:00.000,options,put
90,1621507620000,2.15,2.2,2.15,2.2,75,32750,31100,weekly,2021-5-20T21:00:00.000,options,put
91,1621507680000,2.15,2.15,2.15,2.15,625,32750,31100,weekly,2021-5-20T21:00:00.000,options,put
92,1621507740000,2.15,2.15,2.1,2.15,225,32750,31100,weekly,2021-5-20T21:00:00.000,options,put
93,1621507800000,2.05,2.1,1.95,2.0,800,33075,31100,weekly,2021-5-20T21:00:00.000,options,put
94,1621507860000,2.0,2.0,1.9,1.95,200,33075,31100,weekly,2021-5-20T21:00:00.000,options,put
95,1621507920000,1.95,2.0,1.9,1.9,175,33075,31100,weekly,2021-5-20T21:00:00.000,options,put
96,1621507980000,1.95,1.95,1.95,1.95,175,33125,31100,weekly,2021-5-20T21:00:00.000,options,put
97,1621508040000,1.95,1.95,1.95,1.95,150,33125,31100,weekly,2021-5-20T21:00:00.000,options,put
98,1621508100000,1.95,1.95,1.95,1.95,300,33125,31100,weekly,2021-5-20T21:00:00.000,options,put
99,1621508160000,1.95,1.95,1.95,1.95,100,33200,31100,weekly,2021-5-20T21:00:00.000,options,put
100,1621508220000,1.95,1.95,1.95,1.95,125,33200,31100,weekly,2021-5-20T21:00:00.000,options,put
101,1621508280000,2.0,2.0,1.95,2.0,350,33200,31100,weekly,2021-5-20T21:00:00.000,options,put
102,1621508400000,2.0,2.0,1.9,1.9,75,33225,31100,weekly,2021-5-20T21:00:00.000,options,put
103,1621508460000,1.95,2.0,1.9,1.95,375,33225,31100,weekly,2021-5-20T21:00:00.000,options,put
104,1621508520000,1.95,2.0,1.9,1.9,100,33050,31100,weekly,2021-5-20T21:00:00.000,options,put
105,1621508580000,1.9,2.15,1.9,1.95,650,33050,31100,weekly,2021-5-20T21:00:00.000,options,put
106,1621508640000,1.9,2.0,1.9,2.0,250,33050,31100,weekly,2021-5-20T21:00:00.000,options,put
107,1621508700000,1.95,2.0,1.95,2.0,125,33525,31100,weekly,2021-5-20T21:00:00.000,options,put
108,1621508760000,2.0,2.0,1.95,1.95,625,33525,31100,weekly,2021-5-20T21:00:00.000,options,put
109,1621508820000,1.95,1.95,1.95,1.95,275,33525,31100,weekly,2021-5-20T21:00:00.000,options,put
110,1621508880000,1.9,1.95,1.9,1.95,75,33525,31100,weekly,2021-5-20T21:00:00.000,options,put
111,1621509000000,1.95,2.0,1.95,2.0,400,33475,31100,weekly,2021-5-20T21:00:00.000,options,put
112,1621509060000,2.0,2.0,1.9,1.9,1400,34175,31100,weekly,2021-5-20T21:00:00.000,options,put
113,1621509120000,1.9,1.9,1.9,1.9,25,34175,31100,weekly,2021-5-20T21:00:00.000,options,put
114,1621509180000,1.9,1.95,1.9,1.9,1425,34175,31100,weekly,2021-5-20T21:00:00.000,options,put
115,1621509240000,1.9,1.9,1.9,1.9,100,34175,31100,weekly,2021-5-20T21:00:00.000,options,put
116,1621509300000,1.9,1.9,1.9,1.9,175,35100,31100,weekly,2021-5-20T21:00:00.000,options,put
117,1621509360000,1.9,1.9,1.85,1.85,925,35100,31100,weekly,2021-5-20T21:00:00.000,options,put
118,1621509420000,1.85,1.9,1.85,1.85,475,34825,31100,weekly,2021-5-20T21:00:00.000,options,put
119,1621509480000,1.8,1.9,1.8,1.9,1000,34825,31100,weekly,2021-5-20T21:00:00.000,options,put
120,1621509780000,1.8,1.8,1.75,1.75,175,34875,31100,weekly,2021-5-20T21:00:00.000,options,put
121,1621509840000,1.8,1.8,1.8,1.8,25,35000,31100,weekly,2021-5-20T21:00:00.000,options,put
122,1621509900000,1.8,1.85,1.8,1.8,250,35000,31100,weekly,2021-5-20T21:00:00.000,options,put
123,1621509960000,1.75,1.9,1.75,1.9,1225,35000,31100,weekly,2021-5-20T21:00:00.000,options,put
124,1621510020000,1.9,1.95,1.9,1.95,200,35725,31100,weekly,2021-5-20T21:00:00.000,options,put
125,1621510080000,1.95,1.95,1.95,1.95,50,35725,31100,weekly,2021-5-20T21:00:00.000,options,put
126,1621510140000,1.9,1.9,1.9,1.9,50,35725,31100,weekly,2021-5-20T21:00:00.000,options,put
127,1621510200000,1.9,1.9,1.9,1.9,100,35525,31100,weekly,2021-5-20T21:00:00.000,options,put
128,1621510260000,1.85,1.85,1.85,1.85,25,35525,31100,weekly,2021-5-20T21:00:00.000,options,put
129,1621510320000,1.8,1.9,1.8,1.9,950,35675,31100,weekly,2021-5-20T21:00:00.000,options,put
130,1621510380000,1.9,1.9,1.9,1.9,875,35675,31100,weekly,2021-5-20T21:00:00.000,options,put
131,1621510440000,1.9,1.95,1.85,1.85,750,35675,31100,weekly,2021-5-20T21:00:00.000,options,put
132,1621510500000,1.8,1.8,1.8,1.8,575,35675,31100,weekly,2021-5-20T21:00:00.000,options,put
133,1621510560000,1.85,1.85,1.85,1.85,50,36475,31100,weekly,2021-5-20T21:00:00.000,options,put
134,1621510620000,1.8,1.9,1.8,1.85,2125,36475,31100,weekly,2021-5-20T21:00:00.000,options,put
135,1621510680000,1.8,1.8,1.75,1.75,425,36475,31100,weekly,2021-5-20T21:00:00.000,options,put
136,1621510740000,1.75,1.8,1.75,1.8,150,36875,31100,weekly,2021-5-20T21:00:00.000,options,put
137,1621510800000,1.75,1.9,1.75,1.75,1150,36875,31100,weekly,2021-5-20T21:00:00.000,options,put
138,1621510860000,1.75,1.75,1.7,1.7,1275,36875,31100,weekly,2021-5-20T21:00:00.000,options,put
139,1621511040000,1.75,1.8,1.65,1.65,2200,35525,31100,weekly,2021-5-20T21:00:00.000,options,put
140,1621511100000,1.65,1.7,1.65,1.7,975,35525,31100,weekly,2021-5-20T21:00:00.000,options,put
141,1621511340000,1.65,1.75,1.65,1.65,425,35375,31100,weekly,2021-5-20T21:00:00.000,options,put
142,1621511400000,1.7,1.7,1.65,1.65,100,35375,31100,weekly,2021-5-20T21:00:00.000,options,put
143,1621511460000,1.7,1.7,1.65,1.7,150,35275,31100,weekly,2021-5-20T21:00:00.000,options,put
144,1621511520000,1.7,1.7,1.65,1.65,750,35275,31100,weekly,2021-5-20T21:00:00.000,options,put
145,1621511580000,1.6,1.65,1.6,1.65,250,35275,31100,weekly,2021-5-20T21:00:00.000,options,put
146,1621511640000,1.65,1.7,1.65,1.65,300,35250,31100,weekly,2021-5-20T21:00:00.000,options,put
147,1621511700000,1.65,1.65,1.6,1.65,325,35250,31100,weekly,2021-5-20T21:00:00.000,options,put
148,1621511760000,1.6,1.6,1.6,1.6,175,35250,31100,weekly,2021-5-20T21:00:00.000,options,put
149,1621511820000,1.7,1.7,1.6,1.6,425,35250,31100,weekly,2021-5-20T21:00:00.000,options,put
150,1621511880000,1.6,1.6,1.55,1.55,250,35250,31100,weekly,2021-5-20T21:00:00.000,options,put
151,1621511940000,1.55,1.65,1.5,1.55,775,35250,31100,weekly,2021-5-20T21:00:00.000,options,put
152,1621512000000,1.5,1.65,1.45,1.5,1450,35200,31100,weekly,2021-5-20T21:00:00.000,options,put
153,1621512060000,1.5,1.55,1.45,1.55,1050,35200,31100,weekly,2021-5-20T21:00:00.000,options,put
154,1621512120000,1.45,1.45,1.4,1.4,550,35200,31100,weekly,2021-5-20T21:00:00.000,options,put
155,1621512180000,1.4,1.4,1.4,1.4,175,35300,31100,weekly,2021-5-20T21:00:00.000,options,put
156,1621512240000,1.4,1.4,1.3,1.35,525,35300,31100,weekly,2021-5-20T21:00:00.000,options,put
157,1621512300000,1.3,1.35,1.3,1.35,150,35300,31100,weekly,2021-5-20T21:00:00.000,options,put
158,1621512360000,1.3,1.45,1.3,1.45,1175,35725,31100,weekly,2021-5-20T21:00:00.000,options,put
159,1621512420000,1.35,1.45,1.35,1.35,1200,35725,31100,weekly,2021-5-20T21:00:00.000,options,put
160,1621512480000,1.35,1.35,1.35,1.35,50,35725,31100,weekly,2021-5-20T21:00:00.000,options,put
161,1621512540000,1.35,1.35,1.3,1.3,325,35775,31100,weekly,2021-5-20T21:00:00.000,options,put
162,1621512600000,1.35,1.35,1.3,1.3,200,35775,31100,weekly,2021-5-20T21:00:00.000,options,put
163,1621512660000,1.3,1.3,1.3,1.3,1600,35775,31100,weekly,2021-5-20T21:00:00.000,options,put
164,1621512720000,1.35,1.35,1.3,1.35,325,36225,31100,weekly,2021-5-20T21:00:00.000,options,put
165,1621512780000,1.25,1.25,1.25,1.25,625,36225,31100,weekly,2021-5-20T21:00:00.000,options,put
166,1621512840000,1.3,1.3,1.1,1.15,4375,36225,31100,weekly,2021-5-20T21:00:00.000,options,put
167,1621512900000,1.3,1.3,1.25,1.25,2750,34500,31100,weekly,2021-5-20T21:00:00.000,options,put
168,1621512960000,1.3,1.3,1.3,1.3,125,34500,31100,weekly,2021-5-20T21:00:00.000,options,put
169,1621513020000,1.25,1.3,1.25,1.3,175,34500,31100,weekly,2021-5-20T21:00:00.000,options,put
170,1621513080000,1.25,1.3,1.25,1.3,250,35275,31100,weekly,2021-5-20T21:00:00.000,options,put
171,1621513140000,1.25,1.3,1.25,1.25,500,35275,31100,weekly,2021-5-20T21:00:00.000,options,put
172,1621513200000,1.25,1.35,1.1,1.1,2775,35275,31100,weekly,2021-5-20T21:00:00.000,options,put
173,1621513260000,1.1,1.15,1.0,1.0,2150,35150,31100,weekly,2021-5-20T21:00:00.000,options,put
174,1621513320000,1.0,1.1,1.0,1.0,600,35150,31100,weekly,2021-5-20T21:00:00.000,options,put
175,1621513380000,1.0,1.05,1.0,1.05,200,35150,31100,weekly,2021-5-20T21:00:00.000,options,put
176,1621513440000,1.1,1.15,1.1,1.15,475,34600,31100,weekly,2021-5-20T21:00:00.000,options,put
177,1621513500000,1.15,1.25,1.15,1.25,1300,34600,31100,weekly,2021-5-20T21:00:00.000,options,put
178,1621513560000,1.25,1.3,1.25,1.25,375,34600,31100,weekly,2021-5-20T21:00:00.000,options,put
179,1621513620000,1.3,1.35,1.25,1.25,875,34825,31100,weekly,2021-5-20T21:00:00.000,options,put
180,1621513680000,1.35,1.6,1.35,1.45,1375,34825,31100,weekly,2021-5-20T21:00:00.000,options,put
181,1621513740000,1.45,1.65,1.4,1.65,2750,34825,31100,weekly,2021-5-20T21:00:00.000,options,put
182,1621513800000,1.55,1.6,1.4,1.55,2925,35025,31100,weekly,2021-5-20T21:00:00.000,options,put
183,1621513860000,1.6,1.8,1.5,1.65,2125,35025,31100,weekly,2021-5-20T21:00:00.000,options,put
184,1621513920000,1.65,1.7,1.45,1.45,1875,35025,31100,weekly,2021-5-20T21:00:00.000,options,put
185,1621513980000,1.45,1.45,1.35,1.4,1350,36900,31100,weekly,2021-5-20T21:00:00.000,options,put
186,1621514040000,1.4,1.4,1.3,1.35,750,36900,31100,weekly,2021-5-20T21:00:00.000,options,put
187,1621514100000,1.35,1.4,1.35,1.4,500,36900,31100,weekly,2021-5-20T21:00:00.000,options,put
188,1621514160000,1.35,1.35,1.3,1.35,925,35575,31100,weekly,2021-5-20T21:00:00.000,options,put
189,1621514220000,1.3,1.35,1.3,1.35,750,35575,31100,weekly,2021-5-20T21:00:00.000,options,put
190,1621514280000,1.35,1.35,1.3,1.3,825,35575,31100,weekly,2021-5-20T21:00:00.000,options,put
191,1621514340000,1.3,1.35,1.25,1.25,1450,34850,31100,weekly,2021-5-20T21:00:00.000,options,put
192,1621514400000,1.3,1.3,1.25,1.25,900,34850,31100,weekly,2021-5-20T21:00:00.000,options,put
193,1621514460000,1.25,1.25,1.2,1.2,1400,34850,31100,weekly,2021-5-20T21:00:00.000,options,put
194,1621514520000,1.25,1.3,1.25,1.25,375,32850,31100,weekly,2021-5-20T21:00:00.000,options,put
195,1621514580000,1.25,1.25,1.2,1.25,550,32850,31100,weekly,2021-5-20T21:00:00.000,options,put
196,1621514640000,1.25,1.25,1.2,1.2,550,32850,31100,weekly,2021-5-20T21:00:00.000,options,put
197,1621514700000,1.15,1.3,1.15,1.2,900,32550,31100,weekly,2021-5-20T21:00:00.000,options,put
198,1621514760000,1.2,1.25,1.2,1.2,225,32550,31100,weekly,2021-5-20T21:00:00.000,options,put
199,1621514820000,1.25,1.3,1.25,1.25,600,32550,31100,weekly,2021-5-20T21:00:00.000,options,put
200,1621514880000,1.25,1.35,1.25,1.3,950,31975,31100,weekly,2021-5-20T21:00:00.000,options,put
201,1621514940000,1.3,1.3,1.2,1.2,675,31975,31100,weekly,2021-5-20T21:00:00.000,options,put
202,1621515000000,1.2,1.2,1.2,1.2,1200,31975,31100,weekly,2021-5-20T21:00:00.000,options,put
203,1621515060000,1.2,1.2,1.2,1.2,275,32425,31100,weekly,2021-5-20T21:00:00.000,options,put
204,1621515120000,1.2,1.2,1.15,1.15,50,32425,31100,weekly,2021-5-20T21:00:00.000,options,put
205,1621515180000,1.15,1.15,1.15,1.15,675,32425,31100,weekly,2021-5-20T21:00:00.000,options,put
206,1621515240000,1.15,1.15,1.15,1.15,150,32475,31100,weekly,2021-5-20T21:00:00.000,options,put
207,1621515300000,1.15,1.25,1.15,1.25,600,32475,31100,weekly,2021-5-20T21:00:00.000,options,put
208,1621515360000,1.15,1.3,1.15,1.3,250,32475,31100,weekly,2021-5-20T21:00:00.000,options,put
209,1621515420000,1.25,1.3,1.2,1.25,1600,32350,31100,weekly,2021-5-20T21:00:00.000,options,put
210,1621515480000,1.25,1.25,1.2,1.25,425,32350,31100,weekly,2021-5-20T21:00:00.000,options,put
211,1621515540000,1.25,1.3,1.25,1.3,775,32350,31100,weekly,2021-5-20T21:00:00.000,options,put
212,1621515600000,1.3,1.35,1.2,1.2,1175,32125,31100,weekly,2021-5-20T21:00:00.000,options,put
213,1621515660000,1.15,1.2,1.1,1.2,1575,32125,31100,weekly,2021-5-20T21:00:00.000,options,put
214,1621515720000,1.2,1.2,1.2,1.2,50,32125,31100,weekly,2021-5-20T21:00:00.000,options,put
215,1621515780000,1.15,1.15,1.05,1.1,1425,31350,31100,weekly,2021-5-20T21:00:00.000,options,put
216,1621515840000,1.2,1.2,1.1,1.1,300,31350,31100,weekly,2021-5-20T21:00:00.000,options,put
217,1621515900000,1.1,1.25,1.1,1.25,425,31350,31100,weekly,2021-5-20T21:00:00.000,options,put
218,1621515960000,1.2,1.25,1.15,1.15,625,32050,31100,weekly,2021-5-20T21:00:00.000,options,put
219,1621516020000,1.15,1.25,1.15,1.2,600,32050,31100,weekly,2021-5-20T21:00:00.000,options,put
220,1621516080000,1.2,1.2,1.2,1.2,125,32050,31100,weekly,2021-5-20T21:00:00.000,options,put
221,1621516140000,1.2,1.25,1.2,1.25,150,31925,31100,weekly,2021-5-20T21:00:00.000,options,put
222,1621516200000,1.25,1.25,1.2,1.2,850,31925,31100,weekly,2021-5-20T21:00:00.000,options,put
223,1621516260000,1.25,1.25,1.2,1.2,975,31925,31100,weekly,2021-5-20T21:00:00.000,options,put
224,1621516320000,1.25,1.25,1.25,1.25,400,31550,31100,weekly,2021-5-20T21:00:00.000,options,put
225,1621516380000,1.25,1.35,1.25,1.3,1100,31550,31100,weekly,2021-5-20T21:00:00.000,options,put
226,1621516440000,1.25,1.35,1.25,1.25,325,31550,31100,weekly,2021-5-20T21:00:00.000,options,put
227,1621516500000,1.3,1.35,1.25,1.35,1375,31200,31100,weekly,2021-5-20T21:00:00.000,options,put
228,1621516560000,1.35,1.4,1.3,1.4,525,31200,31100,weekly,2021-5-20T21:00:00.000,options,put
229,1621516620000,1.3,1.3,1.3,1.3,1525,31200,31100,weekly,2021-5-20T21:00:00.000,options,put
230,1621516680000,1.3,1.3,1.3,1.3,425,31675,31100,weekly,2021-5-20T21:00:00.000,options,put
231,1621516740000,1.3,1.3,1.3,1.3,175,31675,31100,weekly,2021-5-20T21:00:00.000,options,put
232,1621516800000,1.25,1.3,1.25,1.3,375,31675,31100,weekly,2021-5-20T21:00:00.000,options,put
233,1621516860000,1.3,1.3,1.3,1.3,150,31625,31100,weekly,2021-5-20T21:00:00.000,options,put
234,1621516920000,1.25,1.3,1.15,1.2,3000,31625,31100,weekly,2021-5-20T21:00:00.000,options,put
235,1621516980000,1.2,1.25,1.2,1.2,125,31625,31100,weekly,2021-5-20T21:00:00.000,options,put
236,1621517040000,1.2,1.25,1.2,1.25,525,31625,31100,weekly,2021-5-20T21:00:00.000,options,put
237,1621517100000,1.25,1.3,1.25,1.25,950,32250,31100,weekly,2021-5-20T21:00:00.000,options,put
238,1621517160000,1.25,1.25,1.2,1.2,525,32250,31100,weekly,2021-5-20T21:00:00.000,options,put
239,1621517220000,1.2,1.2,1.15,1.2,950,31675,31100,weekly,2021-5-20T21:00:00.000,options,put
240,1621517280000,1.2,1.2,1.2,1.2,25,31675,31100,weekly,2021-5-20T21:00:00.000,options,put
241,1621517340000,1.2,1.25,1.2,1.2,425,31675,31100,weekly,2021-5-20T21:00:00.000,options,put
242,1621517400000,1.25,1.3,1.15,1.2,3775,30825,31100,weekly,2021-5-20T21:00:00.000,options,put
243,1621517460000,1.15,1.25,1.15,1.15,450,30825,31100,weekly,2021-5-20T21:00:00.000,options,put
244,1621517520000,1.15,1.15,1.1,1.1,150,30825,31100,weekly,2021-5-20T21:00:00.000,options,put
245,1621517640000,1.15,1.15,1.15,1.15,100,31050,31100,weekly,2021-5-20T21:00:00.000,options,put
246,1621517700000,1.15,1.2,1.1,1.15,175,31125,31100,weekly,2021-5-20T21:00:00.000,options,put
247,1621517760000,1.15,1.15,1.1,1.1,75,31125,31100,weekly,2021-5-20T21:00:00.000,options,put
248,1621517820000,1.1,1.2,1.1,1.1,400,31125,31100,weekly,2021-5-20T21:00:00.000,options,put
249,1621517880000,1.1,1.15,1.05,1.15,2450,31125,31100,weekly,2021-5-20T21:00:00.000,options,put
250,1621517940000,1.15,1.15,1.1,1.1,125,29800,31100,weekly,2021-5-20T21:00:00.000,options,put
251,1621518000000,1.1,1.1,1.1,1.1,375,29800,31100,weekly,2021-5-20T21:00:00.000,options,put
252,1621518060000,1.05,1.05,1.05,1.05,100,29800,31100,weekly,2021-5-20T21:00:00.000,options,put
253,1621518120000,1.1,1.15,1.05,1.05,1150,30800,31100,weekly,2021-5-20T21:00:00.000,options,put
254,1621518180000,1.05,1.05,0.95,0.95,625,30800,31100,weekly,2021-5-20T21:00:00.000,options,put
255,1621518240000,0.95,0.95,0.95,0.95,200,30800,31100,weekly,2021-5-20T21:00:00.000,options,put
256,1621518300000,1.0,1.05,0.95,1.0,2125,30025,31100,weekly,2021-5-20T21:00:00.000,options,put
257,1621518360000,1.05,1.05,0.95,1.0,750,30025,31100,weekly,2021-5-20T21:00:00.000,options,put
258,1621518420000,1.0,1.1,0.95,1.05,1450,30025,31100,weekly,2021-5-20T21:00:00.000,options,put
259,1621518480000,1.1,1.15,1.05,1.1,3775,30400,31100,weekly,2021-5-20T21:00:00.000,options,put
260,1621518540000,1.15,1.2,1.1,1.15,4025,30400,31100,weekly,2021-5-20T21:00:00.000,options,put
261,1621518600000,1.15,1.15,1.1,1.1,675,30400,31100,weekly,2021-5-20T21:00:00.000,options,put
262,1621518660000,1.1,1.1,1.05,1.05,900,31200,31100,weekly,2021-5-20T21:00:00.000,options,put
263,1621518720000,1.1,1.1,1.05,1.1,425,31200,31100,weekly,2021-5-20T21:00:00.000,options,put
264,1621518780000,1.05,1.2,1.05,1.2,4725,31200,31100,weekly,2021-5-20T21:00:00.000,options,put
265,1621518840000,1.15,1.25,1.15,1.15,1350,30375,31100,weekly,2021-5-20T21:00:00.000,options,put
266,1621518900000,1.1,1.2,1.05,1.1,1725,30375,31100,weekly,2021-5-20T21:00:00.000,options,put
267,1621518960000,1.05,1.1,1.05,1.1,425,30375,31100,weekly,2021-5-20T21:00:00.000,options,put
268,1621519020000,1.05,1.1,1.05,1.05,500,30375,31100,weekly,2021-5-20T21:00:00.000,options,put
269,1621519080000,1.0,1.15,1.0,1.05,500,30325,31100,weekly,2021-5-20T21:00:00.000,options,put
270,1621519140000,1.05,1.1,1.05,1.1,700,30325,31100,weekly,2021-5-20T21:00:00.000,options,put
271,1621519200000,1.1,1.15,1.1,1.1,475,30025,31100,weekly,2021-5-20T21:00:00.000,options,put
272,1621519260000,1.1,1.15,1.05,1.05,950,30025,31100,weekly,2021-5-20T21:00:00.000,options,put
273,1621519320000,1.05,1.35,1.0,1.25,2775,30025,31100,weekly,2021-5-20T21:00:00.000,options,put
274,1621519380000,1.3,1.3,1.2,1.2,3350,30600,31100,weekly,2021-5-20T21:00:00.000,options,put
275,1621519440000,1.2,1.2,1.0,1.0,2400,30600,31100,weekly,2021-5-20T21:00:00.000,options,put
276,1621519500000,1.0,1.0,0.9,0.9,2025,30600,31100,weekly,2021-5-20T21:00:00.000,options,put
277,1621519560000,0.95,0.95,0.8,0.9,2650,29775,31100,weekly,2021-5-20T21:00:00.000,options,put
278,1621519620000,0.9,0.9,0.8,0.85,1400,29775,31100,weekly,2021-5-20T21:00:00.000,options,put
279,1621519680000,0.9,0.9,0.75,0.8,950,29775,31100,weekly,2021-5-20T21:00:00.000,options,put
280,1621519740000,0.8,0.85,0.75,0.85,275,28800,31100,weekly,2021-5-20T21:00:00.000,options,put
281,1621519800000,0.85,0.9,0.75,0.9,650,28800,31100,weekly,2021-5-20T21:00:00.000,options,put
282,1621519860000,0.85,0.85,0.75,0.8,500,28800,31100,weekly,2021-5-20T21:00:00.000,options,put
283,1621519920000,0.8,0.85,0.8,0.8,75,28800,31100,weekly,2021-5-20T21:00:00.000,options,put
284,1621519980000,0.75,0.8,0.75,0.75,50,28925,31100,weekly,2021-5-20T21:00:00.000,options,put
285,1621520040000,0.75,0.8,0.75,0.8,200,28925,31100,weekly,2021-5-20T21:00:00.000,options,put
286,1621520100000,0.75,0.85,0.75,0.85,1100,28900,31100,weekly,2021-5-20T21:00:00.000,options,put
287,1621520160000,0.8,1.0,0.8,0.8,2250,28900,31100,weekly,2021-5-20T21:00:00.000,options,put
288,1621520220000,0.8,0.85,0.8,0.85,50,28900,31100,weekly,2021-5-20T21:00:00.000,options,put
289,1621520280000,0.85,0.9,0.65,0.85,2750,28900,31100,weekly,2021-5-20T21:00:00.000,options,put
290,1621520340000,0.8,0.9,0.75,0.85,1650,28900,31100,weekly,2021-5-20T21:00:00.000,options,put
291,1621520400000,0.85,0.85,0.75,0.8,475,28900,31100,weekly,2021-5-20T21:00:00.000,options,put
292,1621520460000,0.8,0.85,0.8,0.8,700,28325,31100,weekly,2021-5-20T21:00:00.000,options,put
293,1621520520000,0.8,0.9,0.8,0.85,500,28325,31100,weekly,2021-5-20T21:00:00.000,options,put
294,1621520580000,0.8,0.8,0.8,0.8,200,28325,31100,weekly,2021-5-20T21:00:00.000,options,put
295,1621520640000,0.8,0.8,0.75,0.8,800,28525,31100,weekly,2021-5-20T21:00:00.000,options,put
296,1621520700000,0.75,0.85,0.7,0.7,550,28525,31100,weekly,2021-5-20T21:00:00.000,options,put
297,1621520760000,0.75,0.75,0.65,0.75,1800,28525,31100,weekly,2021-5-20T21:00:00.000,options,put
298,1621520820000,0.75,0.8,0.65,0.65,875,28650,31100,weekly,2021-5-20T21:00:00.000,options,put
299,1621520880000,0.65,0.7,0.6,0.65,1100,28650,31100,weekly,2021-5-20T21:00:00.000,options,put
300,1621520940000,0.65,0.7,0.6,0.7,1425,28650,31100,weekly,2021-5-20T21:00:00.000,options,put
301,1621521000000,0.7,0.7,0.65,0.7,600,28150,31100,weekly,2021-5-20T21:00:00.000,options,put
302,1621521060000,0.75,0.95,0.65,0.75,1950,28150,31100,weekly,2021-5-20T21:00:00.000,options,put
303,1621521120000,0.75,0.85,0.7,0.7,900,28150,31100,weekly,2021-5-20T21:00:00.000,options,put
304,1621521180000,0.7,0.8,0.7,0.75,1725,28675,31100,weekly,2021-5-20T21:00:00.000,options,put
305,1621521240000,0.7,0.7,0.65,0.65,1275,28675,31100,weekly,2021-5-20T21:00:00.000,options,put
306,1621521300000,0.65,0.65,0.55,0.6,125,28675,31100,weekly,2021-5-20T21:00:00.000,options,put
307,1621521360000,0.6,0.65,0.55,0.6,1675,28125,31100,weekly,2021-5-20T21:00:00.000,options,put
308,1621521420000,0.6,0.65,0.6,0.6,925,28125,31100,weekly,2021-5-20T21:00:00.000,options,put
309,1621521480000,0.6,0.6,0.5,0.6,675,28125,31100,weekly,2021-5-20T21:00:00.000,options,put
310,1621521540000,0.65,0.9,0.65,0.8,650,28700,31100,weekly,2021-5-20T21:00:00.000,options,put
311,1621521600000,0.85,0.9,0.7,0.8,2875,28700,31100,weekly,2021-5-20T21:00:00.000,options,put
312,1621521660000,0.8,0.85,0.7,0.75,1975,28700,31100,weekly,2021-5-20T21:00:00.000,options,put
313,1621521720000,0.75,0.8,0.7,0.7,400,28800,31100,weekly,2021-5-20T21:00:00.000,options,put
314,1621521780000,0.7,0.8,0.7,0.75,900,28800,31100,weekly,2021-5-20T21:00:00.000,options,put
315,1621521840000,0.75,0.75,0.65,0.65,1775,28800,31100,weekly,2021-5-20T21:00:00.000,options,put
316,1621521900000,0.7,0.8,0.6,0.65,850,28450,31100,weekly,2021-5-20T21:00:00.000,options,put
317,1621521960000,0.65,0.65,0.55,0.55,525,28450,31100,weekly,2021-5-20T21:00:00.000,options,put
318,1621522020000,0.55,0.6,0.55,0.55,1825,28450,31100,weekly,2021-5-20T21:00:00.000,options,put
319,1621522080000,0.55,0.55,0.45,0.45,1850,28375,31100,weekly,2021-5-20T21:00:00.000,options,put
320,1621522140000,0.5,0.5,0.45,0.45,150,28375,31100,weekly,2021-5-20T21:00:00.000,options,put
321,1621522200000,0.45,0.5,0.45,0.45,950,28375,31100,weekly,2021-5-20T21:00:00.000,options,put
322,1621522260000,0.45,0.45,0.4,0.4,1500,28100,31100,weekly,2021-5-20T21:00:00.000,options,put
323,1621522440000,0.4,0.4,0.4,0.4,50,28050,31100,weekly,2021-5-20T21:00:00.000,options,put
324,1621522500000,0.4,0.45,0.25,0.45,525,28050,31100,weekly,2021-5-20T21:00:00.000,options,put
325,1621522560000,0.25,0.25,0.25,0.25,75,28050,31100,weekly,2021-5-20T21:00:00.000,options,put
326,1621522680000,0.3,0.3,0.3,0.3,50,28275,31100,weekly,2021-5-20T21:00:00.000,options,put
327,1621522740000,0.45,0.5,0.4,0.45,1250,28275,31100,weekly,2021-5-20T21:00:00.000,options,put
328,1621522800000,0.55,0.55,0.25,0.5,925,28275,31100,weekly,2021-5-20T21:00:00.000,options,put
329,1621522860000,0.55,0.55,0.35,0.5,800,28775,31100,weekly,2021-5-20T21:00:00.000,options,put
330,1621522920000,0.45,0.5,0.4,0.45,550,28775,31100,weekly,2021-5-20T21:00:00.000,options,put
331,1621522980000,0.4,0.5,0.4,0.4,525,29225,31100,weekly,2021-5-20T21:00:00.000,options,put
332,1621523040000,0.4,0.45,0.4,0.4,425,29225,31100,weekly,2021-5-20T21:00:00.000,options,put
333,1621523100000,0.45,0.5,0.35,0.35,2700,29225,31100,weekly,2021-5-20T21:00:00.000,options,put
334,1621523160000,0.35,0.45,0.35,0.45,375,29075,31100,weekly,2021-5-20T21:00:00.000,options,put
335,1621523220000,0.45,0.45,0.45,0.45,250,29075,31100,weekly,2021-5-20T21:00:00.000,options,put
336,1621523280000,0.3,0.3,0.25,0.25,2300,29075,31100,weekly,2021-5-20T21:00:00.000,options,put
337,1621523400000,0.25,0.25,0.2,0.2,275,28950,31100,weekly,2021-5-20T21:00:00.000,options,put
338,1621523460000,0.2,0.25,0.2,0.25,2000,28950,31100,weekly,2021-5-20T21:00:00.000,options,put
339,1621523520000,0.25,0.35,0.1,0.1,3025,27775,31100,weekly,2021-5-20T21:00:00.000,options,put
340,1621523580000,0.1,0.2,0.1,0.1,925,27775,31100,weekly,2021-5-20T21:00:00.000,options,put
341,1621523640000,0.1,0.1,0.1,0.1,350,27775,31100,weekly,2021-5-20T21:00:00.000,options,put
342,1621523700000,0.05,0.05,0.05,0.05,1000,25225,31100,weekly,2021-5-20T21:00:00.000,options,put
343,1621523760000,0.1,0.1,0.05,0.05,2250,26225,31100,weekly,2021-5-20T21:00:00.000,options,put
344,1621524000000,0.05,0.1,0.05,0.1,1675,26225,31100,weekly,2021-5-20T21:00:00.000,options,put
345,1621524060000,0.15,0.15,0.15,0.15,350,26225,31100,weekly,2021-5-20T21:00:00.000,options,put
346,1621524180000,0.05,0.05,0.05,0.05,75,26700,31100,weekly,2021-5-20T21:00:00.000,options,put
347,1621524240000,0.05,0.05,0.05,0.05,25,26700,31100,weekly,2021-5-20T21:00:00.000,options,put
348,1621524300000,0.05,0.05,0.05,0.05,725,26700,31100,weekly,2021-5-20T21:00:00.000,options,put
349,1621524360000,0.05,0.05,0.05,0.05,75,26700,31100,weekly,2021-5-20T21:00:00.000,options,put
350,1621524420000,0.05,0.05,0.05,0.05,275,26700,31100,weekly,2021-5-20T21:00:00.000,options,put
351,1621524480000,0.05,0.1,0.05,0.1,275,26525,31100,weekly,2021-5-20T21:00:00.000,options,put
352,1621524540000,0.15,0.25,0.05,0.05,1200,26525,31100,weekly,2021-5-20T21:00:00.000,options,put
