,timestamp,open,high,low,close,volume,open_interest,strike,expiry_type,expiry,instrument,contract_type
0,1605757440000,530.75,530.75,454.65,467.1,275,,29000,weekly,2020-12-3T21:00:00.000,options,put
1,1605757500000,467.1,520.3,467.1,503.9,75,,29000,weekly,2020-12-3T21:00:00.000,options,put
2,1605757560000,503.9,505.9,491.7,502.1,325,,29000,weekly,2020-12-3T21:00:00.000,options,put
3,1605757620000,502.1,531.2,502.1,511.0,200,,29000,weekly,2020-12-3T21:00:00.000,options,put
4,1605757680000,511.0,519.0,511.0,519.0,25,,29000,weekly,2020-12-3T21:00:00.000,options,put
5,1605757740000,519.0,523.0,512.95,514.3,125,,29000,weekly,2020-12-3T21:00:00.000,options,put
6,1605757800000,514.3,514.3,502.7,503.65,275,,29000,weekly,2020-12-3T21:00:00.000,options,put
7,1605757860000,503.65,515.0,503.65,515.0,25,,29000,weekly,2020-12-3T21:00:00.000,options,put
8,1605757920000,515.0,515.0,510.0,515.0,50,,29000,weekly,2020-12-3T21:00:00.000,options,put
9,1605757980000,515.0,515.0,495.0,500.0,475,,29000,weekly,2020-12-3T21:00:00.000,options,put
10,1605758040000,500.0,501.85,498.0,498.0,75,,29000,weekly,2020-12-3T21:00:00.000,options,put
11,1605758100000,498.0,503.95,495.0,495.0,600,,29000,weekly,2020-12-3T21:00:00.000,options,put
12,1605758160000,495.0,495.0,492.0,492.0,25,,29000,weekly,2020-12-3T21:00:00.000,options,put
13,1605758280000,490.0,492.0,490.0,490.0,50,,29000,weekly,2020-12-3T21:00:00.000,options,put
14,1605758340000,490.0,500.2,490.0,500.2,25,,29000,weekly,2020-12-3T21:00:00.000,options,put
15,1605758460000,500.2,500.2,458.35,496.75,700,,29000,weekly,2020-12-3T21:00:00.000,options,put
16,1605758520000,496.75,496.75,487.45,487.45,50,,29000,weekly,2020-12-3T21:00:00.000,options,put
17,1605758580000,487.45,487.45,477.85,477.85,50,,29000,weekly,2020-12-3T21:00:00.000,options,put
18,1605758640000,477.85,479.05,466.7,474.4,225,,29000,weekly,2020-12-3T21:00:00.000,options,put
19,1605758700000,474.4,476.35,474.0,476.35,75,,29000,weekly,2020-12-3T21:00:00.000,options,put
20,1605758820000,476.35,476.35,464.15,464.15,50,,29000,weekly,2020-12-3T21:00:00.000,options,put
21,1605758880000,464.15,469.7,460.05,460.1,200,,29000,weekly,2020-12-3T21:00:00.000,options,put
22,1605758940000,460.1,468.6,460.1,468.6,50,,29000,weekly,2020-12-3T21:00:00.000,options,put
23,1605759000000,463.0,468.6,451.3,451.3,200,,29000,weekly,2020-12-3T21:00:00.000,options,put
24,1605759060000,451.3,459.25,451.3,458.7,125,,29000,weekly,2020-12-3T21:00:00.000,options,put
25,1605759120000,458.7,458.7,444.9,446.85,375,,29000,weekly,2020-12-3T21:00:00.000,options,put
26,1605759180000,446.85,456.25,442.0,447.05,400,,29000,weekly,2020-12-3T21:00:00.000,options,put
27,1605759240000,447.05,460.45,447.05,460.45,175,,29000,weekly,2020-12-3T21:00:00.000,options,put
28,1605759300000,460.45,473.0,460.45,468.75,550,,29000,weekly,2020-12-3T21:00:00.000,options,put
29,1605759360000,468.75,468.75,464.7,464.7,25,,29000,weekly,2020-12-3T21:00:00.000,options,put
30,1605759420000,464.7,471.05,459.2,471.05,1175,,29000,weekly,2020-12-3T21:00:00.000,options,put
31,1605759480000,471.05,475.0,471.05,475.0,100,,29000,weekly,2020-12-3T21:00:00.000,options,put
32,1605759540000,475.0,487.15,475.0,484.55,2925,,29000,weekly,2020-12-3T21:00:00.000,options,put
33,1605759600000,484.55,484.55,475.0,475.45,5175,,29000,weekly,2020-12-3T21:00:00.000,options,put
34,1605759660000,475.45,475.45,471.05,471.05,10475,,29000,weekly,2020-12-3T21:00:00.000,options,put
35,1605759720000,471.05,488.95,470.0,470.0,4500,,29000,weekly,2020-12-3T21:00:00.000,options,put
36,1605759780000,470.0,470.0,460.05,460.05,1525,,29000,weekly,2020-12-3T21:00:00.000,options,put
37,1605759840000,460.05,462.4,460.05,462.4,25,,29000,weekly,2020-12-3T21:00:00.000,options,put
38,1605759900000,462.4,469.75,462.4,465.4,75,,29000,weekly,2020-12-3T21:00:00.000,options,put
39,1605759960000,465.4,472.15,465.4,468.5,175,,29000,weekly,2020-12-3T21:00:00.000,options,put
40,1605760020000,468.5,476.85,468.5,476.85,625,,29000,weekly,2020-12-3T21:00:00.000,options,put
41,1605760080000,476.85,476.85,472.55,474.15,100,,29000,weekly,2020-12-3T21:00:00.000,options,put
42,1605760140000,474.05,480.55,470.0,480.55,950,,29000,weekly,2020-12-3T21:00:00.000,options,put
43,1605760200000,477.85,490.0,474.8,483.6,1200,,29000,weekly,2020-12-3T21:00:00.000,options,put
44,1605760260000,483.6,483.6,475.0,481.25,500,,29000,weekly,2020-12-3T21:00:00.000,options,put
45,1605760320000,481.25,481.25,471.75,474.25,75,,29000,weekly,2020-12-3T21:00:00.000,options,put
46,1605760380000,474.25,478.95,474.25,477.05,50,,29000,weekly,2020-12-3T21:00:00.000,options,put
47,1605760440000,477.05,484.7,475.0,483.45,700,,29000,weekly,2020-12-3T21:00:00.000,options,put
48,1605760500000,483.45,483.45,468.3,468.3,200,,29000,weekly,2020-12-3T21:00:00.000,options,put
49,1605760560000,468.3,470.4,465.45,467.95,625,,29000,weekly,2020-12-3T21:00:00.000,options,put
50,1605760620000,467.95,467.95,463.9,464.15,150,,29000,weekly,2020-12-3T21:00:00.000,options,put
51,1605760680000,464.15,472.4,460.55,468.05,500,,29000,weekly,2020-12-3T21:00:00.000,options,put
52,1605760740000,468.05,471.2,465.0,471.2,225,,29000,weekly,2020-12-3T21:00:00.000,options,put
53,1605760800000,471.2,471.2,457.0,463.5,75,,29000,weekly,2020-12-3T21:00:00.000,options,put
54,1605760860000,463.5,467.0,462.45,467.0,100,,29000,weekly,2020-12-3T21:00:00.000,options,put
55,1605760920000,467.0,467.55,467.0,467.55,250,,29000,weekly,2020-12-3T21:00:00.000,options,put
56,1605761040000,467.55,475.25,467.55,475.25,150,,29000,weekly,2020-12-3T21:00:00.000,options,put
57,1605761100000,475.25,481.0,475.25,481.0,75,,29000,weekly,2020-12-3T21:00:00.000,options,put
58,1605761280000,481.0,481.0,474.55,474.95,150,,29000,weekly,2020-12-3T21:00:00.000,options,put
59,1605761340000,474.95,474.95,471.5,471.5,25,,29000,weekly,2020-12-3T21:00:00.000,options,put
60,1605761400000,471.5,471.5,470.4,470.4,50,,29000,weekly,2020-12-3T21:00:00.000,options,put
61,1605761460000,470.4,482.05,467.8,482.05,75,,29000,weekly,2020-12-3T21:00:00.000,options,put
62,1605761520000,482.05,482.05,465.1,465.1,75,,29000,weekly,2020-12-3T21:00:00.000,options,put
63,1605761760000,465.1,465.1,462.0,463.75,100,,29000,weekly,2020-12-3T21:00:00.000,options,put
64,1605761820000,463.75,465.95,463.75,465.95,25,,29000,weekly,2020-12-3T21:00:00.000,options,put
65,1605761880000,465.95,469.3,465.3,468.0,550,,29000,weekly,2020-12-3T21:00:00.000,options,put
66,1605761940000,468.0,472.1,467.95,469.2,250,,29000,weekly,2020-12-3T21:00:00.000,options,put
67,1605762000000,469.2,471.25,469.2,471.25,25,,29000,weekly,2020-12-3T21:00:00.000,options,put
68,1605762060000,471.25,475.6,471.25,475.6,150,,29000,weekly,2020-12-3T21:00:00.000,options,put
69,1605762120000,469.9,476.05,467.6,467.6,200,,29000,weekly,2020-12-3T21:00:00.000,options,put
70,1605762180000,467.6,467.6,460.0,460.0,25,,29000,weekly,2020-12-3T21:00:00.000,options,put
71,1605762360000,460.0,468.0,460.0,468.0,50,,29000,weekly,2020-12-3T21:00:00.000,options,put
72,1605762420000,468.0,468.35,462.65,468.35,100,,29000,weekly,2020-12-3T21:00:00.000,options,put
73,1605762480000,468.35,470.5,468.1,470.5,200,,29000,weekly,2020-12-3T21:00:00.000,options,put
74,1605762540000,470.5,526.9,470.5,494.8,725,,29000,weekly,2020-12-3T21:00:00.000,options,put
75,1605762600000,494.8,503.25,494.8,495.0,150,,29000,weekly,2020-12-3T21:00:00.000,options,put
76,1605762660000,495.0,507.2,495.0,501.5,500,,29000,weekly,2020-12-3T21:00:00.000,options,put
77,1605762720000,501.5,513.7,488.1,513.7,550,,29000,weekly,2020-12-3T21:00:00.000,options,put
78,1605762780000,513.7,513.7,500.0,500.0,125,,29000,weekly,2020-12-3T21:00:00.000,options,put
79,1605762840000,500.0,511.2,500.0,511.2,75,,29000,weekly,2020-12-3T21:00:00.000,options,put
80,1605762900000,511.2,511.2,498.0,498.0,50,,29000,weekly,2020-12-3T21:00:00.000,options,put
81,1605762960000,498.0,500.2,498.0,500.2,100,,29000,weekly,2020-12-3T21:00:00.000,options,put
82,1605763020000,500.2,503.95,500.2,502.0,75,,29000,weekly,2020-12-3T21:00:00.000,options,put
83,1605763080000,502.0,504.9,497.55,502.05,1100,,29000,weekly,2020-12-3T21:00:00.000,options,put
84,1605763140000,502.05,510.0,502.05,505.85,600,,29000,weekly,2020-12-3T21:00:00.000,options,put
85,1605763200000,505.85,516.3,505.85,516.3,375,,29000,weekly,2020-12-3T21:00:00.000,options,put
86,1605763260000,516.3,530.75,516.3,530.75,450,,29000,weekly,2020-12-3T21:00:00.000,options,put
87,1605763320000,530.75,533.6,526.2,533.55,675,,29000,weekly,2020-12-3T21:00:00.000,options,put
88,1605763380000,533.55,534.85,522.45,534.85,275,,29000,weekly,2020-12-3T21:00:00.000,options,put
89,1605763440000,534.85,535.85,521.1,521.1,225,,29000,weekly,2020-12-3T21:00:00.000,options,put
90,1605763500000,521.1,522.0,521.1,522.0,25,,29000,weekly,2020-12-3T21:00:00.000,options,put
91,1605763560000,522.0,525.0,522.0,525.0,200,,29000,weekly,2020-12-3T21:00:00.000,options,put
92,1605763620000,525.0,525.0,508.1,508.1,25,,29000,weekly,2020-12-3T21:00:00.000,options,put
93,1605763680000,508.1,509.0,508.1,509.0,75,,29000,weekly,2020-12-3T21:00:00.000,options,put
94,1605763740000,509.0,519.75,509.0,519.75,50,,29000,weekly,2020-12-3T21:00:00.000,options,put
95,1605763860000,519.75,519.75,509.9,509.9,25,,29000,weekly,2020-12-3T21:00:00.000,options,put
96,1605763920000,509.9,525.55,509.9,519.6,275,,29000,weekly,2020-12-3T21:00:00.000,options,put
97,1605763980000,519.6,525.0,518.85,518.95,200,,29000,weekly,2020-12-3T21:00:00.000,options,put
98,1605764040000,518.95,534.65,518.45,525.45,200,,29000,weekly,2020-12-3T21:00:00.000,options,put
99,1605764100000,525.45,525.45,512.2,512.2,125,,29000,weekly,2020-12-3T21:00:00.000,options,put
100,1605764160000,512.2,512.2,500.1,500.9,275,,29000,weekly,2020-12-3T21:00:00.000,options,put
101,1605764220000,500.9,500.9,496.55,496.55,150,,29000,weekly,2020-12-3T21:00:00.000,options,put
102,1605764280000,496.55,508.4,496.55,505.0,300,,29000,weekly,2020-12-3T21:00:00.000,options,put
103,1605764400000,505.0,505.0,488.5,488.5,300,,29000,weekly,2020-12-3T21:00:00.000,options,put
104,1605764580000,488.5,488.7,488.5,488.7,50,,29000,weekly,2020-12-3T21:00:00.000,options,put
105,1605764700000,488.7,492.4,488.7,490.0,300,,29000,weekly,2020-12-3T21:00:00.000,options,put
106,1605764760000,490.0,490.0,487.9,487.9,650,,29000,weekly,2020-12-3T21:00:00.000,options,put
107,1605764820000,487.9,488.0,482.0,482.0,1000,,29000,weekly,2020-12-3T21:00:00.000,options,put
108,1605764880000,482.0,485.0,481.3,485.0,3100,,29000,weekly,2020-12-3T21:00:00.000,options,put
109,1605764940000,485.0,485.0,480.45,480.5,250,,29000,weekly,2020-12-3T21:00:00.000,options,put
110,1605765000000,480.5,482.9,471.9,471.9,175,,29000,weekly,2020-12-3T21:00:00.000,options,put
111,1605765060000,471.9,474.85,471.9,474.35,200,,29000,weekly,2020-12-3T21:00:00.000,options,put
112,1605765120000,474.35,477.05,474.35,477.05,75,,29000,weekly,2020-12-3T21:00:00.000,options,put
113,1605765180000,477.05,477.05,472.25,473.55,200,,29000,weekly,2020-12-3T21:00:00.000,options,put
114,1605765240000,473.55,473.55,472.65,472.65,25,,29000,weekly,2020-12-3T21:00:00.000,options,put
115,1605765300000,472.65,475.3,472.65,475.3,100,,29000,weekly,2020-12-3T21:00:00.000,options,put
116,1605765360000,475.3,480.5,475.3,480.5,250,,29000,weekly,2020-12-3T21:00:00.000,options,put
117,1605765420000,480.5,482.0,480.5,482.0,25,,29000,weekly,2020-12-3T21:00:00.000,options,put
118,1605765480000,482.0,485.75,482.0,482.75,125,,29000,weekly,2020-12-3T21:00:00.000,options,put
119,1605765540000,482.75,487.25,482.75,486.9,125,,29000,weekly,2020-12-3T21:00:00.000,options,put
120,1605765660000,486.9,486.9,479.9,479.9,25,,29000,weekly,2020-12-3T21:00:00.000,options,put
121,1605765720000,479.9,479.9,474.3,474.3,250,,29000,weekly,2020-12-3T21:00:00.000,options,put
122,1605765780000,474.3,474.75,474.3,474.75,50,,29000,weekly,2020-12-3T21:00:00.000,options,put
123,1605765840000,474.75,478.65,474.75,478.65,2500,,29000,weekly,2020-12-3T21:00:00.000,options,put
124,1605765900000,478.65,478.65,478.65,478.65,200,,29000,weekly,2020-12-3T21:00:00.000,options,put
125,1605766020000,478.65,478.65,460.0,464.2,125,,29000,weekly,2020-12-3T21:00:00.000,options,put
126,1605766080000,464.2,464.2,415.15,451.05,2150,,29000,weekly,2020-12-3T21:00:00.000,options,put
127,1605766140000,451.05,451.05,448.8,448.8,75,,29000,weekly,2020-12-3T21:00:00.000,options,put
128,1605766200000,448.8,448.8,443.0,445.6,375,,29000,weekly,2020-12-3T21:00:00.000,options,put
129,1605766260000,445.6,453.3,445.6,453.3,25,,29000,weekly,2020-12-3T21:00:00.000,options,put
130,1605766320000,453.3,453.3,449.25,449.25,50,,29000,weekly,2020-12-3T21:00:00.000,options,put
131,1605766560000,449.25,457.5,449.25,457.5,75,,29000,weekly,2020-12-3T21:00:00.000,options,put
132,1605766680000,457.5,459.0,457.5,459.0,25,,29000,weekly,2020-12-3T21:00:00.000,options,put
133,1605766800000,459.0,459.3,459.0,459.3,50,,29000,weekly,2020-12-3T21:00:00.000,options,put
134,1605766920000,459.3,461.75,459.3,461.75,25,,29000,weekly,2020-12-3T21:00:00.000,options,put
135,1605767040000,461.75,461.75,451.4,451.4,125,,29000,weekly,2020-12-3T21:00:00.000,options,put
136,1605767100000,451.4,466.6,451.4,466.6,25,,29000,weekly,2020-12-3T21:00:00.000,options,put
137,1605767160000,466.6,466.75,466.6,466.75,25,,29000,weekly,2020-12-3T21:00:00.000,options,put
138,1605767280000,466.75,466.75,461.55,464.2,50,,29000,weekly,2020-12-3T21:00:00.000,options,put
139,1605767340000,464.2,464.2,462.3,462.3,50,,29000,weekly,2020-12-3T21:00:00.000,options,put
140,1605767400000,462.3,469.75,462.3,469.75,25,,29000,weekly,2020-12-3T21:00:00.000,options,put
141,1605767460000,469.75,474.0,464.3,474.0,150,,29000,weekly,2020-12-3T21:00:00.000,options,put
142,1605767520000,474.0,474.0,450.0,450.0,125,,29000,weekly,2020-12-3T21:00:00.000,options,put
143,1605767580000,450.0,474.0,450.0,471.95,450,,29000,weekly,2020-12-3T21:00:00.000,options,put
144,1605767640000,471.95,471.95,451.15,451.15,50,,29000,weekly,2020-12-3T21:00:00.000,options,put
145,1605767760000,451.15,452.0,451.15,452.0,25,,29000,weekly,2020-12-3T21:00:00.000,options,put
146,1605767820000,452.0,452.0,450.0,450.0,100,,29000,weekly,2020-12-3T21:00:00.000,options,put
147,1605767880000,450.0,450.0,450.0,450.0,25,,29000,weekly,2020-12-3T21:00:00.000,options,put
148,1605767940000,450.0,457.9,448.0,457.9,50,,29000,weekly,2020-12-3T21:00:00.000,options,put
149,1605768120000,457.9,457.9,443.8,443.8,25,,29000,weekly,2020-12-3T21:00:00.000,options,put
150,1605768180000,443.8,448.0,443.8,448.0,25,,29000,weekly,2020-12-3T21:00:00.000,options,put
151,1605768360000,448.0,460.0,448.0,460.0,100,,29000,weekly,2020-12-3T21:00:00.000,options,put
152,1605768420000,460.0,463.4,460.0,463.4,25,,29000,weekly,2020-12-3T21:00:00.000,options,put
153,1605768540000,463.4,463.4,455.0,455.0,25,,29000,weekly,2020-12-3T21:00:00.000,options,put
154,1605768600000,455.0,455.0,449.6,449.6,100,,29000,weekly,2020-12-3T21:00:00.000,options,put
155,1605768660000,449.6,449.6,441.35,444.9,100,,29000,weekly,2020-12-3T21:00:00.000,options,put
156,1605768780000,444.9,451.65,444.9,451.65,25,,29000,weekly,2020-12-3T21:00:00.000,options,put
157,1605768900000,448.0,448.0,440.0,440.0,75,,29000,weekly,2020-12-3T21:00:00.000,options,put
158,1605768960000,440.0,440.0,435.05,436.35,175,,29000,weekly,2020-12-3T21:00:00.000,options,put
159,1605769020000,436.35,441.05,436.35,441.05,100,,29000,weekly,2020-12-3T21:00:00.000,options,put
160,1605769080000,441.05,441.4,440.0,440.0,100,,29000,weekly,2020-12-3T21:00:00.000,options,put
161,1605769320000,440.0,450.0,440.0,450.0,100,,29000,weekly,2020-12-3T21:00:00.000,options,put
162,1605769440000,450.0,462.1,450.0,462.1,75,,29000,weekly,2020-12-3T21:00:00.000,options,put
163,1605769740000,462.1,462.1,442.0,442.0,50,,29000,weekly,2020-12-3T21:00:00.000,options,put
164,1605769800000,442.0,449.65,442.0,449.65,50,,29000,weekly,2020-12-3T21:00:00.000,options,put
165,1605769860000,449.65,451.0,448.0,450.45,200,,29000,weekly,2020-12-3T21:00:00.000,options,put
166,1605769920000,450.45,450.45,444.9,445.0,50,,29000,weekly,2020-12-3T21:00:00.000,options,put
167,1605769980000,445.0,450.0,445.0,450.0,50,,29000,weekly,2020-12-3T21:00:00.000,options,put
168,1605770040000,450.0,450.0,448.2,449.85,50,,29000,weekly,2020-12-3T21:00:00.000,options,put
169,1605770100000,449.85,449.85,448.55,449.75,50,,29000,weekly,2020-12-3T21:00:00.000,options,put
170,1605770160000,449.75,449.75,448.1,448.1,25,,29000,weekly,2020-12-3T21:00:00.000,options,put
171,1605770220000,448.1,449.85,448.1,448.9,50,,29000,weekly,2020-12-3T21:00:00.000,options,put
172,1605770280000,448.9,449.5,446.75,449.5,350,,29000,weekly,2020-12-3T21:00:00.000,options,put
173,1605770460000,449.5,461.25,449.5,459.9,150,,29000,weekly,2020-12-3T21:00:00.000,options,put
174,1605770520000,459.9,466.7,459.5,460.0,550,,29000,weekly,2020-12-3T21:00:00.000,options,put
175,1605770640000,460.0,462.05,460.0,462.0,375,,29000,weekly,2020-12-3T21:00:00.000,options,put
176,1605770820000,462.0,474.95,462.0,472.7,125,,29000,weekly,2020-12-3T21:00:00.000,options,put
177,1605770880000,472.7,488.15,471.8,486.55,275,,29000,weekly,2020-12-3T21:00:00.000,options,put
178,1605770940000,486.55,491.65,476.0,484.8,10575,,29000,weekly,2020-12-3T21:00:00.000,options,put
179,1605771000000,484.8,520.3,484.8,501.45,8550,,29000,weekly,2020-12-3T21:00:00.000,options,put
180,1605771060000,501.45,501.45,477.85,477.85,100,,29000,weekly,2020-12-3T21:00:00.000,options,put
181,1605771120000,477.85,485.5,477.0,480.35,425,,29000,weekly,2020-12-3T21:00:00.000,options,put
182,1605771180000,480.35,480.35,475.9,477.45,150,,29000,weekly,2020-12-3T21:00:00.000,options,put
183,1605771240000,477.45,480.9,468.8,468.8,350,,29000,weekly,2020-12-3T21:00:00.000,options,put
184,1605771300000,468.8,470.35,468.8,470.35,150,,29000,weekly,2020-12-3T21:00:00.000,options,put
185,1605771360000,466.9,474.75,466.9,474.75,425,,29000,weekly,2020-12-3T21:00:00.000,options,put
186,1605771420000,472.75,477.2,472.75,477.2,425,,29000,weekly,2020-12-3T21:00:00.000,options,put
187,1605771480000,477.2,479.35,475.7,475.75,200,,29000,weekly,2020-12-3T21:00:00.000,options,put
188,1605771540000,475.75,492.5,475.75,485.1,200,,29000,weekly,2020-12-3T21:00:00.000,options,put
189,1605771600000,482.6,485.0,480.75,485.0,175,,29000,weekly,2020-12-3T21:00:00.000,options,put
190,1605771660000,485.0,488.45,485.0,488.45,50,,29000,weekly,2020-12-3T21:00:00.000,options,put
191,1605771720000,488.45,488.45,482.0,483.8,275,,29000,weekly,2020-12-3T21:00:00.000,options,put
192,1605771780000,483.8,483.8,478.85,480.4,275,,29000,weekly,2020-12-3T21:00:00.000,options,put
193,1605771840000,480.4,482.05,479.8,479.8,50,,29000,weekly,2020-12-3T21:00:00.000,options,put
194,1605771900000,479.8,479.8,468.85,468.85,375,,29000,weekly,2020-12-3T21:00:00.000,options,put
195,1605772020000,468.85,473.7,468.85,473.7,25,,29000,weekly,2020-12-3T21:00:00.000,options,put
196,1605772140000,473.7,473.7,471.05,471.05,275,,29000,weekly,2020-12-3T21:00:00.000,options,put
197,1605772260000,471.05,474.05,467.8,474.05,175,,29000,weekly,2020-12-3T21:00:00.000,options,put
198,1605772320000,474.05,474.05,471.75,472.0,75,,29000,weekly,2020-12-3T21:00:00.000,options,put
199,1605772440000,472.0,498.0,472.0,493.55,350,,29000,weekly,2020-12-3T21:00:00.000,options,put
200,1605772500000,493.55,503.35,493.55,497.7,350,,29000,weekly,2020-12-3T21:00:00.000,options,put
201,1605772560000,497.7,502.85,496.0,499.7,225,,29000,weekly,2020-12-3T21:00:00.000,options,put
202,1605772620000,499.7,516.95,499.7,507.1,1075,,29000,weekly,2020-12-3T21:00:00.000,options,put
203,1605772680000,507.1,514.9,506.7,511.2,175,,29000,weekly,2020-12-3T21:00:00.000,options,put
204,1605772740000,511.2,514.85,502.15,502.15,100,,29000,weekly,2020-12-3T21:00:00.000,options,put
205,1605772800000,502.15,502.8,500.0,502.8,100,,29000,weekly,2020-12-3T21:00:00.000,options,put
206,1605772860000,502.8,506.65,502.8,506.0,375,,29000,weekly,2020-12-3T21:00:00.000,options,put
207,1605772920000,506.0,513.15,506.0,513.15,275,,29000,weekly,2020-12-3T21:00:00.000,options,put
208,1605772980000,513.15,530.0,509.5,526.05,500,,29000,weekly,2020-12-3T21:00:00.000,options,put
209,1605773040000,526.05,541.85,526.05,541.85,325,,29000,weekly,2020-12-3T21:00:00.000,options,put
210,1605773100000,541.85,550.0,534.8,550.0,350,,29000,weekly,2020-12-3T21:00:00.000,options,put
211,1605773160000,551.7,559.0,551.7,559.0,75,,29000,weekly,2020-12-3T21:00:00.000,options,put
212,1605773220000,559.0,559.0,539.4,544.9,175,,29000,weekly,2020-12-3T21:00:00.000,options,put
213,1605773280000,544.9,544.9,539.5,542.8,100,,29000,weekly,2020-12-3T21:00:00.000,options,put
214,1605773340000,542.8,547.25,542.8,545.3,125,,29000,weekly,2020-12-3T21:00:00.000,options,put
215,1605773400000,545.3,548.85,545.3,548.85,25,,29000,weekly,2020-12-3T21:00:00.000,options,put
216,1605773460000,548.85,548.85,527.65,527.65,200,,29000,weekly,2020-12-3T21:00:00.000,options,put
217,1605773520000,527.65,535.0,527.65,530.0,200,,29000,weekly,2020-12-3T21:00:00.000,options,put
218,1605773640000,530.0,542.45,530.0,542.45,150,,29000,weekly,2020-12-3T21:00:00.000,options,put
219,1605773700000,542.45,553.2,542.45,553.2,25,,29000,weekly,2020-12-3T21:00:00.000,options,put
220,1605773760000,553.25,555.85,548.85,555.85,100,,29000,weekly,2020-12-3T21:00:00.000,options,put
221,1605773820000,555.85,575.0,555.85,574.85,525,,29000,weekly,2020-12-3T21:00:00.000,options,put
222,1605773880000,574.85,586.4,570.55,586.4,275,,29000,weekly,2020-12-3T21:00:00.000,options,put
223,1605773940000,586.4,590.0,578.4,590.0,525,,29000,weekly,2020-12-3T21:00:00.000,options,put
224,1605774000000,593.75,599.0,593.75,599.0,525,,29000,weekly,2020-12-3T21:00:00.000,options,put
225,1605774060000,599.0,602.0,579.3,594.85,375,,29000,weekly,2020-12-3T21:00:00.000,options,put
226,1605774120000,594.85,594.85,580.0,587.4,100,,29000,weekly,2020-12-3T21:00:00.000,options,put
227,1605774180000,587.4,587.4,579.35,579.35,125,,29000,weekly,2020-12-3T21:00:00.000,options,put
228,1605774240000,579.35,589.15,575.0,575.0,100,,29000,weekly,2020-12-3T21:00:00.000,options,put
229,1605774360000,575.0,585.4,575.0,585.4,50,,29000,weekly,2020-12-3T21:00:00.000,options,put
230,1605774420000,585.4,587.65,585.0,585.35,75,,29000,weekly,2020-12-3T21:00:00.000,options,put
231,1605774480000,585.35,585.35,571.5,571.5,50,,29000,weekly,2020-12-3T21:00:00.000,options,put
232,1605774540000,571.5,580.55,571.5,580.55,50,,29000,weekly,2020-12-3T21:00:00.000,options,put
233,1605774600000,580.55,580.55,580.55,580.55,50,,29000,weekly,2020-12-3T21:00:00.000,options,put
234,1605774660000,580.55,580.55,576.5,576.5,25,,29000,weekly,2020-12-3T21:00:00.000,options,put
235,1605774720000,576.5,576.5,570.5,570.5,25,,29000,weekly,2020-12-3T21:00:00.000,options,put
236,1605774780000,570.5,570.5,563.4,563.4,50,,29000,weekly,2020-12-3T21:00:00.000,options,put
237,1605774840000,563.4,588.0,563.4,588.0,350,,29000,weekly,2020-12-3T21:00:00.000,options,put
238,1605774900000,588.0,588.0,588.0,588.0,25,,29000,weekly,2020-12-3T21:00:00.000,options,put
239,1605774960000,588.0,614.95,588.0,614.95,425,,29000,weekly,2020-12-3T21:00:00.000,options,put
240,1605775020000,614.95,621.55,610.65,610.65,300,,29000,weekly,2020-12-3T21:00:00.000,options,put
241,1605775080000,610.65,620.0,610.65,620.0,125,,29000,weekly,2020-12-3T21:00:00.000,options,put
242,1605775140000,620.0,620.0,612.75,612.8,325,,29000,weekly,2020-12-3T21:00:00.000,options,put
243,1605775200000,612.8,628.25,612.8,628.25,100,,29000,weekly,2020-12-3T21:00:00.000,options,put
244,1605775260000,632.0,647.7,628.25,628.4,275,,29000,weekly,2020-12-3T21:00:00.000,options,put
245,1605775320000,628.4,637.55,628.4,629.35,300,,29000,weekly,2020-12-3T21:00:00.000,options,put
246,1605775380000,629.35,632.05,622.75,625.15,250,,29000,weekly,2020-12-3T21:00:00.000,options,put
247,1605775440000,625.15,636.45,625.15,636.45,150,,29000,weekly,2020-12-3T21:00:00.000,options,put
248,1605775500000,636.45,650.3,636.45,645.0,675,,29000,weekly,2020-12-3T21:00:00.000,options,put
249,1605775560000,645.0,650.45,645.0,645.0,150,,29000,weekly,2020-12-3T21:00:00.000,options,put
250,1605775620000,645.0,681.8,645.0,681.8,100,,29000,weekly,2020-12-3T21:00:00.000,options,put
251,1605775680000,681.8,690.85,669.95,690.0,450,,29000,weekly,2020-12-3T21:00:00.000,options,put
252,1605775740000,696.4,732.1,690.0,710.45,1350,,29000,weekly,2020-12-3T21:00:00.000,options,put
253,1605775800000,711.25,711.25,684.9,684.9,125,,29000,weekly,2020-12-3T21:00:00.000,options,put
254,1605775860000,684.9,695.45,684.9,691.05,200,,29000,weekly,2020-12-3T21:00:00.000,options,put
255,1605775920000,691.05,691.05,661.55,670.05,1600,,29000,weekly,2020-12-3T21:00:00.000,options,put
256,1605775980000,670.05,675.7,669.1,675.7,175,,29000,weekly,2020-12-3T21:00:00.000,options,put
257,1605776040000,675.7,699.3,675.7,695.3,125,,29000,weekly,2020-12-3T21:00:00.000,options,put
258,1605776100000,695.3,697.35,686.55,687.7,350,,29000,weekly,2020-12-3T21:00:00.000,options,put
259,1605776160000,687.7,691.15,681.05,690.0,425,,29000,weekly,2020-12-3T21:00:00.000,options,put
260,1605776220000,690.0,711.3,690.0,711.3,500,,29000,weekly,2020-12-3T21:00:00.000,options,put
261,1605776280000,711.3,745.0,711.3,730.1,825,,29000,weekly,2020-12-3T21:00:00.000,options,put
262,1605776340000,730.1,750.0,730.1,745.6,2175,,29000,weekly,2020-12-3T21:00:00.000,options,put
263,1605776400000,745.6,745.6,718.25,726.4,325,,29000,weekly,2020-12-3T21:00:00.000,options,put
264,1605776460000,726.4,726.4,703.55,703.55,900,,29000,weekly,2020-12-3T21:00:00.000,options,put
265,1605776520000,686.6,705.1,686.6,699.55,825,,29000,weekly,2020-12-3T21:00:00.000,options,put
266,1605776580000,699.55,699.55,671.0,685.0,150,,29000,weekly,2020-12-3T21:00:00.000,options,put
267,1605776640000,685.0,715.65,679.7,705.3,275,,29000,weekly,2020-12-3T21:00:00.000,options,put
268,1605776700000,705.3,705.3,677.9,677.9,50,,29000,weekly,2020-12-3T21:00:00.000,options,put
269,1605776760000,677.9,695.95,677.9,695.3,125,,29000,weekly,2020-12-3T21:00:00.000,options,put
270,1605776820000,695.3,695.3,680.0,680.25,600,,29000,weekly,2020-12-3T21:00:00.000,options,put
271,1605776880000,680.25,680.25,657.75,657.75,400,,29000,weekly,2020-12-3T21:00:00.000,options,put
272,1605776940000,657.75,666.35,640.0,640.0,325,,29000,weekly,2020-12-3T21:00:00.000,options,put
273,1605777000000,640.0,643.6,621.05,634.25,375,,29000,weekly,2020-12-3T21:00:00.000,options,put
274,1605777060000,634.25,652.95,634.25,649.9,375,,29000,weekly,2020-12-3T21:00:00.000,options,put
275,1605777120000,649.9,650.0,646.05,646.15,250,,29000,weekly,2020-12-3T21:00:00.000,options,put
276,1605777180000,646.15,646.55,628.0,628.0,275,,29000,weekly,2020-12-3T21:00:00.000,options,put
277,1605777240000,628.0,636.75,606.4,621.2,1000,,29000,weekly,2020-12-3T21:00:00.000,options,put
278,1605777300000,621.2,643.95,609.9,632.55,600,,29000,weekly,2020-12-3T21:00:00.000,options,put
279,1605777360000,632.55,652.65,632.55,652.65,250,,29000,weekly,2020-12-3T21:00:00.000,options,put
280,1605777420000,652.65,652.65,628.15,628.15,75,,29000,weekly,2020-12-3T21:00:00.000,options,put
281,1605777480000,628.15,629.05,628.15,629.05,50,,29000,weekly,2020-12-3T21:00:00.000,options,put
282,1605777540000,629.05,640.3,629.05,640.3,100,,29000,weekly,2020-12-3T21:00:00.000,options,put
283,1605777600000,640.3,665.3,640.3,665.3,150,,29000,weekly,2020-12-3T21:00:00.000,options,put
284,1605777660000,665.3,669.35,657.8,667.55,1075,,29000,weekly,2020-12-3T21:00:00.000,options,put
285,1605777720000,667.55,667.55,660.0,660.0,200,,29000,weekly,2020-12-3T21:00:00.000,options,put
286,1605777780000,660.0,663.7,660.0,663.7,500,,29000,weekly,2020-12-3T21:00:00.000,options,put
287,1605777840000,663.7,666.5,663.7,666.5,25,,29000,weekly,2020-12-3T21:00:00.000,options,put
288,1605777900000,666.5,678.0,666.5,678.0,75,,29000,weekly,2020-12-3T21:00:00.000,options,put
289,1605777960000,678.0,678.0,676.0,676.0,25,,29000,weekly,2020-12-3T21:00:00.000,options,put
290,1605778020000,676.0,696.95,675.0,692.5,775,,29000,weekly,2020-12-3T21:00:00.000,options,put
291,1605778080000,692.5,697.25,660.0,664.45,575,,29000,weekly,2020-12-3T21:00:00.000,options,put
292,1605778140000,664.45,664.45,650.0,650.0,175,,29000,weekly,2020-12-3T21:00:00.000,options,put
293,1605778200000,650.0,663.3,650.0,663.3,50,,29000,weekly,2020-12-3T21:00:00.000,options,put
294,1605778260000,663.3,665.9,658.95,665.85,375,,29000,weekly,2020-12-3T21:00:00.000,options,put
295,1605778320000,665.85,690.95,662.0,690.95,675,,29000,weekly,2020-12-3T21:00:00.000,options,put
296,1605778380000,690.95,695.95,678.95,691.0,375,,29000,weekly,2020-12-3T21:00:00.000,options,put
297,1605778440000,691.0,705.4,691.0,700.7,150,,29000,weekly,2020-12-3T21:00:00.000,options,put
298,1605778500000,700.7,719.9,692.65,710.0,625,,29000,weekly,2020-12-3T21:00:00.000,options,put
299,1605778560000,716.1,724.9,702.9,702.9,750,,29000,weekly,2020-12-3T21:00:00.000,options,put
300,1605778620000,702.9,702.9,700.0,700.0,400,,29000,weekly,2020-12-3T21:00:00.000,options,put
301,1605778680000,700.0,719.0,700.0,711.15,125,,29000,weekly,2020-12-3T21:00:00.000,options,put
302,1605778740000,711.15,724.95,711.15,715.9,175,,29000,weekly,2020-12-3T21:00:00.000,options,put
303,1605778800000,715.9,730.2,715.9,724.8,125,,29000,weekly,2020-12-3T21:00:00.000,options,put
304,1605778860000,724.8,733.5,724.8,729.95,125,,29000,weekly,2020-12-3T21:00:00.000,options,put
305,1605778920000,729.95,729.95,712.9,712.9,225,,29000,weekly,2020-12-3T21:00:00.000,options,put
306,1605778980000,712.9,713.9,703.5,710.0,375,,29000,weekly,2020-12-3T21:00:00.000,options,put
307,1605779040000,710.0,712.05,710.0,712.05,75,,29000,weekly,2020-12-3T21:00:00.000,options,put
308,1605779100000,712.05,726.3,712.05,721.0,150,,29000,weekly,2020-12-3T21:00:00.000,options,put
309,1605779160000,721.0,721.0,719.2,719.2,50,,29000,weekly,2020-12-3T21:00:00.000,options,put
310,1605779220000,719.2,721.85,719.2,721.85,25,,29000,weekly,2020-12-3T21:00:00.000,options,put
311,1605779280000,721.85,727.15,719.9,720.0,425,,29000,weekly,2020-12-3T21:00:00.000,options,put
312,1605779340000,719.8,721.3,716.95,721.3,375,,29000,weekly,2020-12-3T21:00:00.000,options,put
313,1605779400000,721.3,723.05,721.3,723.05,25,,29000,weekly,2020-12-3T21:00:00.000,options,put
314,1605779460000,723.05,723.05,717.65,721.0,250,,29000,weekly,2020-12-3T21:00:00.000,options,put
315,1605779520000,718.0,726.5,717.65,726.5,225,,29000,weekly,2020-12-3T21:00:00.000,options,put
316,1605779580000,727.0,727.0,720.35,726.75,125,,29000,weekly,2020-12-3T21:00:00.000,options,put
317,1605779640000,726.75,728.0,720.25,728.0,100,,29000,weekly,2020-12-3T21:00:00.000,options,put
318,1605779700000,728.0,728.0,721.7,728.0,275,,29000,weekly,2020-12-3T21:00:00.000,options,put
319,1605779760000,724.55,732.0,722.9,732.0,400,,29000,weekly,2020-12-3T21:00:00.000,options,put
320,1605779820000,732.0,736.6,730.75,736.6,100,,29000,weekly,2020-12-3T21:00:00.000,options,put
321,1605779880000,736.6,753.7,735.0,735.0,800,,29000,weekly,2020-12-3T21:00:00.000,options,put
